888 451 924 529 1
891 369 928 448 1
972 360 1010 445 1
934 450 968 529 1
783 176 815 256 1
880 631 916 708 1
922 633 958 698 1
931 361 968 441 1
1053 361 1085 441 1
1010 369 1048 447 1
1087 458 1123 533 1
1088 363 1125 436 1
1126 367 1161 440 1
1161 371 1199 444 1
1161 458 1201 527 1
693 177 749 256 1
678 668 767 706 1
681 611 768 651 1
897 171 934 251 1
954 182 992 263 1
1016 187 1054 260 1
1072 186 1104 255 1
1178 197 1214 270 1
1234 194 1276 272 1
1233 366 1276 442 1
1197 452 1238 529 1
1008 456 1045 534 1
970 447 1007 528 1
1045 450 1083 530 1
1238 458 1278 527 1
963 632 1000 708 1
1002 633 1036 698 1
1038 626 1076 706 1
1080 624 1118 706 1
1118 632 1156 710 1
1156 628 1195 709 1
1195 626 1237 710 1
1235 634 1274 711 1
1270 638 1279 704 1
841 175 877 261 1
688 322 769 357 1
682 381 761 420 1
689 496 766 533 1
1123 450 1162 531 1
968 712 998 719 1
1006 711 1038 719 1
1163 712 1193 719 1
