721 127 758 208 1
721 223 756 303 1
711 357 749 432 1
707 460 738 529 1
707 534 745 610 1
491 380 571 418 1
510 426 582 464 1
510 467 586 504 1
498 508 575 543 1
494 546 563 587 1
485 588 559 627 1
492 630 564 665 1
512 673 572 704 1
501 706 570 719 1
411 326 487 364 1
293 179 377 218 1
183 210 260 259 1
187 252 264 303 1
183 298 257 350 1
166 337 250 392 1
174 388 249 440 1
165 434 247 483 1
174 484 245 531 1
166 526 251 577 1
160 571 242 625 1
167 616 245 672 1
163 661 241 715 1
322 663 395 710 1
325 545 401 590 1
286 509 369 549 1
340 459 409 504 1
340 412 417 457 1
