0 0.259765625 0.2902777777777778 0.03515625 0.06666666666666667
0 0.50625 0.28680555555555554 0.025 0.05416666666666667
0 0.61796875 0.2826388888888889 0.025 0.059722222222222225
0 0.673046875 0.28125 0.02734375 0.05416666666666667
0 0.701171875 0.27847222222222223 0.02734375 0.05138888888888889
0 0.78671875 0.27708333333333335 0.03125 0.05416666666666667
0 0.81640625 0.2743055555555556 0.0359375 0.0625
0 0.223046875 0.3993055555555556 0.04140625 0.0625
0 0.350390625 0.40208333333333335 0.03515625 0.05694444444444444
0 0.465234375 0.39652777777777776 0.03515625 0.0625
0 0.521875 0.39652777777777776 0.03125 0.059722222222222225
0 0.67890625 0.39375 0.03125 0.07361111111111111
0 0.7734375 0.39166666666666666 0.0375 0.075
0 0.806640625 0.3909722222222222 0.03359375 0.07083333333333333
0 0.232421875 0.4597222222222222 0.03984375 0.08333333333333333
0 0.291015625 0.4652777777777778 0.03671875 0.08055555555555556
0 0.335546875 0.46875 0.03046875 0.08472222222222223
0 0.39453125 0.46805555555555556 0.0375 0.07777777777777778
0 0.456640625 0.46805555555555556 0.03046875 0.075
0 0.55234375 0.46597222222222223 0.0265625 0.07083333333333333
0 0.582421875 0.4673611111111111 0.03203125 0.07083333333333333
0 0.71171875 0.4652777777777778 0.0359375 0.06666666666666667
0 0.74609375 0.46597222222222223 0.0328125 0.07361111111111111
0 0.77890625 0.46319444444444446 0.0390625 0.07361111111111111
0 0.187109375 0.61875 0.04453125 0.07916666666666666
0 0.219140625 0.6166666666666667 0.04140625 0.07777777777777778
0 0.2515625 0.6222222222222222 0.0421875 0.075
0 0.30234375 0.61875 0.0390625 0.07083333333333333
0 0.33671875 0.6166666666666667 0.040625 0.07777777777777778
0 0.37265625 0.6201388888888889 0.0484375 0.08472222222222223
0 0.405078125 0.6201388888888889 0.04140625 0.07916666666666666
0 0.438671875 0.6236111111111111 0.04140625 0.08055555555555556
0 0.47109375 0.6222222222222222 0.0359375 0.08055555555555556
0 0.6140625 0.6201388888888889 0.0359375 0.08194444444444444
0 0.651953125 0.6256944444444444 0.03671875 0.08194444444444444
0 0.689453125 0.6277777777777778 0.04140625 0.08333333333333333
0 0.7640625 0.625 0.040625 0.08888888888888889
0 0.801171875 0.6277777777777778 0.04453125 0.09166666666666666
0 0.837109375 0.6236111111111111 0.04140625 0.08888888888888889
0 0.1375 0.7388888888888889 0.0546875 0.08611111111111111
0 0.25703125 0.7368055555555556 0.053125 0.0875
0 0.9390625 0.40625 0.0359375 0.07361111111111111
0 0.956640625 0.4798611111111111 0.03515625 0.07361111111111111
0 0.978515625 0.5722222222222222 0.03671875 0.10277777777777777
0 0.89375 0.7319444444444444 0.08125 0.05555555555555555
0 0.722265625 0.7298611111111111 0.03515625 0.09861111111111111
0 0.778515625 0.7298611111111111 0.03359375 0.08194444444444444
0 0.59609375 0.7291666666666666 0.03125 0.09722222222222222
0 0.446875 0.94375 0.0234375 0.07916666666666666
0 0.30625 0.9402777777777778 0.0296875 0.09166666666666666
0 0.250390625 0.9395833333333333 0.03515625 0.09305555555555556
0 0.16484375 0.9326388888888889 0.0375 0.09027777777777778
0 0.098046875 0.6173611111111111 0.03515625 0.08472222222222223
0 0.0640625 0.6166666666666667 0.0453125 0.075
0 0.033203125 0.6118055555555556 0.04921875 0.08194444444444444
0 0.03203125 0.5368055555555555 0.05625 0.05416666666666667
0 0.144921875 0.4618055555555556 0.03828125 0.05416666666666667
0 0.137890625 0.40069444444444446 0.03828125 0.0625
0 0.088671875 0.40902777777777777 0.03828125 0.0625
0 0.060546875 0.4041666666666667 0.03359375 0.06388888888888888
0 0.0171875 0.4625 0.0328125 0.07222222222222222
0 0.48125 0.23680555555555555 0.025 0.05694444444444444
0 0.535546875 0.23680555555555555 0.02421875 0.04861111111111111
0 0.666796875 0.23194444444444445 0.02734375 0.05277777777777778
0 0.720703125 0.2298611111111111 0.02265625 0.05416666666666667
0 0.68984375 0.14027777777777778 0.021875 0.05277777777777778
0 0.6640625 0.10486111111111111 0.021875 0.04583333333333333
0 0.6140625 0.10416666666666667 0.025 0.05555555555555555
0 0.5453125 0.10833333333333334 0.025 0.04722222222222222
0 0.49375 0.15 0.0234375 0.05277777777777778
0 0.498046875 0.10833333333333334 0.02421875 0.05
0 0.47421875 0.11458333333333333 0.0234375 0.05138888888888889
0 0.425 0.15138888888888888 0.025 0.05
0 0.433203125 0.24097222222222223 0.02421875 0.04861111111111111
0 0.346484375 0.24097222222222223 0.02890625 0.05416666666666667
0 0.296875 0.23819444444444443 0.0296875 0.05416666666666667
0 0.2078125 0.2951388888888889 0.0296875 0.05138888888888889
0 0.1828125 0.29375 0.0328125 0.05694444444444444
0 0.15859375 0.29305555555555557 0.034375 0.058333333333333334
0 0.11171875 0.29375 0.034375 0.05416666666666667
0 0.0875 0.2972222222222222 0.0328125 0.058333333333333334
0 0.019921875 0.2972222222222222 0.03515625 0.058333333333333334
0 0.04375 0.25069444444444444 0.034375 0.04583333333333333
0 0.1328125 0.24513888888888888 0.0296875 0.04861111111111111
0 0.04765625 0.10972222222222222 0.0359375 0.027777777777777776
0 0.056640625 0.08888888888888889 0.03515625 0.027777777777777776
0 0.0890625 0.04027777777777778 0.0359375 0.022222222222222223
0 0.0984375 0.021527777777777778 0.034375 0.029166666666666667
0 0.0875 0.1638888888888889 0.028125 0.041666666666666664
0 0.107421875 0.16597222222222222 0.02578125 0.04861111111111111
0 0.128515625 0.1625 0.02734375 0.041666666666666664
0 0.191015625 0.15833333333333333 0.03671875 0.05555555555555555
0 0.233203125 0.15625 0.02578125 0.04583333333333333
0 0.255859375 0.15555555555555556 0.02734375 0.05
0 0.298046875 0.15138888888888888 0.03046875 0.05
0 0.3421875 0.15902777777777777 0.0296875 0.04861111111111111
0 0.32734375 0.11666666666666667 0.025 0.05
0 0.353125 0.11805555555555555 0.0265625 0.044444444444444446
0 0.248828125 0.11597222222222223 0.02578125 0.043055555555555555
0 0.18515625 0.1284722222222222 0.028125 0.04027777777777778
0 0.10546875 0.12986111111111112 0.0296875 0.034722222222222224
0 0.13984375 0.06458333333333334 0.0265625 0.04583333333333333
0 0.17578125 0.030555555555555555 0.025 0.05
0 0.233984375 0.05486111111111111 0.02421875 0.043055555555555555
0 0.27265625 0.052083333333333336 0.028125 0.04583333333333333
0 0.3203125 0.01597222222222222 0.0234375 0.029166666666666667
0 0.33359375 0.05 0.021875 0.041666666666666664
0 0.4265625 0.04583333333333333 0.021875 0.044444444444444446
0 0.487109375 0.03888888888888889 0.02578125 0.044444444444444446
0 0.61484375 0.029861111111111113 0.0234375 0.05138888888888889
0 0.63828125 0.029166666666666667 0.01875 0.05
0 0.660546875 0.029861111111111113 0.02109375 0.043055555555555555
0 0.728125 0.029166666666666667 0.021875 0.04722222222222222
0 0.771875 0.027083333333333334 0.0203125 0.04861111111111111
0 0.81953125 0.027777777777777776 0.021875 0.04722222222222222
0 0.9125 0.7895833333333333 0.0765625 0.0625
0 0.930078125 0.8555555555555555 0.07578125 0.06111111111111111
0 0.643359375 0.9506944444444444 0.04453125 0.09583333333333334
0 0.54453125 0.95625 0.040625 0.08472222222222223
0 0.575390625 0.013194444444444444 0.02265625 0.02638888888888889
0 0.862109375 0.01875 0.03046875 0.0375
0 0.841015625 0.0875 0.02421875 0.044444444444444446
0 0.747265625 0.007638888888888889 0.01796875 0.015277777777777777
