0 0.1765625 0.7388888888888889 0.059375 0.08888888888888889
0 0.05703125 0.7263888888888889 0.05625 0.09722222222222222
0 0.134765625 0.7270833333333333 0.04921875 0.09305555555555556
0 0.25546875 0.7291666666666666 0.046875 0.10277777777777777
0 0.428125 0.7340277777777777 0.040625 0.0875
0 0.51015625 0.73125 0.0328125 0.10972222222222222
0 0.5515625 0.7361111111111112 0.0328125 0.08888888888888889
0 0.5953125 0.7347222222222223 0.034375 0.10555555555555556
0 0.726171875 0.7305555555555555 0.02890625 0.1
0 0.21484375 0.91875 0.0296875 0.0875
0 0.253515625 0.94375 0.03203125 0.09027777777777778
0 0.444921875 0.9472222222222222 0.03046875 0.075
0 0.9 0.7263888888888889 0.0734375 0.058333333333333334
0 0.9109375 0.7784722222222222 0.0703125 0.05416666666666667
0 0.884375 0.6375 0.0296875 0.08888888888888889
0 0.846484375 0.6319444444444444 0.03203125 0.10277777777777777
0 0.76875 0.6319444444444444 0.034375 0.09444444444444444
0 0.728125 0.6333333333333333 0.0328125 0.08055555555555556
0 0.68828125 0.6319444444444444 0.034375 0.09722222222222222
0 0.650390625 0.6326388888888889 0.02734375 0.09305555555555556
0 0.612109375 0.6291666666666667 0.02890625 0.09722222222222222
0 0.58046875 0.6243055555555556 0.025 0.08472222222222223
0 0.543359375 0.6194444444444445 0.03046875 0.08888888888888889
0 0.507421875 0.6263888888888889 0.02890625 0.08333333333333333
0 0.47265625 0.6277777777777778 0.034375 0.08333333333333333
0 0.439453125 0.6263888888888889 0.03515625 0.07777777777777778
0 0.404296875 0.6256944444444444 0.03359375 0.0875
0 0.36953125 0.6263888888888889 0.0375 0.08055555555555556
0 0.333203125 0.6229166666666667 0.03515625 0.08194444444444444
0 0.3 0.6208333333333333 0.0375 0.08333333333333333
0 0.25078125 0.6229166666666667 0.0390625 0.0763888888888889
0 0.2140625 0.6236111111111111 0.040625 0.07777777777777778
0 0.18203125 0.6270833333333333 0.046875 0.0875
0 0.149609375 0.6201388888888889 0.04453125 0.07916666666666666
0 0.11796875 0.6229166666666667 0.04375 0.0875
0 0.060546875 0.6173611111111111 0.04921875 0.0875
0 0.81484375 0.4597222222222222 0.0359375 0.06388888888888888
0 0.783203125 0.47291666666666665 0.03515625 0.08194444444444444
0 0.74609375 0.46875 0.03125 0.08194444444444444
0 0.774609375 0.4041666666666667 0.03046875 0.06944444444444445
0 0.8359375 0.38958333333333334 0.034375 0.0763888888888889
0 0.957421875 0.4798611111111111 0.03828125 0.07361111111111111
0 0.943359375 0.40902777777777777 0.03828125 0.07916666666666666
0 0.925390625 0.34652777777777777 0.03515625 0.07083333333333333
0 0.612890625 0.34791666666666665 0.06015625 0.05138888888888889
0 0.49609375 0.39861111111111114 0.0296875 0.06111111111111111
0 0.7109375 0.4625 0.03125 0.08333333333333333
0 0.67578125 0.4638888888888889 0.0265625 0.08333333333333333
0 0.644921875 0.46319444444444446 0.03203125 0.07916666666666666
0 0.61171875 0.46111111111111114 0.028125 0.07777777777777778
0 0.58046875 0.4576388888888889 0.028125 0.08472222222222223
0 0.55078125 0.4652777777777778 0.0265625 0.06666666666666667
0 0.51796875 0.46319444444444446 0.0296875 0.07916666666666666
0 0.487890625 0.46597222222222223 0.02890625 0.06527777777777778
0 0.4546875 0.47291666666666665 0.0296875 0.06805555555555555
0 0.425 0.46597222222222223 0.03125 0.07916666666666666
0 0.3953125 0.4638888888888889 0.0328125 0.07222222222222222
0 0.40703125 0.4013888888888889 0.0265625 0.06388888888888888
0 0.365234375 0.46805555555555556 0.03671875 0.08055555555555556
0 0.380859375 0.4048611111111111 0.02890625 0.05694444444444444
0 0.352734375 0.4027777777777778 0.03203125 0.06111111111111111
0 0.3375 0.4673611111111111 0.0359375 0.07083333333333333
0 0.289453125 0.46597222222222223 0.03828125 0.07361111111111111
0 0.30703125 0.4027777777777778 0.0265625 0.06111111111111111
0 0.277734375 0.3993055555555556 0.03046875 0.0625
0 0.25 0.4027777777777778 0.0328125 0.05277777777777778
0 0.25859375 0.4638888888888889 0.03125 0.06944444444444445
0 0.230859375 0.4652777777777778 0.03828125 0.075
0 0.20234375 0.46597222222222223 0.0375 0.0625
0 0.17421875 0.46458333333333335 0.0375 0.06805555555555555
0 0.144140625 0.46875 0.03828125 0.07361111111111111
0 0.16328125 0.43194444444444446 0.0 0.0
0 0.118359375 0.46458333333333335 0.03984375 0.06805555555555555
0 0.06484375 0.46597222222222223 0.0390625 0.07083333333333333
0 0.01796875 0.46319444444444446 0.0328125 0.0625
0 0.019921875 0.40069444444444446 0.03203125 0.06527777777777778
0 0.14140625 0.4041666666666667 0.040625 0.075
0 0.191796875 0.4027777777777778 0.03515625 0.05555555555555555
0 0.784375 0.22847222222222222 0.025 0.0625
0 0.698046875 0.23125 0.02578125 0.059722222222222225
0 0.730078125 0.2777777777777778 0.02578125 0.06944444444444445
0 0.642578125 0.27708333333333335 0.02265625 0.0625
0 0.64609375 0.2298611111111111 0.01875 0.04861111111111111
0 0.61328125 0.275 0.0265625 0.07777777777777778
0 0.5609375 0.2826388888888889 0.0265625 0.06805555555555555
0 0.5109375 0.23333333333333334 0.0265625 0.058333333333333334
0 0.48515625 0.23194444444444445 0.025 0.05555555555555555
0 0.480078125 0.2847222222222222 0.02734375 0.058333333333333334
0 0.45390625 0.2861111111111111 0.0265625 0.06388888888888888
0 0.429296875 0.28888888888888886 0.02578125 0.058333333333333334
0 0.403125 0.28958333333333336 0.03125 0.05694444444444444
0 0.373828125 0.2916666666666667 0.02890625 0.06388888888888888
0 0.3828125 0.23958333333333334 0.0296875 0.05416666666666667
0 0.3375 0.2902777777777778 0.028125 0.06666666666666667
0 0.30546875 0.29583333333333334 0.034375 0.06388888888888888
0 0.257421875 0.2861111111111111 0.03671875 0.06388888888888888
0 0.1875 0.2923611111111111 0.0328125 0.059722222222222225
0 0.15703125 0.2951388888888889 0.034375 0.05694444444444444
0 0.13359375 0.2951388888888889 0.0359375 0.0625
0 0.199609375 0.24375 0.03359375 0.05138888888888889
0 0.065625 0.2951388888888889 0.0359375 0.0625
0 0.108203125 0.25 0.03515625 0.05555555555555555
0 0.086328125 0.24722222222222223 0.02578125 0.04722222222222222
0 0.059375 0.2513888888888889 0.0328125 0.05
0 0.023046875 0.24861111111111112 0.03203125 0.05
0 0.018359375 0.29791666666666666 0.03359375 0.05694444444444444
0 0.019140625 0.16041666666666668 0.03671875 0.034722222222222224
0 0.0359375 0.12222222222222222 0.0421875 0.03333333333333333
0 0.044140625 0.10833333333333334 0.03828125 0.027777777777777776
0 0.05625 0.09027777777777778 0.0359375 0.025
0 0.066796875 0.07430555555555556 0.03515625 0.029166666666666667
0 0.08359375 0.049305555555555554 0.0375 0.02638888888888889
0 0.0984375 0.022222222222222223 0.034375 0.027777777777777776
0 0.0828125 0.1701388888888889 0.0296875 0.04027777777777778
0 0.100390625 0.13125 0.02890625 0.043055555555555555
0 0.123046875 0.13194444444444445 0.02734375 0.041666666666666664
0 0.163671875 0.09583333333333334 0.04296875 0.03888888888888889
0 0.165234375 0.12638888888888888 0.02890625 0.041666666666666664
0 0.205078125 0.12222222222222222 0.02890625 0.04722222222222222
0 0.289453125 0.12013888888888889 0.02734375 0.05138888888888889
0 0.35078125 0.11736111111111111 0.0296875 0.05138888888888889
0 0.36875 0.15416666666666667 0.028125 0.05
0 0.37890625 0.11319444444444444 0.025 0.04027777777777778
0 0.402734375 0.15208333333333332 0.02109375 0.05416666666666667
0 0.428125 0.15 0.021875 0.04722222222222222
0 0.5234375 0.10972222222222222 0.021875 0.04722222222222222
0 0.5484375 0.10694444444444444 0.021875 0.041666666666666664
0 0.5953125 0.03194444444444444 0.021875 0.04722222222222222
0 0.50859375 0.03680555555555556 0.021875 0.05138888888888889
0 0.488671875 0.03888888888888889 0.02109375 0.04722222222222222
0 0.4671875 0.03958333333333333 0.0234375 0.043055555555555555
0 0.423828125 0.049305555555555554 0.02265625 0.05138888888888889
0 0.39453125 0.04861111111111111 0.01875 0.03888888888888889
0 0.4046875 0.01875 0.0203125 0.034722222222222224
0 0.38125 0.018055555555555554 0.021875 0.03333333333333333
0 0.361328125 0.016666666666666666 0.01796875 0.027777777777777776
0 0.34140625 0.017361111111111112 0.0203125 0.03194444444444444
0 0.320703125 0.019444444444444445 0.01953125 0.03333333333333333
0 0.284765625 0.02013888888888889 0.02578125 0.034722222222222224
0 0.247265625 0.02013888888888889 0.02421875 0.03194444444444444
0 0.210546875 0.025 0.02265625 0.03888888888888889
0 0.191796875 0.025 0.02265625 0.027777777777777776
0 0.171875 0.02847222222222222 0.0203125 0.0375
0 0.152734375 0.03263888888888889 0.02578125 0.03194444444444444
0 0.137890625 0.06180555555555556 0.02265625 0.04027777777777778
0 0.1609375 0.05694444444444444 0.0234375 0.044444444444444446
0 0.1796875 0.05347222222222222 0.0234375 0.03194444444444444
0 0.212890625 0.05347222222222222 0.02265625 0.04583333333333333
0 0.233984375 0.05138888888888889 0.02265625 0.03333333333333333
0 0.272265625 0.05138888888888889 0.02578125 0.03333333333333333
0 0.310546875 0.05694444444444444 0.02109375 0.041666666666666664
0 0.33515625 0.049305555555555554 0.0171875 0.04027777777777778
0 0.3546875 0.04652777777777778 0.0203125 0.04027777777777778
0 0.699609375 0.9631944444444445 0.03203125 0.07083333333333333
0 0.9546875 0.9576388888888889 0.065625 0.08194444444444444
0 0.93359375 0.8625 0.075 0.06111111111111111
0 0.9875 0.6423611111111112 0.0234375 0.0875
0 0.651953125 0.9590277777777778 0.03828125 0.07916666666666666
0 0.787890625 0.9583333333333334 0.04296875 0.08055555555555556
0 0.703515625 0.010416666666666666 0.02265625 0.020833333333333332
0 0.0125 0.6125 0.025 0.08333333333333333
