0 0.336328125 0.46319444444444446 0.03359375 0.07361111111111111
0 0.2859375 0.4638888888888889 0.0359375 0.075
0 0.303515625 0.6194444444444445 0.03671875 0.08055555555555556
0 0.54375 0.6243055555555556 0.0296875 0.07361111111111111
0 0.874609375 0.6340277777777777 0.04296875 0.10416666666666667
0 0.903515625 0.7333333333333333 0.06640625 0.06666666666666667
0 0.42890625 0.044444444444444446 0.0234375 0.041666666666666664
0 0.43046875 0.013194444444444444 0.021875 0.02638888888888889
0 0.514453125 0.013888888888888888 0.02109375 0.027777777777777776
0 0.17578125 0.029166666666666667 0.025 0.03611111111111111
0 0.178515625 0.059722222222222225 0.02421875 0.044444444444444446
0 0.1421875 0.06527777777777778 0.0265625 0.041666666666666664
0 0.08828125 0.16527777777777777 0.0328125 0.05
