0 0.23515625 0.2881944444444444 0.0359375 0.0625
0 0.259765625 0.2902777777777778 0.03515625 0.06666666666666667
0 0.286328125 0.2902777777777778 0.03359375 0.06666666666666667
0 0.3109375 0.28888888888888886 0.0359375 0.06666666666666667
0 0.336328125 0.29097222222222224 0.03359375 0.0625
0 0.3765625 0.2875 0.0328125 0.06388888888888888
0 0.404296875 0.2881944444444444 0.02734375 0.059722222222222225
0 0.430078125 0.2902777777777778 0.02578125 0.06388888888888888
0 0.4546875 0.2875 0.0265625 0.06388888888888888
0 0.48125 0.28888888888888886 0.028125 0.06111111111111111
0 0.50625 0.28680555555555554 0.025 0.05416666666666667
0 0.5328125 0.28680555555555554 0.0265625 0.05694444444444444
0 0.5609375 0.28194444444444444 0.025 0.05277777777777778
0 0.588671875 0.2826388888888889 0.02890625 0.059722222222222225
0 0.61796875 0.2826388888888889 0.025 0.059722222222222225
0 0.644140625 0.28125 0.02734375 0.05416666666666667
0 0.673046875 0.28125 0.02734375 0.05416666666666667
0 0.701171875 0.27847222222222223 0.02734375 0.05138888888888889
0 0.731640625 0.28055555555555556 0.03046875 0.05555555555555555
0 0.7609375 0.27708333333333335 0.028125 0.0625
0 0.78671875 0.27708333333333335 0.03125 0.05416666666666667
0 0.81640625 0.2743055555555556 0.0359375 0.0625
0 0.19765625 0.40069444444444446 0.0421875 0.059722222222222225
0 0.223046875 0.3993055555555556 0.04140625 0.0625
0 0.249609375 0.4013888888888889 0.03828125 0.06388888888888888
0 0.281640625 0.4013888888888889 0.03984375 0.058333333333333334
0 0.312890625 0.4027777777777778 0.03671875 0.06111111111111111
0 0.350390625 0.40208333333333335 0.03515625 0.05694444444444444
0 0.375390625 0.4013888888888889 0.03515625 0.06111111111111111
0 0.409765625 0.3958333333333333 0.03359375 0.058333333333333334
0 0.436328125 0.39791666666666664 0.03359375 0.05694444444444444
0 0.465234375 0.39652777777777776 0.03515625 0.0625
0 0.495703125 0.3958333333333333 0.03203125 0.06111111111111111
0 0.553125 0.3951388888888889 0.0296875 0.06805555555555555
0 0.58359375 0.39652777777777776 0.0296875 0.059722222222222225
0 0.61328125 0.39305555555555555 0.034375 0.06388888888888888
0 0.647265625 0.3888888888888889 0.03046875 0.07222222222222222
0 0.67890625 0.39375 0.03125 0.07361111111111111
0 0.709375 0.38958333333333334 0.0359375 0.07361111111111111
0 0.741015625 0.39166666666666666 0.03203125 0.06944444444444445
0 0.7734375 0.39166666666666666 0.0375 0.075
0 0.806640625 0.3909722222222222 0.03359375 0.07083333333333333
0 0.839453125 0.39166666666666666 0.03671875 0.06666666666666667
0 0.176171875 0.4618055555555556 0.03671875 0.07916666666666666
0 0.205078125 0.4638888888888889 0.04453125 0.08055555555555556
0 0.232421875 0.4597222222222222 0.03984375 0.08333333333333333
0 0.26015625 0.4673611111111111 0.040625 0.07916666666666666
0 0.291015625 0.4652777777777778 0.03671875 0.08055555555555556
0 0.335546875 0.46875 0.03046875 0.08472222222222223
0 0.3671875 0.4666666666666667 0.0421875 0.08333333333333333
0 0.39453125 0.46805555555555556 0.0375 0.07777777777777778
0 0.42734375 0.4638888888888889 0.0375 0.08333333333333333
0 0.456640625 0.46805555555555556 0.03046875 0.075
0 0.48984375 0.46805555555555556 0.0328125 0.075
0 0.51875 0.46875 0.0328125 0.07083333333333333
0 0.55234375 0.46597222222222223 0.0265625 0.07083333333333333
0 0.582421875 0.4673611111111111 0.03203125 0.07083333333333333
0 0.613671875 0.4666666666666667 0.02890625 0.07222222222222222
0 0.646875 0.4638888888888889 0.03125 0.07222222222222222
0 0.68046875 0.4673611111111111 0.03125 0.07083333333333333
0 0.71171875 0.4652777777777778 0.0359375 0.06666666666666667
0 0.74609375 0.46597222222222223 0.0328125 0.07361111111111111
0 0.77890625 0.46319444444444446 0.0390625 0.07361111111111111
0 0.812109375 0.46597222222222223 0.03515625 0.06805555555555555
0 0.8484375 0.4597222222222222 0.0421875 0.075
0 0.121875 0.6152777777777778 0.0453125 0.08333333333333333
0 0.1515625 0.6180555555555556 0.0453125 0.07777777777777778
0 0.187109375 0.61875 0.04453125 0.07916666666666666
0 0.219140625 0.6166666666666667 0.04140625 0.07777777777777778
0 0.2515625 0.6222222222222222 0.0421875 0.075
0 0.30234375 0.61875 0.0390625 0.07083333333333333
0 0.33671875 0.6166666666666667 0.040625 0.07777777777777778
0 0.37265625 0.6201388888888889 0.0484375 0.08472222222222223
0 0.405078125 0.6201388888888889 0.04140625 0.07916666666666666
0 0.438671875 0.6236111111111111 0.04140625 0.08055555555555556
0 0.47109375 0.6222222222222222 0.0359375 0.08055555555555556
0 0.506640625 0.6243055555555556 0.03671875 0.0875
0 0.54140625 0.6208333333333333 0.0375 0.07777777777777778
0 0.57890625 0.6222222222222222 0.0359375 0.08611111111111111
0 0.6140625 0.6201388888888889 0.0359375 0.08194444444444444
0 0.651953125 0.6256944444444444 0.03671875 0.08194444444444444
0 0.689453125 0.6277777777777778 0.04140625 0.08333333333333333
0 0.7265625 0.6256944444444444 0.0421875 0.08194444444444444
0 0.7640625 0.625 0.040625 0.08888888888888889
0 0.801171875 0.6277777777777778 0.04453125 0.09166666666666666
0 0.837109375 0.6236111111111111 0.04140625 0.08888888888888889
0 0.875 0.6215277777777778 0.0484375 0.0875
0 0.1375 0.7388888888888889 0.0546875 0.08611111111111111
0 0.510546875 0.7479166666666667 0.04609375 0.0875
0 0.55625 0.7319444444444444 0.0296875 0.08611111111111111
0 0.596875 0.7340277777777777 0.034375 0.10972222222222222
0 0.73046875 0.73125 0.0375 0.10972222222222222
0 0.5015625 0.9576388888888889 0.04375 0.08194444444444444
0 0.5421875 0.9576388888888889 0.0328125 0.08194444444444444
0 0.164453125 0.9416666666666667 0.05078125 0.08611111111111111
0 0.91484375 0.8013888888888889 0.078125 0.06111111111111111
0 0.92578125 0.8611111111111112 0.078125 0.06388888888888888
0 0.94921875 0.9506944444444444 0.06875 0.09583333333333334
0 0.9828125 0.6083333333333333 0.0328125 0.08888888888888889
0 0.963671875 0.5104166666666666 0.04140625 0.08194444444444444
0 0.9421875 0.425 0.0390625 0.07222222222222222
0 0.921484375 0.34930555555555554 0.03359375 0.05694444444444444
0 0.90546875 0.29583333333333334 0.034375 0.058333333333333334
0 0.0953125 0.6152777777777778 0.04375 0.07777777777777778
0 0.0640625 0.6138888888888889 0.04375 0.08611111111111111
0 0.03515625 0.6111111111111112 0.040625 0.08888888888888889
0 0.015234375 0.6076388888888888 0.03046875 0.08472222222222223
0 0.15078125 0.4652777777777778 0.0390625 0.06944444444444445
0 0.59140625 0.33402777777777776 0.0484375 0.043055555555555555
0 0.430078125 0.33611111111111114 0.04453125 0.041666666666666664
0 0.171484375 0.40625 0.03359375 0.05416666666666667
0 0.14375 0.40347222222222223 0.03125 0.05416666666666667
0 0.11796875 0.39861111111111114 0.040625 0.06111111111111111
0 0.120703125 0.4625 0.03671875 0.06944444444444445
0 0.09375 0.46319444444444446 0.0359375 0.07083333333333333
0 0.0703125 0.4625 0.040625 0.07777777777777778
0 0.0421875 0.46319444444444446 0.0421875 0.07361111111111111
0 0.018359375 0.4618055555555556 0.03671875 0.07083333333333333
0 0.08984375 0.40347222222222223 0.034375 0.05416666666666667
0 0.063671875 0.40069444444444446 0.03515625 0.059722222222222225
0 0.039453125 0.39861111111111114 0.03828125 0.06388888888888888
0 0.01484375 0.4076388888888889 0.0296875 0.05416666666666667
0 0.20859375 0.29583333333333334 0.03125 0.058333333333333334
0 0.18671875 0.2916666666666667 0.028125 0.05277777777777778
0 0.162890625 0.2923611111111111 0.03515625 0.05416666666666667
0 0.137890625 0.2951388888888889 0.03828125 0.06527777777777778
0 0.1125 0.2951388888888889 0.0328125 0.06527777777777778
0 0.09140625 0.2951388888888889 0.0328125 0.05694444444444444
0 0.069140625 0.2972222222222222 0.03203125 0.05555555555555555
0 0.04453125 0.29930555555555555 0.0375 0.0625
0 0.02265625 0.29930555555555555 0.03125 0.04583333333333333
0 0.04140625 0.24930555555555556 0.03125 0.04583333333333333
0 0.066015625 0.24791666666666667 0.03203125 0.043055555555555555
0 0.085546875 0.24791666666666667 0.03671875 0.04583333333333333
0 0.110546875 0.24722222222222223 0.02890625 0.041666666666666664
0 0.130859375 0.24305555555555555 0.03046875 0.03611111111111111
0 0.1546875 0.24513888888888888 0.03125 0.043055555555555555
0 0.177734375 0.23958333333333334 0.02890625 0.05138888888888889
0 0.201171875 0.24375 0.02890625 0.043055555555555555
0 0.225390625 0.24166666666666667 0.03203125 0.05
0 0.2484375 0.23541666666666666 0.0296875 0.04861111111111111
0 0.27265625 0.23958333333333334 0.03125 0.04027777777777778
0 0.3 0.2375 0.028125 0.058333333333333334
0 0.325 0.23819444444444443 0.0265625 0.04027777777777778
0 0.3515625 0.2361111111111111 0.025 0.05555555555555555
0 0.3859375 0.23819444444444443 0.0234375 0.05138888888888889
0 0.412109375 0.23680555555555555 0.02578125 0.04861111111111111
0 0.437109375 0.2375 0.02421875 0.044444444444444446
0 0.46171875 0.2388888888888889 0.025 0.05555555555555555
0 0.487890625 0.23680555555555555 0.02578125 0.05138888888888889
0 0.515234375 0.23125 0.02421875 0.05694444444444444
0 0.537890625 0.23402777777777778 0.02265625 0.05138888888888889
0 0.56328125 0.22847222222222222 0.0234375 0.0625
0 0.590234375 0.22847222222222222 0.02421875 0.0625
0 0.618359375 0.22569444444444445 0.01953125 0.043055555555555555
0 0.643359375 0.22777777777777777 0.02265625 0.04722222222222222
0 0.66953125 0.22569444444444445 0.0234375 0.05416666666666667
0 0.696875 0.22916666666666666 0.021875 0.044444444444444446
0 0.75078125 0.22430555555555556 0.025 0.05138888888888889
0 0.781640625 0.22430555555555556 0.02578125 0.059722222222222225
0 0.8109375 0.225 0.0265625 0.041666666666666664
0 0.79375 0.13472222222222222 0.025 0.058333333333333334
0 0.786328125 0.09027777777777778 0.02421875 0.03611111111111111
0 0.840234375 0.022916666666666665 0.02265625 0.0375
0 0.817578125 0.02361111111111111 0.02421875 0.03888888888888889
0 0.796875 0.022916666666666665 0.025 0.043055555555555555
0 0.7734375 0.022916666666666665 0.01875 0.04583333333333333
0 0.7515625 0.025694444444444443 0.021875 0.05138888888888889
0 0.72578125 0.025 0.01875 0.05
0 0.704296875 0.02847222222222222 0.01953125 0.043055555555555555
0 0.684765625 0.029166666666666667 0.02109375 0.04722222222222222
0 0.66328125 0.03333333333333333 0.021875 0.03888888888888889
0 0.641796875 0.03194444444444444 0.01953125 0.041666666666666664
0 0.620703125 0.03194444444444444 0.01953125 0.044444444444444446
0 0.5984375 0.034722222222222224 0.01875 0.044444444444444446
0 0.5765625 0.035416666666666666 0.0171875 0.04583333333333333
0 0.552734375 0.034722222222222224 0.01796875 0.05
0 0.531640625 0.03680555555555556 0.02109375 0.04583333333333333
0 0.5125 0.03680555555555556 0.01875 0.04583333333333333
0 0.49375 0.04236111111111111 0.01875 0.0375
0 0.471484375 0.04097222222222222 0.02109375 0.043055555555555555
0 0.451171875 0.043055555555555555 0.01953125 0.041666666666666664
0 0.4296875 0.04652777777777778 0.021875 0.04583333333333333
0 0.366796875 0.08263888888888889 0.03984375 0.029166666666666667
0 0.765234375 0.13472222222222222 0.02109375 0.05
0 0.76015625 0.09444444444444444 0.021875 0.03611111111111111
0 0.73515625 0.09305555555555556 0.021875 0.05
0 0.739453125 0.1388888888888889 0.02265625 0.044444444444444446
0 0.712109375 0.09722222222222222 0.02109375 0.03888888888888889
0 0.716015625 0.1361111111111111 0.02265625 0.05
0 0.68828125 0.09861111111111111 0.0234375 0.05
0 0.691796875 0.1423611111111111 0.02265625 0.043055555555555555
0 0.66484375 0.09930555555555555 0.021875 0.043055555555555555
0 0.6671875 0.1423611111111111 0.021875 0.04861111111111111
0 0.641796875 0.10069444444444445 0.02109375 0.04027777777777778
0 0.6421875 0.14444444444444443 0.021875 0.044444444444444446
0 0.616015625 0.10138888888888889 0.02109375 0.03611111111111111
0 0.616796875 0.14375 0.02109375 0.04861111111111111
0 0.59296875 0.10138888888888889 0.0203125 0.044444444444444446
0 0.59375 0.14722222222222223 0.021875 0.05
0 0.56953125 0.10277777777777777 0.01875 0.03611111111111111
0 0.569140625 0.1451388888888889 0.02109375 0.05138888888888889
0 0.546875 0.10555555555555556 0.0203125 0.041666666666666664
0 0.545703125 0.14722222222222223 0.01953125 0.041666666666666664
0 0.52421875 0.10486111111111111 0.01875 0.04583333333333333
0 0.519921875 0.15069444444444444 0.02265625 0.043055555555555555
0 0.501953125 0.10486111111111111 0.02265625 0.034722222222222224
0 0.4984375 0.1486111111111111 0.025 0.05277777777777778
0 0.47890625 0.11041666666666666 0.0203125 0.03194444444444444
0 0.474609375 0.14791666666666667 0.01953125 0.05138888888888889
0 0.45703125 0.1111111111111111 0.0203125 0.03333333333333333
0 0.4546875 0.15138888888888888 0.025 0.05277777777777778
0 0.435546875 0.11527777777777778 0.01953125 0.03611111111111111
0 0.4296875 0.1527777777777778 0.021875 0.05277777777777778
0 0.411328125 0.11736111111111111 0.02421875 0.0375
0 0.40390625 0.15694444444444444 0.025 0.04722222222222222
0 0.380078125 0.11666666666666667 0.02421875 0.03333333333333333
0 0.373828125 0.15416666666666667 0.02734375 0.05
0 0.35859375 0.11875 0.0265625 0.0375
0 0.346875 0.15694444444444444 0.0265625 0.04722222222222222
0 0.338671875 0.1125 0.02421875 0.041666666666666664
0 0.323046875 0.15486111111111112 0.02265625 0.04861111111111111
0 0.3125 0.11458333333333333 0.0265625 0.04583333333333333
0 0.294140625 0.12013888888888889 0.02109375 0.03194444444444444
0 0.301953125 0.15902777777777777 0.02578125 0.04861111111111111
0 0.28125 0.15486111111111112 0.025 0.04583333333333333
0 0.271875 0.11527777777777778 0.0234375 0.03611111111111111
0 0.26015625 0.15416666666666667 0.028125 0.05
0 0.250390625 0.11597222222222223 0.02734375 0.034722222222222224
0 0.23046875 0.12152777777777778 0.025 0.03194444444444444
0 0.208203125 0.12291666666666666 0.02578125 0.04027777777777778
0 0.189453125 0.11875 0.03046875 0.04027777777777778
0 0.166796875 0.12430555555555556 0.03046875 0.04027777777777778
0 0.1453125 0.12777777777777777 0.0296875 0.03333333333333333
0 0.126953125 0.12777777777777777 0.02890625 0.03888888888888889
0 0.10703125 0.13055555555555556 0.028125 0.027777777777777776
0 0.089453125 0.16527777777777777 0.02890625 0.04722222222222222
0 0.1125 0.16666666666666666 0.028125 0.04722222222222222
0 0.130859375 0.16319444444444445 0.02578125 0.0375
0 0.148046875 0.16527777777777777 0.03203125 0.044444444444444446
0 0.169921875 0.15833333333333333 0.02578125 0.041666666666666664
0 0.19296875 0.16041666666666668 0.0296875 0.04583333333333333
0 0.21640625 0.15694444444444444 0.0265625 0.044444444444444446
0 0.2359375 0.15625 0.028125 0.04861111111111111
0 0.008984375 0.19375 0.01796875 0.029166666666666667
0 0.014453125 0.17708333333333334 0.02890625 0.02638888888888889
0 0.021484375 0.1597222222222222 0.03671875 0.030555555555555555
0 0.031640625 0.14375 0.03671875 0.029166666666666667
0 0.03984375 0.12777777777777777 0.0328125 0.025
0 0.051953125 0.11041666666666666 0.03671875 0.029166666666666667
0 0.059375 0.09375 0.0375 0.02361111111111111
0 0.06796875 0.08055555555555556 0.0375 0.022222222222222223
0 0.077734375 0.06597222222222222 0.03359375 0.02361111111111111
0 0.083984375 0.05138888888888889 0.03359375 0.027777777777777776
0 0.09375 0.03611111111111111 0.0359375 0.027777777777777776
0 0.101953125 0.022222222222222223 0.03203125 0.027777777777777776
0 0.108984375 0.010416666666666666 0.02890625 0.020833333333333332
0 0.15703125 0.03125 0.028125 0.02638888888888889
0 0.14375 0.06458333333333334 0.025 0.04027777777777778
0 0.178125 0.030555555555555555 0.021875 0.03333333333333333
0 0.16171875 0.06319444444444444 0.021875 0.0375
0 0.1796875 0.06041666666666667 0.021875 0.043055555555555555
0 0.1953125 0.029166666666666667 0.01875 0.030555555555555555
0 0.21171875 0.025694444444444443 0.01875 0.02361111111111111
0 0.2015625 0.05625 0.021875 0.043055555555555555
0 0.220703125 0.05625 0.02421875 0.0375
0 0.229296875 0.025 0.02109375 0.03333333333333333
0 0.24921875 0.02361111111111111 0.025 0.030555555555555555
0 0.23984375 0.052083333333333336 0.0234375 0.04027777777777778
0 0.25859375 0.05277777777777778 0.0203125 0.041666666666666664
0 0.26796875 0.01875 0.021875 0.02638888888888889
0 0.2875 0.018055555555555554 0.0203125 0.027777777777777776
0 0.27890625 0.05138888888888889 0.0265625 0.044444444444444446
0 0.29609375 0.049305555555555554 0.0234375 0.043055555555555555
0 0.30703125 0.017361111111111112 0.0203125 0.02638888888888889
0 0.325390625 0.017361111111111112 0.02265625 0.03194444444444444
0 0.315625 0.05 0.021875 0.041666666666666664
0 0.344140625 0.017361111111111112 0.02109375 0.03194444444444444
0 0.3390625 0.050694444444444445 0.0203125 0.034722222222222224
0 0.36484375 0.014583333333333334 0.021875 0.02638888888888889
0 0.358203125 0.044444444444444446 0.02421875 0.03888888888888889
0 0.376953125 0.04583333333333333 0.01953125 0.03611111111111111
0 0.38125 0.017361111111111112 0.0203125 0.02638888888888889
0 0.4046875 0.01597222222222222 0.021875 0.03194444444444444
0 0.394140625 0.04652777777777778 0.01953125 0.0375
0 0.433984375 0.015277777777777777 0.02109375 0.030555555555555555
0 0.453125 0.013888888888888888 0.01875 0.027777777777777776
0 0.47421875 0.009722222222222222 0.015625 0.019444444444444445
0 0.49375 0.013194444444444444 0.015625 0.02638888888888889
0 0.9 0.7326388888888888 0.071875 0.0625
0 0.89453125 0.22569444444444445 0.03125 0.07083333333333333
0 0.86171875 0.019444444444444445 0.0203125 0.03888888888888889
