0 0.23515625 0.2881944444444444 0.0359375 0.0625
0 0.259765625 0.2902777777777778 0.03515625 0.06666666666666667
0 0.286328125 0.2902777777777778 0.03359375 0.06666666666666667
0 0.3109375 0.28888888888888886 0.0359375 0.06666666666666667
0 0.336328125 0.29097222222222224 0.03359375 0.0625
0 0.3765625 0.2875 0.0328125 0.06388888888888888
0 0.404296875 0.2881944444444444 0.02734375 0.059722222222222225
0 0.430078125 0.2902777777777778 0.02578125 0.06388888888888888
0 0.4546875 0.2875 0.0265625 0.06388888888888888
0 0.48125 0.28888888888888886 0.028125 0.06111111111111111
0 0.50625 0.28680555555555554 0.025 0.05416666666666667
0 0.5328125 0.28680555555555554 0.0265625 0.05694444444444444
0 0.5609375 0.28194444444444444 0.025 0.05277777777777778
0 0.588671875 0.2826388888888889 0.02890625 0.059722222222222225
0 0.61796875 0.2826388888888889 0.025 0.059722222222222225
0 0.644140625 0.28125 0.02734375 0.05416666666666667
0 0.673046875 0.28125 0.02734375 0.05416666666666667
0 0.701171875 0.27847222222222223 0.02734375 0.05138888888888889
0 0.731640625 0.28055555555555556 0.03046875 0.05555555555555555
0 0.7609375 0.27708333333333335 0.028125 0.0625
0 0.78671875 0.27708333333333335 0.03125 0.05416666666666667
0 0.81640625 0.2743055555555556 0.0359375 0.0625
0 0.19765625 0.40069444444444446 0.0421875 0.059722222222222225
0 0.223046875 0.3993055555555556 0.04140625 0.0625
0 0.249609375 0.4013888888888889 0.03828125 0.06388888888888888
0 0.312890625 0.4027777777777778 0.03671875 0.06111111111111111
0 0.350390625 0.40208333333333335 0.03515625 0.05694444444444444
0 0.409765625 0.3958333333333333 0.03359375 0.058333333333333334
0 0.436328125 0.39791666666666664 0.03359375 0.05694444444444444
0 0.465234375 0.39652777777777776 0.03515625 0.0625
0 0.495703125 0.3958333333333333 0.03203125 0.06111111111111111
0 0.521875 0.39652777777777776 0.03125 0.059722222222222225
0 0.553125 0.3951388888888889 0.0296875 0.06805555555555555
0 0.58359375 0.39652777777777776 0.0296875 0.059722222222222225
0 0.61328125 0.39305555555555555 0.034375 0.06388888888888888
0 0.67890625 0.39375 0.03125 0.07361111111111111
0 0.709375 0.38958333333333334 0.0359375 0.07361111111111111
0 0.741015625 0.39166666666666666 0.03203125 0.06944444444444445
0 0.7734375 0.39166666666666666 0.0375 0.075
0 0.806640625 0.3909722222222222 0.03359375 0.07083333333333333
0 0.839453125 0.39166666666666666 0.03671875 0.06666666666666667
0 0.176171875 0.4618055555555556 0.03671875 0.07916666666666666
0 0.205078125 0.4638888888888889 0.04453125 0.08055555555555556
0 0.232421875 0.4597222222222222 0.03984375 0.08333333333333333
0 0.26015625 0.4673611111111111 0.040625 0.07916666666666666
0 0.291015625 0.4652777777777778 0.03671875 0.08055555555555556
0 0.335546875 0.46875 0.03046875 0.08472222222222223
0 0.3671875 0.4666666666666667 0.0421875 0.08333333333333333
0 0.39453125 0.46805555555555556 0.0375 0.07777777777777778
0 0.42734375 0.4638888888888889 0.0375 0.08333333333333333
0 0.456640625 0.46805555555555556 0.03046875 0.075
0 0.48984375 0.46805555555555556 0.0328125 0.075
0 0.51875 0.46875 0.0328125 0.07083333333333333
0 0.55234375 0.46597222222222223 0.0265625 0.07083333333333333
0 0.582421875 0.4673611111111111 0.03203125 0.07083333333333333
0 0.613671875 0.4666666666666667 0.02890625 0.07222222222222222
0 0.646875 0.4638888888888889 0.03125 0.07222222222222222
0 0.68046875 0.4673611111111111 0.03125 0.07083333333333333
0 0.71171875 0.4652777777777778 0.0359375 0.06666666666666667
0 0.74609375 0.46597222222222223 0.0328125 0.07361111111111111
0 0.77890625 0.46319444444444446 0.0390625 0.07361111111111111
0 0.812109375 0.46597222222222223 0.03515625 0.06805555555555555
0 0.8484375 0.4597222222222222 0.0421875 0.075
0 0.121875 0.6152777777777778 0.0453125 0.08333333333333333
0 0.1515625 0.6180555555555556 0.0453125 0.07777777777777778
0 0.187109375 0.61875 0.04453125 0.07916666666666666
0 0.219140625 0.6166666666666667 0.04140625 0.07777777777777778
0 0.2515625 0.6222222222222222 0.0421875 0.075
0 0.30234375 0.61875 0.0390625 0.07083333333333333
0 0.33671875 0.6166666666666667 0.040625 0.07777777777777778
0 0.37265625 0.6201388888888889 0.0484375 0.08472222222222223
0 0.405078125 0.6201388888888889 0.04140625 0.07916666666666666
0 0.438671875 0.6236111111111111 0.04140625 0.08055555555555556
0 0.47109375 0.6222222222222222 0.0359375 0.08055555555555556
0 0.506640625 0.6243055555555556 0.03671875 0.0875
0 0.54140625 0.6208333333333333 0.0375 0.07777777777777778
0 0.57890625 0.6222222222222222 0.0359375 0.08611111111111111
0 0.6140625 0.6201388888888889 0.0359375 0.08194444444444444
0 0.651953125 0.6256944444444444 0.03671875 0.08194444444444444
0 0.689453125 0.6277777777777778 0.04140625 0.08333333333333333
0 0.7265625 0.6256944444444444 0.0421875 0.08194444444444444
0 0.7640625 0.625 0.040625 0.08888888888888889
0 0.801171875 0.6277777777777778 0.04453125 0.09166666666666666
0 0.837109375 0.6236111111111111 0.04140625 0.08888888888888889
0 0.875 0.6215277777777778 0.0484375 0.0875
0 0.059375 0.7333333333333333 0.053125 0.075
0 0.1375 0.7388888888888889 0.0546875 0.08611111111111111
0 0.300390625 0.7354166666666667 0.05234375 0.07916666666666666
0 0.344921875 0.7395833333333334 0.05234375 0.07916666666666666
0 0.3859375 0.7458333333333333 0.0515625 0.08333333333333333
0 0.470703125 0.7444444444444445 0.04140625 0.08611111111111111
0 0.510546875 0.7479166666666667 0.04609375 0.0875
0 0.398046875 0.9555555555555556 0.04140625 0.08611111111111111
0 0.44296875 0.9534722222222223 0.0359375 0.09027777777777778
0 0.748828125 0.9451388888888889 0.03828125 0.10694444444444444
0 0.8265625 0.7423611111111111 0.040625 0.10138888888888889
0 0.90234375 0.7333333333333333 0.0671875 0.06388888888888888
0 0.9109375 0.79375 0.0703125 0.06527777777777778
0 0.77734375 0.7354166666666667 0.034375 0.10416666666666667
0 0.73046875 0.73125 0.034375 0.10138888888888889
0 0.690234375 0.7375 0.03515625 0.10555555555555556
0 0.59375 0.7298611111111111 0.0328125 0.10138888888888889
0 0.548046875 0.7298611111111111 0.03203125 0.10416666666666667
0 0.024609375 0.7298611111111111 0.04921875 0.09583333333333334
0 0.09140625 0.6125 0.04375 0.08611111111111111
0 0.059765625 0.6159722222222223 0.03984375 0.06805555555555555
0 0.03046875 0.6138888888888889 0.04375 0.08611111111111111
0 0.012109375 0.6145833333333334 0.02421875 0.0763888888888889
0 0.984765625 0.6076388888888888 0.02890625 0.10138888888888889
0 0.971875 0.51875 0.04375 0.09027777777777778
0 0.951171875 0.4527777777777778 0.03671875 0.07222222222222222
0 0.93671875 0.39375 0.03125 0.06527777777777778
0 0.92421875 0.3333333333333333 0.0328125 0.06111111111111111
0 0.168359375 0.4013888888888889 0.03515625 0.058333333333333334
0 0.148046875 0.4625 0.03984375 0.07222222222222222
0 0.119140625 0.46319444444444446 0.03359375 0.07083333333333333
0 0.11796875 0.39375 0.0484375 0.07916666666666666
0 0.091796875 0.46458333333333335 0.03828125 0.06805555555555555
0 0.06640625 0.46319444444444446 0.0421875 0.07083333333333333
0 0.040234375 0.4618055555555556 0.03984375 0.059722222222222225
0 0.063671875 0.40555555555555556 0.03671875 0.06388888888888888
0 0.039453125 0.40555555555555556 0.03671875 0.05277777777777778
0 0.016015625 0.40069444444444446 0.03203125 0.06805555555555555
0 0.018359375 0.46319444444444446 0.03671875 0.06527777777777778
0 0.808203125 0.22152777777777777 0.02734375 0.04583333333333333
0 0.778125 0.22291666666666668 0.0234375 0.04861111111111111
0 0.724609375 0.22777777777777777 0.02578125 0.04722222222222222
0 0.696875 0.22291666666666668 0.0234375 0.04861111111111111
0 0.669921875 0.22708333333333333 0.02265625 0.043055555555555555
0 0.641796875 0.22083333333333333 0.02265625 0.058333333333333334
0 0.614453125 0.22013888888888888 0.02265625 0.05694444444444444
0 0.58828125 0.2298611111111111 0.0203125 0.04583333333333333
0 0.562109375 0.23333333333333334 0.02109375 0.044444444444444446
0 0.5390625 0.2326388888888889 0.0203125 0.04027777777777778
0 0.5109375 0.23333333333333334 0.021875 0.041666666666666664
0 0.48359375 0.23402777777777778 0.0234375 0.05138888888888889
0 0.458984375 0.23125 0.02109375 0.04583333333333333
0 0.4359375 0.23541666666666666 0.025 0.05416666666666667
0 0.409765625 0.23541666666666666 0.02421875 0.05138888888888889
0 0.38671875 0.23819444444444443 0.0234375 0.05138888888888889
0 0.3484375 0.23680555555555555 0.028125 0.059722222222222225
0 0.32421875 0.24097222222222223 0.0265625 0.04583333333333333
0 0.298828125 0.2361111111111111 0.02890625 0.05555555555555555
0 0.273828125 0.23819444444444443 0.03203125 0.05694444444444444
0 0.2484375 0.23819444444444443 0.0296875 0.04583333333333333
0 0.2234375 0.2423611111111111 0.0328125 0.04583333333333333
0 0.2 0.24166666666666667 0.03125 0.03611111111111111
0 0.17890625 0.24027777777777778 0.03125 0.041666666666666664
0 0.15390625 0.24444444444444444 0.028125 0.044444444444444446
0 0.13125 0.24722222222222223 0.0296875 0.041666666666666664
0 0.107421875 0.25 0.03359375 0.05
0 0.087109375 0.24861111111111112 0.03046875 0.041666666666666664
0 0.06484375 0.24930555555555556 0.03125 0.04027777777777778
0 0.041015625 0.2534722222222222 0.03359375 0.043055555555555555
0 0.00859375 0.28055555555555556 0.0171875 0.05277777777777778
0 0.0203125 0.3 0.034375 0.05
0 0.04453125 0.29583333333333334 0.034375 0.05555555555555555
0 0.06796875 0.29583333333333334 0.0328125 0.05555555555555555
0 0.1125 0.29305555555555557 0.028125 0.05
0 0.137109375 0.2902777777777778 0.03671875 0.06388888888888888
0 0.16328125 0.28888888888888886 0.028125 0.05555555555555555
0 0.1875 0.28680555555555554 0.0296875 0.059722222222222225
0 0.209375 0.2902777777777778 0.0265625 0.058333333333333334
0 0.792578125 0.13194444444444445 0.02265625 0.058333333333333334
0 0.78515625 0.09027777777777778 0.0203125 0.05
0 0.761328125 0.09375 0.02109375 0.0375
0 0.76640625 0.13541666666666666 0.025 0.05138888888888889
0 0.7421875 0.13680555555555557 0.0234375 0.05694444444444444
0 0.73671875 0.09166666666666666 0.021875 0.03888888888888889
0 0.712109375 0.09583333333333334 0.02109375 0.03611111111111111
0 0.71640625 0.1375 0.021875 0.04722222222222222
0 0.686328125 0.09583333333333334 0.01796875 0.03888888888888889
0 0.689453125 0.13958333333333334 0.01953125 0.04861111111111111
0 0.6640625 0.09652777777777778 0.01875 0.0375
0 0.665234375 0.13819444444444445 0.02421875 0.04861111111111111
0 0.640625 0.09930555555555555 0.0203125 0.0375
0 0.642578125 0.14027777777777778 0.02109375 0.05
0 0.6140625 0.09722222222222222 0.021875 0.041666666666666664
0 0.618359375 0.13819444444444445 0.01953125 0.04861111111111111
0 0.591796875 0.1451388888888889 0.02109375 0.05416666666666667
0 0.56953125 0.10416666666666667 0.0203125 0.041666666666666664
0 0.566796875 0.14444444444444443 0.01953125 0.05
0 0.548828125 0.10208333333333333 0.01796875 0.04861111111111111
0 0.543359375 0.14652777777777778 0.02265625 0.05416666666666667
0 0.52578125 0.10277777777777777 0.0234375 0.030555555555555555
0 0.52109375 0.1451388888888889 0.0234375 0.05138888888888889
0 0.5015625 0.10694444444444444 0.021875 0.03888888888888889
0 0.498046875 0.1486111111111111 0.02265625 0.04722222222222222
0 0.477734375 0.11041666666666666 0.01796875 0.03194444444444444
0 0.47421875 0.14791666666666667 0.01875 0.05416666666666667
0 0.457421875 0.11388888888888889 0.02109375 0.03333333333333333
0 0.45234375 0.15208333333333332 0.0234375 0.043055555555555555
0 0.436328125 0.10972222222222222 0.02421875 0.03888888888888889
0 0.425390625 0.15208333333333332 0.02265625 0.05416666666666667
0 0.41328125 0.11597222222222223 0.0234375 0.0375
0 0.4015625 0.15416666666666667 0.021875 0.05
0 0.381640625 0.11388888888888889 0.02421875 0.03333333333333333
0 0.37109375 0.15208333333333332 0.0234375 0.05416666666666667
0 0.3578125 0.11805555555555555 0.0234375 0.03888888888888889
0 0.348046875 0.15833333333333333 0.02578125 0.044444444444444446
0 0.3328125 0.1111111111111111 0.025 0.04722222222222222
0 0.32109375 0.15416666666666667 0.021875 0.05
0 0.3125 0.11805555555555555 0.025 0.03333333333333333
0 0.290234375 0.11527777777777778 0.02890625 0.03333333333333333
0 0.271875 0.1125 0.0265625 0.03888888888888889
0 0.28046875 0.15069444444444444 0.0265625 0.04583333333333333
0 0.3015625 0.15486111111111112 0.025 0.04583333333333333
0 0.259375 0.15486111111111112 0.0265625 0.04861111111111111
0 0.249609375 0.11736111111111111 0.02578125 0.03194444444444444
0 0.22734375 0.11875 0.0203125 0.04027777777777778
0 0.21328125 0.15416666666666667 0.028125 0.05555555555555555
0 0.2359375 0.15486111111111112 0.0265625 0.04583333333333333
0 0.207421875 0.11875 0.02265625 0.04027777777777778
0 0.184765625 0.12013888888888889 0.03046875 0.034722222222222224
0 0.16640625 0.12222222222222222 0.0234375 0.03611111111111111
0 0.147265625 0.12777777777777777 0.02890625 0.03888888888888889
0 0.125390625 0.1284722222222222 0.02578125 0.0375
0 0.103515625 0.12916666666666668 0.02734375 0.03611111111111111
0 0.08828125 0.16597222222222222 0.0265625 0.043055555555555555
0 0.10859375 0.16458333333333333 0.0265625 0.043055555555555555
0 0.130078125 0.1638888888888889 0.02734375 0.04722222222222222
0 0.1515625 0.1597222222222222 0.0265625 0.05
0 0.170703125 0.15833333333333333 0.02578125 0.04722222222222222
0 0.19140625 0.15486111111111112 0.025 0.04861111111111111
0 0.8375 0.019444444444444445 0.025 0.03888888888888889
0 0.818359375 0.021527777777777778 0.02109375 0.043055555555555555
0 0.795703125 0.022916666666666665 0.02265625 0.04583333333333333
0 0.772265625 0.024305555555555556 0.02265625 0.04861111111111111
0 0.75078125 0.02361111111111111 0.021875 0.04722222222222222
0 0.7265625 0.027083333333333334 0.01875 0.043055555555555555
0 0.705078125 0.025694444444444443 0.02109375 0.04027777777777778
0 0.683984375 0.027777777777777776 0.01953125 0.041666666666666664
0 0.661328125 0.027777777777777776 0.01796875 0.04722222222222222
0 0.6390625 0.030555555555555555 0.0203125 0.044444444444444446
0 0.61875 0.03194444444444444 0.0203125 0.04722222222222222
0 0.59453125 0.03333333333333333 0.0203125 0.05
0 0.575390625 0.03680555555555556 0.01640625 0.04027777777777778
0 0.55234375 0.03611111111111111 0.0203125 0.044444444444444446
0 0.530859375 0.03958333333333333 0.02109375 0.04861111111111111
0 0.510546875 0.0375 0.01953125 0.04722222222222222
0 0.48984375 0.03819444444444445 0.01875 0.04583333333333333
0 0.467578125 0.043055555555555555 0.01796875 0.044444444444444446
0 0.44921875 0.04236111111111111 0.0203125 0.043055555555555555
0 0.428125 0.04375 0.0203125 0.043055555555555555
0 0.3984375 0.04583333333333333 0.021875 0.04722222222222222
0 0.356640625 0.049305555555555554 0.02265625 0.043055555555555555
0 0.3359375 0.04861111111111111 0.0203125 0.03888888888888889
0 0.31328125 0.05 0.025 0.044444444444444446
0 0.2953125 0.050694444444444445 0.021875 0.0375
0 0.274609375 0.04861111111111111 0.02578125 0.05
0 0.255859375 0.052083333333333336 0.02265625 0.04861111111111111
0 0.235546875 0.05486111111111111 0.02578125 0.04583333333333333
0 0.215625 0.05416666666666667 0.021875 0.041666666666666664
0 0.196875 0.05555555555555555 0.0265625 0.041666666666666664
0 0.178125 0.059027777777777776 0.021875 0.04583333333333333
0 0.159765625 0.06388888888888888 0.02578125 0.03888888888888889
0 0.142578125 0.0625 0.02265625 0.03888888888888889
0 0.154296875 0.030555555555555555 0.02109375 0.03333333333333333
0 0.1734375 0.030555555555555555 0.0203125 0.022222222222222223
0 0.191796875 0.024305555555555556 0.03046875 0.03194444444444444
0 0.244921875 0.022916666666666665 0.02734375 0.03194444444444444
0 0.266015625 0.016666666666666666 0.02421875 0.025
0 0.283203125 0.01597222222222222 0.02421875 0.02361111111111111
0 0.3203125 0.014583333333333334 0.025 0.029166666666666667
0 0.340625 0.014583333333333334 0.0234375 0.029166666666666667
0 0.3609375 0.013888888888888888 0.025 0.027777777777777776
0 0.380859375 0.017361111111111112 0.02421875 0.034722222222222224
0 0.4015625 0.011111111111111112 0.0265625 0.022222222222222223
0 0.43046875 0.010416666666666666 0.0203125 0.020833333333333332
0 0.4515625 0.011111111111111112 0.0203125 0.022222222222222223
0 0.471484375 0.009722222222222222 0.01953125 0.019444444444444445
0 0.00859375 0.19652777777777777 0.0171875 0.03194444444444444
0 0.013671875 0.17777777777777778 0.02734375 0.03333333333333333
0 0.02109375 0.15902777777777777 0.034375 0.029166666666666667
0 0.027734375 0.1388888888888889 0.03984375 0.027777777777777776
0 0.040625 0.125 0.03125 0.025
0 0.04765625 0.10694444444444444 0.0359375 0.022222222222222223
0 0.057421875 0.09375 0.03671875 0.02638888888888889
0 0.06484375 0.07777777777777778 0.0359375 0.03333333333333333
0 0.076953125 0.06388888888888888 0.03203125 0.027777777777777776
0 0.08359375 0.04861111111111111 0.0328125 0.027777777777777776
0 0.098046875 0.02361111111111111 0.03828125 0.027777777777777776
0 0.11171875 0.006944444444444444 0.0390625 0.013888888888888888
0 0.95625 0.9631944444444445 0.059375 0.07083333333333333
0 0.92578125 0.8659722222222223 0.06875 0.06805555555555555
0 0.548046875 0.9527777777777777 0.03359375 0.09166666666666666
0 0.499609375 0.9506944444444444 0.03984375 0.09583333333333334
0 0.162890625 0.9388888888888889 0.03515625 0.09166666666666666
0 0.211328125 0.9347222222222222 0.03984375 0.10833333333333334
0 0.862890625 0.021527777777777778 0.02265625 0.043055555555555555
0 0.697265625 0.9583333333333334 0.03203125 0.08055555555555556
