0 0.448046875 0.9444444444444444 0.03828125 0.10555555555555556
0 0.13828125 0.7243055555555555 0.0515625 0.09861111111111111
0 0.509765625 0.7291666666666666 0.03515625 0.11388888888888889
0 0.898828125 0.7340277777777777 0.07421875 0.059722222222222225
0 0.9140625 0.7972222222222223 0.0828125 0.058333333333333334
0 0.85234375 0.4625 0.0375 0.09444444444444444
0 0.81328125 0.45694444444444443 0.034375 0.08611111111111111
0 0.780859375 0.46041666666666664 0.03515625 0.09027777777777778
0 0.48671875 0.46458333333333335 0.0265625 0.08194444444444444
0 0.4015625 0.46458333333333335 0.03125 0.08472222222222223
0 0.369921875 0.46597222222222223 0.03515625 0.08194444444444444
0 0.339453125 0.4652777777777778 0.03359375 0.075
0 0.291015625 0.46597222222222223 0.03515625 0.08194444444444444
0 0.36875 0.6215277777777778 0.0359375 0.0875
0 0.403125 0.61875 0.034375 0.07916666666666666
0 0.33515625 0.6208333333333333 0.0375 0.08333333333333333
0 0.30234375 0.61875 0.0390625 0.08194444444444444
0 0.255859375 0.6208333333333333 0.03828125 0.08055555555555556
0 0.18515625 0.6229166666666667 0.0453125 0.08194444444444444
0 0.058984375 0.6097222222222223 0.04921875 0.08888888888888889
0 0.038671875 0.4652777777777778 0.03828125 0.075
0 0.0390625 0.40694444444444444 0.0421875 0.06388888888888888
0 0.808984375 0.22708333333333333 0.02734375 0.05694444444444444
0 0.84296875 0.14166666666666666 0.025 0.05555555555555555
0 0.818359375 0.022222222222222223 0.02421875 0.03888888888888889
0 0.71171875 0.09722222222222222 0.0234375 0.04722222222222222
0 0.638671875 0.10069444444444445 0.02265625 0.04861111111111111
0 0.515234375 0.10625 0.02109375 0.05138888888888889
0 0.5171875 0.19305555555555556 0.05 0.05
0 0.38359375 0.2388888888888889 0.0296875 0.05277777777777778
0 0.28359375 0.2923611111111111 0.0296875 0.06527777777777778
0 0.11484375 0.29791666666666666 0.0359375 0.0625
0 0.068359375 0.2923611111111111 0.03359375 0.05694444444444444
0 0.041015625 0.2965277777777778 0.03828125 0.059722222222222225
0 0.016015625 0.2986111111111111 0.03046875 0.05555555555555555
0 0.04296875 0.25 0.034375 0.05555555555555555
0 0.433984375 0.11527777777777778 0.02265625 0.05
0 0.4125 0.11597222222222223 0.0234375 0.04027777777777778
0 0.37734375 0.11527777777777778 0.0265625 0.041666666666666664
0 0.334765625 0.12013888888888889 0.02734375 0.04027777777777778
0 0.532421875 0.03680555555555556 0.02265625 0.04027777777777778
0 0.484375 0.04652777777777778 0.028125 0.04583333333333333
0 0.46796875 0.03888888888888889 0.0203125 0.044444444444444446
0 0.446875 0.04236111111111111 0.0203125 0.04583333333333333
0 0.4234375 0.04513888888888889 0.0234375 0.04027777777777778
0 0.393359375 0.044444444444444446 0.02578125 0.041666666666666664
0 0.31328125 0.04722222222222222 0.025 0.03888888888888889
0 0.269921875 0.11875 0.02734375 0.04583333333333333
0 0.2484375 0.12222222222222222 0.0265625 0.03888888888888889
0 0.2265625 0.12291666666666666 0.028125 0.0375
0 0.203515625 0.12569444444444444 0.02265625 0.043055555555555555
0 0.169921875 0.12152777777777778 0.02578125 0.04027777777777778
0 0.14453125 0.12569444444444444 0.028125 0.03194444444444444
0 0.12734375 0.12638888888888888 0.0265625 0.025
0 0.106640625 0.12708333333333333 0.02734375 0.04861111111111111
0 0.1078125 0.16527777777777777 0.0265625 0.03888888888888889
0 0.130859375 0.16527777777777777 0.03359375 0.041666666666666664
0 0.015234375 0.17430555555555555 0.02890625 0.034722222222222224
0 0.048046875 0.10833333333333334 0.03828125 0.030555555555555555
0 0.058203125 0.08819444444444445 0.03671875 0.02638888888888889
0 0.0671875 0.0763888888888889 0.0296875 0.025
0 0.081640625 0.04652777777777778 0.03984375 0.02638888888888889
0 0.09765625 0.08263888888888889 0.0203125 0.0375
0 0.09765625 0.025 0.0359375 0.022222222222222223
0 0.142578125 0.0625 0.02109375 0.03888888888888889
0 0.1609375 0.0625 0.0234375 0.041666666666666664
0 0.178515625 0.05555555555555555 0.02265625 0.05
0 0.19765625 0.05277777777777778 0.0203125 0.03611111111111111
0 0.219140625 0.05277777777777778 0.02421875 0.03611111111111111
0 0.210546875 0.08263888888888889 0.03515625 0.029166666666666667
0 0.1546875 0.027777777777777776 0.025 0.027777777777777776
0 0.1734375 0.02638888888888889 0.021875 0.022222222222222223
0 0.19296875 0.022222222222222223 0.0234375 0.016666666666666666
0 0.284765625 0.020833333333333332 0.01953125 0.03611111111111111
0 0.305078125 0.018055555555555554 0.02109375 0.030555555555555555
0 0.340234375 0.018055555555555554 0.02265625 0.03333333333333333
0 0.36171875 0.02013888888888889 0.0265625 0.034722222222222224
0 0.401953125 0.0125 0.02109375 0.025
0 0.433984375 0.014583333333333334 0.02734375 0.02638888888888889
0 0.493359375 0.010416666666666666 0.02265625 0.020833333333333332
0 0.6375 0.011111111111111112 0.0203125 0.022222222222222223
0 0.105078125 0.011805555555555555 0.03046875 0.020833333333333332
0 0.00859375 0.19236111111111112 0.0171875 0.034722222222222224
0 0.930078125 0.8652777777777778 0.06796875 0.06388888888888888
