0 0.39453125 0.46805555555555556 0.0375 0.07777777777777778
0 0.2515625 0.6222222222222222 0.0421875 0.075
0 0.30234375 0.61875 0.0390625 0.07083333333333333
0 0.544140625 0.9493055555555555 0.03828125 0.09583333333333334
0 0.128125 0.13333333333333333 0.03125 0.05277777777777778
0 0.23046875 0.12361111111111112 0.0265625 0.044444444444444446
0 0.2703125 0.11875 0.028125 0.04861111111111111
0 0.29296875 0.05277777777777778 0.021875 0.044444444444444446
0 0.315625 0.05138888888888889 0.025 0.05
0 0.40234375 0.01875 0.021875 0.034722222222222224
0 0.433203125 0.015277777777777777 0.02265625 0.027777777777777776
0 0.45390625 0.015277777777777777 0.0171875 0.030555555555555555
0 0.55546875 0.014583333333333334 0.0203125 0.02638888888888889
0 0.491796875 0.04583333333333333 0.02265625 0.05
0 0.260546875 0.058333333333333334 0.02578125 0.03888888888888889
0 0.2703125 0.016666666666666666 0.025 0.03333333333333333
0 0.235546875 0.020833333333333332 0.02265625 0.03888888888888889
0 0.214453125 0.025694444444444443 0.02421875 0.0375
0 0.1640625 0.06458333333333334 0.0265625 0.04027777777777778
0 0.143359375 0.06666666666666667 0.02734375 0.044444444444444446
0 0.156640625 0.030555555555555555 0.02890625 0.025
0 0.428125 0.049305555555555554 0.021875 0.0375
0 0.4515625 0.04583333333333333 0.0203125 0.044444444444444446
0 0.218359375 0.06319444444444444 0.02734375 0.04027777777777778
