0 0.595703125 0.7270833333333333 0.03515625 0.10694444444444444
0 0.7015625 0.9534722222222223 0.0375 0.0875
0 0.651953125 0.95 0.03671875 0.08888888888888889
0 0.593359375 0.95 0.04140625 0.09166666666666666
0 0.548046875 0.95 0.03359375 0.09444444444444444
0 0.4984375 0.9513888888888888 0.0359375 0.09166666666666666
0 0.444140625 0.9493055555555555 0.03515625 0.09027777777777778
0 0.398046875 0.9486111111111111 0.03984375 0.08611111111111111
0 0.2078125 0.9305555555555556 0.0484375 0.1111111111111111
0 0.157421875 0.9368055555555556 0.04609375 0.07916666666666666
0 0.111328125 0.9284722222222223 0.04140625 0.09861111111111111
0 0.073828125 0.9298611111111111 0.04765625 0.08472222222222223
0 0.140625 0.7229166666666667 0.05 0.09305555555555556
0 0.728515625 0.7284722222222222 0.04296875 0.10416666666666667
0 0.901171875 0.7340277777777777 0.07265625 0.06805555555555555
0 0.91875 0.7986111111111112 0.08125 0.05555555555555555
0 0.9296875 0.8569444444444444 0.0796875 0.06666666666666667
0 0.9203125 0.3368055555555556 0.0421875 0.0763888888888889
0 0.836328125 0.6277777777777778 0.03984375 0.10277777777777777
0 0.880859375 0.6375 0.03984375 0.08888888888888889
0 0.800390625 0.6347222222222222 0.03671875 0.08611111111111111
0 0.762890625 0.6256944444444444 0.03671875 0.10138888888888889
0 0.727734375 0.6284722222222222 0.03671875 0.08472222222222223
0 0.6890625 0.6243055555555556 0.034375 0.09305555555555556
0 0.652734375 0.6256944444444444 0.03203125 0.0875
0 0.61640625 0.6159722222222223 0.03125 0.10416666666666667
0 0.5796875 0.6173611111111111 0.025 0.09861111111111111
0 0.542578125 0.6173611111111111 0.02890625 0.09027777777777778
0 0.50703125 0.6222222222222222 0.0328125 0.09166666666666666
0 0.511328125 0.7270833333333333 0.03515625 0.10972222222222222
0 0.467578125 0.7319444444444444 0.03671875 0.09722222222222222
0 0.42109375 0.7326388888888888 0.0328125 0.08472222222222223
0 0.44140625 0.6222222222222222 0.034375 0.09166666666666666
0 0.4765625 0.6229166666666667 0.0296875 0.09027777777777778
0 0.40390625 0.6236111111111111 0.0359375 0.08888888888888889
0 0.369140625 0.6243055555555556 0.03515625 0.08472222222222223
0 0.33359375 0.6201388888888889 0.0359375 0.08194444444444444
0 0.30546875 0.6131944444444445 0.0375 0.09305555555555556
0 0.252734375 0.6208333333333333 0.03671875 0.07777777777777778
0 0.259375 0.7291666666666666 0.046875 0.10833333333333334
0 0.300390625 0.7298611111111111 0.04296875 0.08194444444444444
0 0.21875 0.61875 0.0390625 0.0763888888888889
0 0.184765625 0.6180555555555556 0.04296875 0.07777777777777778
0 0.152734375 0.6152777777777778 0.04296875 0.08333333333333333
0 0.123828125 0.6159722222222223 0.04296875 0.09027777777777778
0 0.095703125 0.6166666666666667 0.04609375 0.09166666666666666
0 0.065625 0.6111111111111112 0.046875 0.08055555555555556
0 0.031640625 0.6118055555555556 0.04453125 0.07916666666666666
0 0.839453125 0.3972222222222222 0.03203125 0.06111111111111111
0 0.848828125 0.46597222222222223 0.03515625 0.07361111111111111
0 0.812890625 0.4583333333333333 0.03359375 0.07777777777777778
0 0.78046875 0.45625 0.03125 0.08194444444444444
0 0.746484375 0.4576388888888889 0.03359375 0.07083333333333333
0 0.715625 0.4618055555555556 0.0296875 0.08472222222222223
0 0.676171875 0.39305555555555555 0.02734375 0.06944444444444445
0 0.67890625 0.46041666666666664 0.0265625 0.07083333333333333
0 0.64765625 0.46041666666666664 0.0234375 0.07361111111111111
0 0.61640625 0.45208333333333334 0.03125 0.0875
0 0.616015625 0.3854166666666667 0.02578125 0.05138888888888889
0 0.584765625 0.38680555555555557 0.02734375 0.0625
0 0.5828125 0.4576388888888889 0.025 0.07361111111111111
0 0.777734375 0.2263888888888889 0.02734375 0.05277777777777778
0 0.733203125 0.27569444444444446 0.02578125 0.06527777777777778
0 0.698046875 0.22083333333333333 0.02265625 0.06388888888888888
0 0.70078125 0.28194444444444444 0.0265625 0.058333333333333334
0 0.672265625 0.2743055555555556 0.02578125 0.0625
0 0.665625 0.1361111111111111 0.0203125 0.05555555555555555
0 0.68671875 0.09791666666666667 0.021875 0.05416666666666667
0 0.66328125 0.02638888888888889 0.0171875 0.044444444444444446
0 0.61796875 0.027083333333333334 0.0203125 0.04583333333333333
0 0.573046875 0.03125 0.02109375 0.04583333333333333
0 0.6171875 0.27708333333333335 0.0234375 0.06805555555555555
0 0.58828125 0.2743055555555556 0.021875 0.06527777777777778
0 0.56953125 0.14166666666666666 0.021875 0.05
0 0.518359375 0.14791666666666667 0.02578125 0.05138888888888889
0 0.53515625 0.27847222222222223 0.0234375 0.0625
0 0.4796875 0.28194444444444444 0.025 0.05555555555555555
0 0.454296875 0.2826388888888889 0.02578125 0.0625
0 0.41015625 0.23333333333333334 0.028125 0.044444444444444446
0 0.456640625 0.11458333333333333 0.02421875 0.0375
0 0.395703125 0.04861111111111111 0.02109375 0.03888888888888889
0 0.404296875 0.01597222222222222 0.02265625 0.03194444444444444
0 0.433203125 0.016666666666666666 0.02109375 0.03333333333333333
0 0.553515625 0.45625 0.02265625 0.07361111111111111
0 0.521484375 0.45625 0.02734375 0.07361111111111111
0 0.48828125 0.4583333333333333 0.0296875 0.07222222222222222
0 0.47265625 0.3888888888888889 0.0265625 0.06944444444444445
0 0.44453125 0.3909722222222222 0.0296875 0.06527777777777778
0 0.459375 0.46041666666666664 0.028125 0.06805555555555555
0 0.432421875 0.4583333333333333 0.02890625 0.06944444444444445
0 0.407421875 0.3951388888888889 0.02578125 0.059722222222222225
0 0.396875 0.4625 0.0296875 0.07222222222222222
0 0.37890625 0.40069444444444446 0.0296875 0.06805555555555555
0 0.353125 0.39652777777777776 0.03125 0.05694444444444444
0 0.3359375 0.4638888888888889 0.034375 0.06944444444444445
0 0.308203125 0.39444444444444443 0.03515625 0.06388888888888888
0 0.291796875 0.46111111111111114 0.03671875 0.06944444444444445
0 0.2640625 0.46111111111111114 0.03125 0.07222222222222222
0 0.234375 0.4625 0.0375 0.07222222222222222
0 0.248828125 0.39652777777777776 0.03359375 0.06527777777777778
0 0.20859375 0.4583333333333333 0.0359375 0.06944444444444445
0 0.2 0.39444444444444443 0.0359375 0.06944444444444445
0 0.16796875 0.39791666666666664 0.034375 0.0625
0 0.179296875 0.4652777777777778 0.03828125 0.06944444444444445
0 0.15078125 0.4625 0.040625 0.06388888888888888
0 0.123046875 0.4597222222222222 0.03515625 0.06944444444444445
0 0.094921875 0.4618055555555556 0.04140625 0.07083333333333333
0 0.114453125 0.40069444444444446 0.04453125 0.05416666666666667
0 0.0921875 0.40069444444444446 0.0328125 0.05416666666666667
0 0.069921875 0.4597222222222222 0.03828125 0.06944444444444445
0 0.01953125 0.46597222222222223 0.0375 0.07916666666666666
0 0.04375 0.3993055555555556 0.04375 0.07083333333333333
0 0.017578125 0.4027777777777778 0.03046875 0.05555555555555555
0 0.402734375 0.28680555555555554 0.03046875 0.0625
0 0.3734375 0.2833333333333333 0.0296875 0.06111111111111111
0 0.335546875 0.28888888888888886 0.02734375 0.058333333333333334
0 0.30859375 0.2875 0.034375 0.06388888888888888
0 0.2359375 0.2902777777777778 0.0328125 0.058333333333333334
0 0.208984375 0.28958333333333336 0.03359375 0.05138888888888889
0 0.186328125 0.2881944444444444 0.03046875 0.05694444444444444
0 0.116796875 0.29097222222222224 0.03515625 0.05416666666666667
0 0.16015625 0.23333333333333334 0.034375 0.05555555555555555
0 0.06875 0.29375 0.0359375 0.04861111111111111
0 0.044140625 0.2951388888888889 0.03203125 0.059722222222222225
0 0.02109375 0.29583333333333334 0.034375 0.05555555555555555
0 0.015625 0.1763888888888889 0.028125 0.03333333333333333
0 0.019921875 0.15416666666666667 0.03515625 0.025
0 0.084765625 0.04583333333333333 0.03515625 0.03333333333333333
0 0.10703125 0.011111111111111112 0.03125 0.022222222222222223
0 0.0875 0.16597222222222222 0.0265625 0.04861111111111111
0 0.111328125 0.1625 0.03203125 0.05
0 0.1546875 0.15694444444444444 0.0296875 0.044444444444444446
0 0.169921875 0.11875 0.02578125 0.0375
0 0.191015625 0.11944444444444445 0.02734375 0.03333333333333333
0 0.143359375 0.06111111111111111 0.02734375 0.03611111111111111
0 0.15703125 0.02847222222222222 0.028125 0.03194444444444444
0 0.176171875 0.03125 0.02890625 0.034722222222222224
0 0.232421875 0.025694444444444443 0.02578125 0.0375
0 0.2390625 0.05277777777777778 0.0265625 0.03611111111111111
0 0.2578125 0.05625 0.028125 0.034722222222222224
0 0.267578125 0.02013888888888889 0.02421875 0.034722222222222224
0 0.29453125 0.049305555555555554 0.0234375 0.04583333333333333
0 0.326171875 0.02013888888888889 0.02265625 0.0375
0 0.344140625 0.017361111111111112 0.02109375 0.03194444444444444
0 0.237109375 0.1527777777777778 0.02890625 0.05555555555555555
0 0.3015625 0.15486111111111112 0.0234375 0.04861111111111111
0 0.315234375 0.1125 0.02421875 0.03333333333333333
0 0.949609375 0.9666666666666667 0.04921875 0.058333333333333334
0 0.682421875 0.010416666666666666 0.02109375 0.020833333333333332
