0 0.259765625 0.2902777777777778 0.03515625 0.06666666666666667
0 0.286328125 0.2902777777777778 0.03359375 0.06666666666666667
0 0.3109375 0.28888888888888886 0.0359375 0.06666666666666667
0 0.336328125 0.29097222222222224 0.03359375 0.0625
0 0.3765625 0.2875 0.0328125 0.06388888888888888
0 0.404296875 0.2881944444444444 0.02734375 0.059722222222222225
0 0.430078125 0.2902777777777778 0.02578125 0.06388888888888888
0 0.4546875 0.2875 0.0265625 0.06388888888888888
0 0.50625 0.28680555555555554 0.025 0.05416666666666667
0 0.5609375 0.28194444444444444 0.025 0.05277777777777778
0 0.61796875 0.2826388888888889 0.025 0.059722222222222225
0 0.673046875 0.28125 0.02734375 0.05416666666666667
0 0.701171875 0.27847222222222223 0.02734375 0.05138888888888889
0 0.78671875 0.27708333333333335 0.03125 0.05416666666666667
0 0.81640625 0.2743055555555556 0.0359375 0.0625
0 0.19765625 0.40069444444444446 0.0421875 0.059722222222222225
0 0.223046875 0.3993055555555556 0.04140625 0.0625
0 0.249609375 0.4013888888888889 0.03828125 0.06388888888888888
0 0.281640625 0.4013888888888889 0.03984375 0.058333333333333334
0 0.312890625 0.4027777777777778 0.03671875 0.06111111111111111
0 0.350390625 0.40208333333333335 0.03515625 0.05694444444444444
0 0.375390625 0.4013888888888889 0.03515625 0.06111111111111111
0 0.409765625 0.3958333333333333 0.03359375 0.058333333333333334
0 0.436328125 0.39791666666666664 0.03359375 0.05694444444444444
0 0.465234375 0.39652777777777776 0.03515625 0.0625
0 0.58359375 0.39652777777777776 0.0296875 0.059722222222222225
0 0.709375 0.38958333333333334 0.0359375 0.07361111111111111
0 0.741015625 0.39166666666666666 0.03203125 0.06944444444444445
0 0.7734375 0.39166666666666666 0.0375 0.075
0 0.839453125 0.39166666666666666 0.03671875 0.06666666666666667
0 0.176171875 0.4618055555555556 0.03671875 0.07916666666666666
0 0.205078125 0.4638888888888889 0.04453125 0.08055555555555556
0 0.232421875 0.4597222222222222 0.03984375 0.08333333333333333
0 0.26015625 0.4673611111111111 0.040625 0.07916666666666666
0 0.291015625 0.4652777777777778 0.03671875 0.08055555555555556
0 0.3671875 0.4666666666666667 0.0421875 0.08333333333333333
0 0.39453125 0.46805555555555556 0.0375 0.07777777777777778
0 0.42734375 0.4638888888888889 0.0375 0.08333333333333333
0 0.456640625 0.46805555555555556 0.03046875 0.075
0 0.51875 0.46875 0.0328125 0.07083333333333333
0 0.55234375 0.46597222222222223 0.0265625 0.07083333333333333
0 0.582421875 0.4673611111111111 0.03203125 0.07083333333333333
0 0.613671875 0.4666666666666667 0.02890625 0.07222222222222222
0 0.646875 0.4638888888888889 0.03125 0.07222222222222222
0 0.68046875 0.4673611111111111 0.03125 0.07083333333333333
0 0.71171875 0.4652777777777778 0.0359375 0.06666666666666667
0 0.74609375 0.46597222222222223 0.0328125 0.07361111111111111
0 0.77890625 0.46319444444444446 0.0390625 0.07361111111111111
0 0.812109375 0.46597222222222223 0.03515625 0.06805555555555555
0 0.8484375 0.4597222222222222 0.0421875 0.075
0 0.121875 0.6152777777777778 0.0453125 0.08333333333333333
0 0.1515625 0.6180555555555556 0.0453125 0.07777777777777778
0 0.219140625 0.6166666666666667 0.04140625 0.07777777777777778
0 0.2515625 0.6222222222222222 0.0421875 0.075
0 0.30234375 0.61875 0.0390625 0.07083333333333333
0 0.33671875 0.6166666666666667 0.040625 0.07777777777777778
0 0.37265625 0.6201388888888889 0.0484375 0.08472222222222223
0 0.405078125 0.6201388888888889 0.04140625 0.07916666666666666
0 0.438671875 0.6236111111111111 0.04140625 0.08055555555555556
0 0.47109375 0.6222222222222222 0.0359375 0.08055555555555556
0 0.506640625 0.6243055555555556 0.03671875 0.0875
0 0.54140625 0.6208333333333333 0.0375 0.07777777777777778
0 0.57890625 0.6222222222222222 0.0359375 0.08611111111111111
0 0.651953125 0.6256944444444444 0.03671875 0.08194444444444444
0 0.689453125 0.6277777777777778 0.04140625 0.08333333333333333
0 0.7265625 0.6256944444444444 0.0421875 0.08194444444444444
0 0.7640625 0.625 0.040625 0.08888888888888889
0 0.801171875 0.6277777777777778 0.04453125 0.09166666666666666
0 0.837109375 0.6236111111111111 0.04140625 0.08888888888888889
0 0.875 0.6215277777777778 0.0484375 0.0875
0 0.059375 0.7333333333333333 0.053125 0.075
0 0.1375 0.7388888888888889 0.0546875 0.08611111111111111
0 0.25703125 0.7368055555555556 0.053125 0.0875
0 0.300390625 0.7354166666666667 0.05234375 0.07916666666666666
0 0.510546875 0.7479166666666667 0.04609375 0.0875
0 0.595703125 0.7319444444444444 0.03671875 0.1
0 0.724609375 0.7354166666666667 0.03984375 0.10972222222222222
0 0.779296875 0.7395833333333334 0.03984375 0.1125
0 0.914453125 0.7784722222222222 0.07421875 0.06805555555555555
0 0.93125 0.84375 0.08125 0.059722222222222225
0 0.948046875 0.9416666666666667 0.06484375 0.10833333333333334
0 0.98203125 0.5986111111111111 0.034375 0.11666666666666667
0 0.95546875 0.4826388888888889 0.040625 0.08194444444444444
0 0.940625 0.41041666666666665 0.0375 0.0763888888888889
0 0.9203125 0.33611111111111114 0.0359375 0.06944444444444445
0 0.25 0.9479166666666666 0.04375 0.09861111111111111
0 0.213671875 0.9256944444444445 0.03984375 0.10694444444444444
0 0.06171875 0.61875 0.0453125 0.08194444444444444
0 0.03203125 0.6131944444444445 0.0453125 0.0875
0 0.012109375 0.6138888888888889 0.02421875 0.08055555555555556
0 0.12109375 0.46319444444444446 0.0359375 0.059722222222222225
0 0.16640625 0.4013888888888889 0.03125 0.058333333333333334
0 0.1390625 0.39861111111111114 0.0328125 0.06111111111111111
0 0.1125 0.40347222222222223 0.0359375 0.05416666666666667
0 0.09453125 0.4652777777777778 0.0359375 0.06944444444444445
0 0.066015625 0.46041666666666664 0.03984375 0.059722222222222225
0 0.0875 0.40208333333333335 0.0328125 0.059722222222222225
0 0.063671875 0.40625 0.03515625 0.05416666666666667
0 0.037109375 0.4041666666666667 0.03828125 0.05277777777777778
0 0.01484375 0.40555555555555556 0.028125 0.058333333333333334
0 0.04140625 0.46597222222222223 0.040625 0.06805555555555555
0 0.016796875 0.46597222222222223 0.03046875 0.06527777777777778
0 0.75078125 0.225 0.0265625 0.05555555555555555
0 0.66796875 0.22916666666666666 0.0265625 0.05277777777777778
0 0.348046875 0.23958333333333334 0.02890625 0.05138888888888889
0 0.296875 0.2361111111111111 0.0328125 0.05555555555555555
0 0.271875 0.2361111111111111 0.028125 0.058333333333333334
0 0.2078125 0.29583333333333334 0.03125 0.05277777777777778
0 0.13984375 0.29444444444444445 0.034375 0.05
0 0.1125 0.29305555555555557 0.0328125 0.05555555555555555
0 0.08828125 0.2972222222222222 0.034375 0.06111111111111111
0 0.065625 0.29444444444444445 0.03125 0.05555555555555555
0 0.04296875 0.29375 0.0328125 0.05694444444444444
0 0.018359375 0.29583333333333334 0.03515625 0.058333333333333334
0 0.040234375 0.2465277777777778 0.03359375 0.0375
0 0.065625 0.24722222222222223 0.034375 0.03888888888888889
0 0.109375 0.24722222222222223 0.03125 0.041666666666666664
0 0.134375 0.24444444444444444 0.0328125 0.044444444444444446
0 0.795703125 0.058333333333333334 0.03984375 0.03611111111111111
0 0.771484375 0.024305555555555556 0.02421875 0.043055555555555555
0 0.617578125 0.029166666666666667 0.01953125 0.05555555555555555
0 0.663671875 0.09930555555555555 0.02421875 0.043055555555555555
0 0.479296875 0.1111111111111111 0.02109375 0.05277777777777778
0 0.42578125 0.15 0.0234375 0.05
0 0.4109375 0.11388888888888889 0.025 0.04722222222222222
0 0.431640625 0.01875 0.02109375 0.03194444444444444
0 0.45390625 0.016666666666666666 0.01875 0.030555555555555555
0 0.474609375 0.017361111111111112 0.02109375 0.029166666666666667
0 0.362890625 0.018055555555555554 0.02421875 0.030555555555555555
0 0.321875 0.01597222222222222 0.025 0.03194444444444444
0 0.30234375 0.020833333333333332 0.021875 0.03333333333333333
0 0.31015625 0.05347222222222222 0.0234375 0.0375
0 0.333203125 0.049305555555555554 0.02109375 0.0375
0 0.2734375 0.05277777777777778 0.0265625 0.044444444444444446
0 0.30859375 0.12013888888888889 0.028125 0.04027777777777778
0 0.368359375 0.15208333333333332 0.03046875 0.05694444444444444
0 0.130859375 0.1638888888888889 0.02734375 0.04722222222222222
0 0.128125 0.12638888888888888 0.0265625 0.03888888888888889
0 0.10546875 0.13333333333333333 0.028125 0.041666666666666664
0 0.08671875 0.1701388888888889 0.028125 0.0375
0 0.10625 0.17152777777777778 0.028125 0.04027777777777778
0 0.018359375 0.15833333333333333 0.03515625 0.03611111111111111
0 0.045703125 0.11180555555555556 0.03671875 0.034722222222222224
0 0.058203125 0.08888888888888889 0.03203125 0.030555555555555555
0 0.08125 0.05 0.0359375 0.027777777777777776
0 0.09140625 0.03263888888888889 0.0390625 0.02638888888888889
0 0.100390625 0.018055555555555554 0.03046875 0.030555555555555555
0 0.118359375 0.04375 0.02890625 0.043055555555555555
0 0.141796875 0.06805555555555555 0.02421875 0.041666666666666664
0 0.15234375 0.03125 0.0265625 0.034722222222222224
0 0.17421875 0.03194444444444444 0.0234375 0.03333333333333333
0 0.179296875 0.059722222222222225 0.02421875 0.044444444444444446
0 0.008203125 0.1951388888888889 0.01640625 0.029166666666666667
0 0.859765625 0.02013888888888889 0.02421875 0.04027777777777778
0 0.70078125 0.9583333333333334 0.0328125 0.08055555555555556
0 0.545703125 0.9527777777777777 0.03046875 0.09166666666666666
0 0.498828125 0.9541666666666667 0.03984375 0.08888888888888889
0 0.15625 0.9458333333333333 0.046875 0.09444444444444444
