0 0.30078125 0.9458333333333333 0.0546875 0.10277777777777777
0 0.39453125 0.9513888888888888 0.0453125 0.09166666666666666
0 0.447265625 0.9506944444444444 0.04453125 0.09305555555555556
0 0.89921875 0.7319444444444444 0.0765625 0.06111111111111111
0 0.907421875 0.7916666666666666 0.07421875 0.05277777777777778
0 0.72890625 0.7305555555555555 0.0375 0.1
0 0.828515625 0.74375 0.04296875 0.12083333333333333
0 0.87734375 0.6347222222222222 0.0375 0.11388888888888889
0 0.94765625 0.43680555555555556 0.0390625 0.09583333333333334
0 0.967578125 0.5222222222222223 0.03828125 0.08055555555555556
0 0.982421875 0.5965277777777778 0.03203125 0.10694444444444444
0 0.426171875 0.7354166666666667 0.03046875 0.10416666666666667
0 0.466015625 0.7409722222222223 0.03671875 0.10138888888888889
0 0.50859375 0.7305555555555555 0.034375 0.11388888888888889
0 0.59296875 0.7333333333333333 0.034375 0.10555555555555556
0 0.258984375 0.7354166666666667 0.04609375 0.11527777777777778
0 0.217578125 0.7305555555555555 0.04140625 0.10555555555555556
0 0.1734375 0.7333333333333333 0.0453125 0.10833333333333334
0 0.1390625 0.7270833333333333 0.0390625 0.10416666666666667
0 0.060546875 0.7291666666666666 0.04921875 0.10277777777777777
0 0.023046875 0.7298611111111111 0.03671875 0.09305555555555556
0 0.837890625 0.6340277777777777 0.03828125 0.09583333333333334
0 0.803125 0.6354166666666666 0.040625 0.09305555555555556
0 0.769140625 0.6326388888888889 0.03359375 0.09861111111111111
0 0.73125 0.6298611111111111 0.0328125 0.10138888888888889
0 0.691796875 0.6298611111111111 0.03046875 0.10416666666666667
0 0.65390625 0.6340277777777777 0.0296875 0.10972222222222222
0 0.61328125 0.6298611111111111 0.0296875 0.10138888888888889
0 0.576953125 0.6229166666666667 0.02734375 0.10416666666666667
0 0.6015625 0.5479166666666667 0.053125 0.05138888888888889
0 0.544140625 0.6236111111111111 0.03046875 0.1
0 0.508203125 0.6152777777777778 0.02890625 0.09722222222222222
0 0.469921875 0.6270833333333333 0.03203125 0.0875
0 0.438671875 0.6256944444444444 0.02890625 0.09027777777777778
0 0.402734375 0.6284722222222222 0.03203125 0.0875
0 0.368359375 0.6263888888888889 0.03515625 0.09166666666666666
0 0.333203125 0.625 0.03203125 0.08611111111111111
0 0.3015625 0.6208333333333333 0.03125 0.08611111111111111
0 0.249609375 0.6263888888888889 0.03828125 0.07777777777777778
0 0.217578125 0.6236111111111111 0.03984375 0.08888888888888889
0 0.1828125 0.6201388888888889 0.0375 0.07916666666666666
0 0.151953125 0.6208333333333333 0.03984375 0.075
0 0.11796875 0.6180555555555556 0.0390625 0.08888888888888889
0 0.08984375 0.6166666666666667 0.0375 0.08888888888888889
0 0.059765625 0.6173611111111111 0.04296875 0.0875
0 0.0296875 0.6152777777777778 0.0484375 0.08333333333333333
0 0.8796875 0.46458333333333335 0.034375 0.0763888888888889
0 0.848828125 0.4673611111111111 0.03359375 0.08194444444444444
0 0.841015625 0.39444444444444443 0.02890625 0.07222222222222222
0 0.80546875 0.3923611111111111 0.0328125 0.07083333333333333
0 0.812890625 0.4618055555555556 0.03046875 0.08194444444444444
0 0.780078125 0.46111111111111114 0.03359375 0.08611111111111111
0 0.770703125 0.3902777777777778 0.02734375 0.06666666666666667
0 0.741015625 0.39166666666666666 0.02578125 0.06111111111111111
0 0.746875 0.4638888888888889 0.0328125 0.08333333333333333
0 0.709765625 0.46111111111111114 0.02890625 0.08611111111111111
0 0.7078125 0.3902777777777778 0.025 0.06111111111111111
0 0.676171875 0.38819444444444445 0.02734375 0.06805555555555555
0 0.679296875 0.4625 0.03046875 0.09166666666666666
0 0.647265625 0.46597222222222223 0.02734375 0.0875
0 0.642578125 0.3909722222222222 0.02734375 0.06527777777777778
0 0.6125 0.3909722222222222 0.025 0.07083333333333333
0 0.612890625 0.46597222222222223 0.02890625 0.07916666666666666
0 0.58359375 0.3958333333333333 0.025 0.06666666666666667
0 0.580078125 0.46597222222222223 0.02890625 0.08194444444444444
0 0.55390625 0.38958333333333334 0.0265625 0.0625
0 0.54921875 0.4618055555555556 0.028125 0.07916666666666666
0 0.522265625 0.4 0.02578125 0.058333333333333334
0 0.517578125 0.46597222222222223 0.03046875 0.0763888888888889
0 0.494921875 0.38958333333333334 0.02734375 0.06805555555555555
0 0.485546875 0.4638888888888889 0.02890625 0.075
0 0.459375 0.4638888888888889 0.028125 0.075
0 0.465625 0.39652777777777776 0.025 0.05138888888888889
0 0.439453125 0.40069444444444446 0.02421875 0.04861111111111111
0 0.409765625 0.40069444444444446 0.02734375 0.05416666666666667
0 0.380078125 0.40069444444444446 0.02421875 0.04861111111111111
0 0.347265625 0.3972222222222222 0.02890625 0.06111111111111111
0 0.3359375 0.46597222222222223 0.03125 0.0763888888888889
0 0.36640625 0.4708333333333333 0.0328125 0.08055555555555556
0 0.398046875 0.4673611111111111 0.03046875 0.07916666666666666
0 0.42890625 0.4652777777777778 0.025 0.07222222222222222
0 0.31015625 0.39305555555555555 0.028125 0.06666666666666667
0 0.290625 0.46875 0.03125 0.07361111111111111
0 0.28046875 0.39791666666666664 0.0359375 0.059722222222222225
0 0.259765625 0.4638888888888889 0.03203125 0.08055555555555556
0 0.2484375 0.40625 0.03125 0.05694444444444444
0 0.233203125 0.46805555555555556 0.03046875 0.06944444444444445
0 0.22421875 0.40069444444444446 0.03125 0.05416666666666667
0 0.2015625 0.46458333333333335 0.0328125 0.07083333333333333
0 0.19296875 0.4027777777777778 0.03125 0.044444444444444446
0 0.17578125 0.46458333333333335 0.0359375 0.0763888888888889
0 0.146484375 0.46458333333333335 0.03203125 0.07083333333333333
0 0.167578125 0.4 0.02734375 0.06111111111111111
0 0.141796875 0.39791666666666664 0.03671875 0.06527777777777778
0 0.11328125 0.40208333333333335 0.0328125 0.04583333333333333
0 0.08671875 0.4027777777777778 0.0375 0.05277777777777778
0 0.062109375 0.40694444444444444 0.03359375 0.058333333333333334
0 0.036328125 0.40625 0.03203125 0.05694444444444444
0 0.016015625 0.4013888888888889 0.03046875 0.06388888888888888
0 0.015234375 0.46041666666666664 0.02734375 0.0625
0 0.0375 0.4638888888888889 0.034375 0.06666666666666667
0 0.06484375 0.46319444444444446 0.034375 0.06805555555555555
0 0.09375 0.4597222222222222 0.034375 0.075
0 0.11484375 0.4638888888888889 0.034375 0.075
0 0.818359375 0.27847222222222223 0.02890625 0.06805555555555555
0 0.786328125 0.27569444444444446 0.02578125 0.06527777777777778
0 0.756640625 0.2777777777777778 0.02265625 0.06111111111111111
0 0.7296875 0.2791666666666667 0.025 0.06666666666666667
0 0.70078125 0.2763888888888889 0.0265625 0.06666666666666667
0 0.67421875 0.28194444444444444 0.021875 0.06388888888888888
0 0.64609375 0.28125 0.0234375 0.0625
0 0.615625 0.2798611111111111 0.0234375 0.0625
0 0.5859375 0.28055555555555556 0.0234375 0.06666666666666667
0 0.557421875 0.28125 0.01953125 0.06805555555555555
0 0.534375 0.2826388888888889 0.0203125 0.06805555555555555
0 0.506640625 0.2847222222222222 0.02109375 0.06388888888888888
0 0.4796875 0.28541666666666665 0.0234375 0.05694444444444444
0 0.453125 0.28680555555555554 0.0265625 0.06527777777777778
0 0.42890625 0.2875 0.028125 0.06944444444444445
0 0.402734375 0.28888888888888886 0.02890625 0.058333333333333334
0 0.37734375 0.2875 0.034375 0.05555555555555555
0 0.337890625 0.2881944444444444 0.02890625 0.05138888888888889
0 0.3109375 0.2916666666666667 0.028125 0.05277777777777778
0 0.286328125 0.2923611111111111 0.02890625 0.059722222222222225
0 0.2609375 0.29097222222222224 0.0375 0.06805555555555555
0 0.234375 0.29375 0.0328125 0.0625
0 0.210546875 0.29097222222222224 0.03203125 0.06527777777777778
0 0.1875 0.2902777777777778 0.0359375 0.058333333333333334
0 0.162890625 0.29097222222222224 0.03359375 0.05694444444444444
0 0.135546875 0.2951388888888889 0.03203125 0.05416666666666667
0 0.112109375 0.29375 0.03046875 0.05138888888888889
0 0.090234375 0.29097222222222224 0.03046875 0.06805555555555555
0 0.065625 0.29375 0.0328125 0.0625
0 0.04296875 0.2951388888888889 0.03125 0.0625
0 0.020703125 0.29583333333333334 0.03359375 0.06388888888888888
0 0.807421875 0.22083333333333333 0.02734375 0.05277777777777778
0 0.7765625 0.21736111111111112 0.028125 0.05694444444444444
0 0.746484375 0.21597222222222223 0.02109375 0.0625
0 0.721875 0.2222222222222222 0.021875 0.05
0 0.698046875 0.21805555555555556 0.02265625 0.05277777777777778
0 0.6703125 0.21597222222222223 0.0234375 0.059722222222222225
0 0.64375 0.22291666666666668 0.0203125 0.05694444444444444
0 0.615234375 0.225 0.02421875 0.05277777777777778
0 0.58671875 0.22291666666666668 0.021875 0.05138888888888889
0 0.56171875 0.22430555555555556 0.0203125 0.059722222222222225
0 0.537890625 0.22083333333333333 0.01953125 0.05555555555555555
0 0.51328125 0.22361111111111112 0.0203125 0.06388888888888888
0 0.484375 0.22847222222222222 0.0203125 0.04861111111111111
0 0.459375 0.23055555555555557 0.021875 0.05277777777777778
0 0.43671875 0.225 0.025 0.05277777777777778
0 0.410546875 0.23194444444444445 0.02578125 0.05
0 0.3859375 0.2326388888888889 0.021875 0.04861111111111111
0 0.346875 0.2361111111111111 0.0265625 0.044444444444444446
0 0.321484375 0.23402777777777778 0.02421875 0.043055555555555555
0 0.297265625 0.2361111111111111 0.02890625 0.044444444444444446
0 0.272265625 0.2375 0.03046875 0.03333333333333333
0 0.24921875 0.2361111111111111 0.0265625 0.041666666666666664
0 0.199609375 0.23819444444444443 0.03359375 0.043055555555555555
0 0.176953125 0.24097222222222223 0.02890625 0.0375
0 0.1546875 0.24791666666666667 0.028125 0.04583333333333333
0 0.13203125 0.24722222222222223 0.0296875 0.044444444444444446
0 0.110546875 0.24583333333333332 0.02734375 0.03888888888888889
0 0.088671875 0.24930555555555556 0.02890625 0.043055555555555555
0 0.067578125 0.25 0.02734375 0.03611111111111111
0 0.04296875 0.25 0.028125 0.03888888888888889
0 0.819921875 0.12638888888888888 0.02734375 0.058333333333333334
0 0.7859375 0.0798611111111111 0.025 0.04583333333333333
0 0.79375 0.13333333333333333 0.0265625 0.06388888888888888
0 0.758984375 0.09097222222222222 0.02265625 0.04027777777777778
0 0.766015625 0.1361111111111111 0.02265625 0.05277777777777778
0 0.732421875 0.09027777777777778 0.02109375 0.044444444444444446
0 0.741015625 0.1375 0.02421875 0.05277777777777778
0 0.70859375 0.09375 0.0171875 0.04861111111111111
0 0.714453125 0.14305555555555555 0.02265625 0.05
0 0.688671875 0.1451388888888889 0.02265625 0.04861111111111111
0 0.6625 0.09722222222222222 0.021875 0.04722222222222222
0 0.665234375 0.1451388888888889 0.01953125 0.05138888888888889
0 0.6390625 0.09444444444444444 0.01875 0.03611111111111111
0 0.641015625 0.14097222222222222 0.02421875 0.059722222222222225
0 0.615234375 0.09861111111111111 0.01953125 0.06111111111111111
0 0.59296875 0.09930555555555555 0.01875 0.04583333333333333
0 0.591796875 0.14375 0.01953125 0.05138888888888889
0 0.57109375 0.10069444444444445 0.01875 0.04027777777777778
0 0.569140625 0.1423611111111111 0.01953125 0.05694444444444444
0 0.546484375 0.1 0.01953125 0.041666666666666664
0 0.54375 0.14375 0.0203125 0.05138888888888889
0 0.5234375 0.10277777777777777 0.0203125 0.044444444444444446
0 0.51953125 0.14722222222222223 0.0203125 0.05555555555555555
0 0.501953125 0.10069444444444445 0.01484375 0.05138888888888889
0 0.494921875 0.14375 0.02109375 0.0625
0 0.47890625 0.10625 0.01875 0.05138888888888889
0 0.4703125 0.14652777777777778 0.0203125 0.05694444444444444
0 0.45859375 0.10902777777777778 0.0203125 0.04027777777777778
0 0.45078125 0.15138888888888888 0.025 0.058333333333333334
0 0.437890625 0.10972222222222222 0.02265625 0.044444444444444446
0 0.428125 0.15555555555555556 0.0203125 0.05
0 0.410546875 0.10694444444444444 0.02421875 0.041666666666666664
0 0.403125 0.15138888888888888 0.021875 0.05277777777777778
0 0.38046875 0.1125 0.01875 0.041666666666666664
0 0.37265625 0.15138888888888888 0.0234375 0.05277777777777778
0 0.357421875 0.10694444444444444 0.01640625 0.03333333333333333
0 0.34453125 0.14722222222222223 0.0234375 0.06388888888888888
0 0.332421875 0.11388888888888889 0.02265625 0.03888888888888889
0 0.321875 0.15555555555555556 0.0203125 0.05277777777777778
0 0.312109375 0.10902777777777778 0.01796875 0.043055555555555555
0 0.3 0.1527777777777778 0.021875 0.058333333333333334
0 0.292578125 0.11180555555555556 0.02421875 0.0375
0 0.278125 0.14722222222222223 0.021875 0.06388888888888888
0 0.26953125 0.11180555555555556 0.0234375 0.0375
0 0.255859375 0.1527777777777778 0.02421875 0.06111111111111111
0 0.246484375 0.11388888888888889 0.02109375 0.041666666666666664
0 0.234375 0.15069444444444444 0.0265625 0.05694444444444444
0 0.226171875 0.1111111111111111 0.02265625 0.03333333333333333
0 0.21484375 0.15347222222222223 0.0296875 0.05416666666666667
0 0.205859375 0.11875 0.01953125 0.034722222222222224
0 0.190234375 0.15694444444444444 0.02734375 0.058333333333333334
0 0.18828125 0.11597222222222223 0.025 0.04583333333333333
0 0.168359375 0.12152777777777778 0.01953125 0.0375
0 0.146875 0.12291666666666666 0.0234375 0.029166666666666667
0 0.126953125 0.12569444444444444 0.02890625 0.04027777777777778
0 0.105859375 0.12777777777777777 0.02734375 0.03888888888888889
0 0.170703125 0.16319444444444445 0.02734375 0.04861111111111111
0 0.15078125 0.16111111111111112 0.025 0.044444444444444446
0 0.130078125 0.1638888888888889 0.02890625 0.04722222222222222
0 0.109765625 0.16597222222222222 0.02734375 0.04861111111111111
0 0.087890625 0.1673611111111111 0.02734375 0.04861111111111111
0 0.01484375 0.1798611111111111 0.0265625 0.03194444444444444
0 0.018359375 0.16041666666666668 0.03203125 0.03194444444444444
0 0.03046875 0.1451388888888889 0.03125 0.029166666666666667
0 0.0390625 0.1284722222222222 0.03125 0.02638888888888889
0 0.04375 0.11736111111111111 0.0296875 0.018055555555555554
0 0.04921875 0.1076388888888889 0.03125 0.02638888888888889
0 0.05625 0.08958333333333333 0.0328125 0.02638888888888889
0 0.069140625 0.08125 0.02890625 0.029166666666666667
0 0.074609375 0.0625 0.02890625 0.027777777777777776
0 0.08359375 0.05 0.028125 0.027777777777777776
0 0.091796875 0.034027777777777775 0.03203125 0.03194444444444444
0 0.10390625 0.018055555555555554 0.0265625 0.022222222222222223
0 0.130078125 0.05555555555555555 0.02734375 0.04722222222222222
0 0.143359375 0.06388888888888888 0.02265625 0.041666666666666664
0 0.16015625 0.06041666666666667 0.021875 0.04027777777777778
0 0.1796875 0.059722222222222225 0.021875 0.03611111111111111
0 0.197265625 0.05486111111111111 0.01953125 0.0375
0 0.21796875 0.05416666666666667 0.021875 0.041666666666666664
0 0.23515625 0.052083333333333336 0.021875 0.043055555555555555
0 0.253515625 0.05347222222222222 0.02421875 0.04027777777777778
0 0.27578125 0.05 0.0234375 0.03888888888888889
0 0.29375 0.049305555555555554 0.021875 0.043055555555555555
0 0.314453125 0.05138888888888889 0.01953125 0.041666666666666664
0 0.33359375 0.04861111111111111 0.0203125 0.041666666666666664
0 0.375 0.049305555555555554 0.021875 0.0375
0 0.399609375 0.044444444444444446 0.01953125 0.04722222222222222
0 0.425390625 0.04513888888888889 0.01953125 0.04861111111111111
0 0.448046875 0.04513888888888889 0.01953125 0.04861111111111111
0 0.46796875 0.04236111111111111 0.01875 0.04583333333333333
0 0.490625 0.041666666666666664 0.015625 0.044444444444444446
0 0.509765625 0.03888888888888889 0.01796875 0.044444444444444446
0 0.530078125 0.03819444444444445 0.02109375 0.04583333333333333
0 0.553125 0.03611111111111111 0.0171875 0.04722222222222222
0 0.5765625 0.03611111111111111 0.0171875 0.03888888888888889
0 0.595703125 0.034027777777777775 0.01796875 0.04027777777777778
0 0.615625 0.03263888888888889 0.01875 0.04027777777777778
0 0.637890625 0.029166666666666667 0.01796875 0.044444444444444446
0 0.6609375 0.029166666666666667 0.0203125 0.041666666666666664
0 0.684765625 0.030555555555555555 0.02109375 0.04722222222222222
0 0.70625 0.027777777777777776 0.01875 0.04722222222222222
0 0.728125 0.02638888888888889 0.01875 0.04722222222222222
0 0.7484375 0.025 0.01875 0.044444444444444446
0 0.7703125 0.025 0.0203125 0.041666666666666664
0 0.795703125 0.025 0.02109375 0.044444444444444446
0 0.81796875 0.024305555555555556 0.01875 0.043055555555555555
0 0.840234375 0.025 0.01796875 0.044444444444444446
0 0.1546875 0.025694444444444443 0.025 0.029166666666666667
0 0.1765625 0.027083333333333334 0.028125 0.02361111111111111
0 0.211328125 0.019444444444444445 0.02265625 0.030555555555555555
0 0.230078125 0.019444444444444445 0.02109375 0.027777777777777776
0 0.2671875 0.01875 0.0203125 0.034722222222222224
0 0.28671875 0.016666666666666666 0.0203125 0.027777777777777776
0 0.30625 0.016666666666666666 0.0203125 0.030555555555555555
0 0.322265625 0.018055555555555554 0.02109375 0.030555555555555555
0 0.341796875 0.019444444444444445 0.02421875 0.03333333333333333
0 0.362109375 0.020833333333333332 0.01796875 0.041666666666666664
0 0.380859375 0.015277777777777777 0.02265625 0.030555555555555555
0 0.40390625 0.013194444444444444 0.0171875 0.02638888888888889
0 0.43125 0.013888888888888888 0.0203125 0.027777777777777776
0 0.453125 0.013194444444444444 0.015625 0.02638888888888889
0 0.472265625 0.010416666666666666 0.01484375 0.020833333333333332
0 0.4921875 0.011111111111111112 0.01875 0.022222222222222223
0 0.51328125 0.009027777777777777 0.0140625 0.018055555555555554
0 0.0078125 0.19791666666666666 0.015625 0.02638888888888889
0 0.158203125 0.9423611111111111 0.04453125 0.09861111111111111
0 0.74765625 0.9409722222222222 0.0375 0.10694444444444444
0 0.9375 0.8715277777777778 0.0734375 0.06527777777777778
0 0.95390625 0.9583333333333334 0.0640625 0.08055555555555556
0 0.92578125 0.34444444444444444 0.034375 0.075
0 0.9078125 0.27708333333333335 0.0359375 0.059722222222222225
0 0.86328125 0.015277777777777777 0.025 0.030555555555555555
0 0.012109375 0.6069444444444444 0.02421875 0.08055555555555556
