0 0.90078125 0.7298611111111111 0.075 0.05138888888888889
0 0.919140625 0.7868055555555555 0.08984375 0.059722222222222225
0 0.958203125 0.9472222222222222 0.06484375 0.09166666666666666
0 0.923828125 0.5145833333333333 0.03203125 0.09305555555555556
0 0.74609375 0.9520833333333333 0.0359375 0.0875
0 0.54296875 0.9541666666666667 0.040625 0.08611111111111111
0 0.496875 0.9513888888888888 0.0328125 0.08611111111111111
0 0.444921875 0.9472222222222222 0.03359375 0.09444444444444444
0 0.25 0.9472222222222222 0.0484375 0.09722222222222222
0 0.11640625 0.9381944444444444 0.0453125 0.11527777777777778
0 0.72578125 0.7284722222222222 0.0390625 0.10416666666666667
0 0.596875 0.7305555555555555 0.0359375 0.1111111111111111
0 0.425 0.7291666666666666 0.0375 0.09444444444444444
0 0.139453125 0.7222222222222222 0.04765625 0.09722222222222222
0 0.100390625 0.7263888888888889 0.05078125 0.09444444444444444
0 0.065234375 0.725 0.05234375 0.09166666666666666
0 0.87734375 0.6284722222222222 0.046875 0.10972222222222222
0 0.840234375 0.6326388888888889 0.03984375 0.09305555555555556
0 0.802734375 0.63125 0.03828125 0.10694444444444444
0 0.76484375 0.6305555555555555 0.034375 0.08333333333333333
0 0.726171875 0.6236111111111111 0.03671875 0.1
0 0.6875 0.6291666666666667 0.0328125 0.08888888888888889
0 0.581640625 0.6222222222222222 0.02890625 0.09166666666666666
0 0.5109375 0.6256944444444444 0.03125 0.08472222222222223
0 0.40390625 0.6194444444444445 0.0390625 0.08888888888888889
0 0.36875 0.6243055555555556 0.040625 0.08194444444444444
0 0.337109375 0.6208333333333333 0.03359375 0.07777777777777778
0 0.3046875 0.6180555555555556 0.0375 0.08888888888888889
0 0.2546875 0.6236111111111111 0.040625 0.08055555555555556
0 0.221484375 0.6208333333333333 0.03984375 0.08055555555555556
0 0.188671875 0.6173611111111111 0.04296875 0.0875
0 0.159375 0.6159722222222223 0.040625 0.07083333333333333
0 0.127734375 0.6145833333333334 0.03984375 0.0763888888888889
0 0.098046875 0.6145833333333334 0.03984375 0.0875
0 0.068359375 0.6097222222222223 0.04296875 0.09444444444444444
0 0.034765625 0.6145833333333334 0.04765625 0.0763888888888889
0 0.852734375 0.4652777777777778 0.03515625 0.08611111111111111
0 0.83828125 0.38958333333333334 0.03125 0.059722222222222225
0 0.804296875 0.3888888888888889 0.03203125 0.06944444444444445
0 0.81484375 0.46041666666666664 0.0328125 0.0763888888888889
0 0.77109375 0.39375 0.0296875 0.07083333333333333
0 0.77890625 0.46319444444444446 0.0296875 0.07361111111111111
0 0.740234375 0.3958333333333333 0.02734375 0.06111111111111111
0 0.744921875 0.4638888888888889 0.03203125 0.075
0 0.712109375 0.46111111111111114 0.02890625 0.08055555555555556
0 0.679296875 0.45902777777777776 0.02578125 0.06527777777777778
0 0.645703125 0.4534722222222222 0.02421875 0.08194444444444444
0 0.61328125 0.3958333333333333 0.0234375 0.06111111111111111
0 0.612890625 0.46319444444444446 0.02421875 0.07361111111111111
0 0.585546875 0.3951388888888889 0.02578125 0.07083333333333333
0 0.583203125 0.46458333333333335 0.02734375 0.06805555555555555
0 0.5546875 0.39444444444444443 0.0296875 0.075
0 0.55078125 0.46319444444444446 0.0265625 0.08194444444444444
0 0.523046875 0.3909722222222222 0.02421875 0.0625
0 0.517578125 0.4597222222222222 0.02734375 0.08055555555555556
0 0.49296875 0.39444444444444443 0.0234375 0.06944444444444445
0 0.48671875 0.46111111111111114 0.025 0.075
0 0.440234375 0.39305555555555555 0.03046875 0.06388888888888888
0 0.41015625 0.3993055555555556 0.0296875 0.06805555555555555
0 0.379296875 0.40208333333333335 0.02890625 0.059722222222222225
0 0.351171875 0.4027777777777778 0.03203125 0.07222222222222222
0 0.36875 0.4652777777777778 0.0296875 0.06388888888888888
0 0.308984375 0.40208333333333335 0.03359375 0.059722222222222225
0 0.294921875 0.4652777777777778 0.03359375 0.06666666666666667
0 0.28125 0.40069444444444446 0.0265625 0.0625
0 0.262109375 0.4652777777777778 0.03203125 0.075
0 0.25234375 0.4013888888888889 0.034375 0.058333333333333334
0 0.237109375 0.45902777777777776 0.03203125 0.06527777777777778
0 0.221875 0.40208333333333335 0.0328125 0.05694444444444444
0 0.203125 0.46458333333333335 0.03125 0.06805555555555555
0 0.19375 0.39861111111111114 0.034375 0.058333333333333334
0 0.17265625 0.4597222222222222 0.0265625 0.06944444444444445
0 0.169921875 0.39652777777777776 0.03203125 0.05694444444444444
0 0.14609375 0.39375 0.0328125 0.06527777777777778
0 0.148828125 0.46111111111111114 0.03671875 0.07222222222222222
0 0.12109375 0.45625 0.0328125 0.07361111111111111
0 0.094140625 0.46041666666666664 0.03203125 0.06527777777777778
0 0.092578125 0.3993055555555556 0.03359375 0.04861111111111111
0 0.066796875 0.40208333333333335 0.03203125 0.05416666666666667
0 0.0390625 0.40069444444444446 0.0359375 0.059722222222222225
0 0.01875 0.4041666666666667 0.034375 0.058333333333333334
0 0.069140625 0.46111111111111114 0.03515625 0.06944444444444445
0 0.040625 0.46111111111111114 0.0359375 0.06111111111111111
0 0.017578125 0.4625 0.03359375 0.06111111111111111
0 0.8203125 0.2763888888888889 0.028125 0.06666666666666667
0 0.760546875 0.27708333333333335 0.02890625 0.059722222222222225
0 0.75234375 0.22569444444444445 0.025 0.04861111111111111
0 0.728125 0.27291666666666664 0.0234375 0.05694444444444444
0 0.698046875 0.2777777777777778 0.02578125 0.06388888888888888
0 0.58984375 0.225 0.0234375 0.06388888888888888
0 0.561328125 0.27847222222222223 0.02421875 0.06527777777777778
0 0.515234375 0.23472222222222222 0.01953125 0.05277777777777778
0 0.4796875 0.2861111111111111 0.028125 0.06388888888888888
0 0.427734375 0.28541666666666665 0.03359375 0.059722222222222225
0 0.385546875 0.23819444444444443 0.02734375 0.05694444444444444
0 0.344921875 0.23819444444444443 0.03359375 0.05416666666666667
0 0.337109375 0.2923611111111111 0.03046875 0.04861111111111111
0 0.309765625 0.2986111111111111 0.02578125 0.04722222222222222
0 0.258984375 0.29375 0.03046875 0.05694444444444444
0 0.233984375 0.2916666666666667 0.03203125 0.06111111111111111
0 0.210546875 0.2902777777777778 0.03203125 0.05277777777777778
0 0.226953125 0.24027777777777778 0.02734375 0.05
0 0.18359375 0.29375 0.0328125 0.0625
0 0.155078125 0.24722222222222223 0.02890625 0.05
0 0.113671875 0.29444444444444445 0.03203125 0.06388888888888888
0 0.08984375 0.29583333333333334 0.0328125 0.058333333333333334
0 0.090625 0.24930555555555556 0.03125 0.0375
0 0.067578125 0.25 0.02578125 0.03333333333333333
0 0.04375 0.2520833333333333 0.0296875 0.04027777777777778
0 0.0203125 0.29444444444444445 0.034375 0.058333333333333334
0 0.0421875 0.2965277777777778 0.0296875 0.05416666666666667
0 0.06796875 0.29375 0.0328125 0.05138888888888889
0 0.015234375 0.17708333333333334 0.03046875 0.034722222222222224
0 0.0421875 0.12638888888888888 0.0359375 0.03333333333333333
0 0.05234375 0.1076388888888889 0.0359375 0.029166666666666667
0 0.06484375 0.09652777777777778 0.034375 0.029166666666666667
0 0.06796875 0.075 0.034375 0.027777777777777776
0 0.078125 0.06041666666666667 0.0296875 0.029166666666666667
0 0.09140625 0.041666666666666664 0.0375 0.027777777777777776
0 0.103515625 0.020833333333333332 0.03046875 0.025
0 0.14296875 0.06388888888888888 0.0203125 0.03611111111111111
0 0.0859375 0.16875 0.0296875 0.04583333333333333
0 0.1078125 0.13194444444444445 0.0203125 0.041666666666666664
0 0.124609375 0.13125 0.02421875 0.04583333333333333
0 0.145703125 0.12777777777777777 0.03046875 0.03611111111111111
0 0.1296875 0.16597222222222222 0.0265625 0.043055555555555555
0 0.1515625 0.15902777777777777 0.0265625 0.04861111111111111
0 0.16640625 0.125 0.025 0.03333333333333333
0 0.185546875 0.12222222222222222 0.02578125 0.03888888888888889
0 0.17265625 0.16111111111111112 0.028125 0.04722222222222222
0 0.1921875 0.16111111111111112 0.028125 0.044444444444444446
0 0.211328125 0.11875 0.02578125 0.043055555555555555
0 0.25546875 0.15555555555555556 0.0234375 0.04722222222222222
0 0.291015625 0.12083333333333333 0.02578125 0.04722222222222222
0 0.29765625 0.08125 0.0359375 0.034722222222222224
0 0.33515625 0.11875 0.0265625 0.04861111111111111
0 0.356640625 0.11736111111111111 0.02109375 0.0375
0 0.37578125 0.11666666666666667 0.021875 0.041666666666666664
0 0.4015625 0.15347222222222223 0.028125 0.04583333333333333
0 0.409765625 0.11597222222222223 0.02421875 0.04027777777777778
0 0.454296875 0.11458333333333333 0.02578125 0.043055555555555555
0 0.478125 0.10902777777777778 0.021875 0.043055555555555555
0 0.5015625 0.11180555555555556 0.025 0.04861111111111111
0 0.525390625 0.1076388888888889 0.02421875 0.05138888888888889
0 0.473046875 0.15208333333333332 0.02734375 0.05138888888888889
0 0.61640625 0.10347222222222222 0.021875 0.05694444444444444
0 0.737890625 0.09722222222222222 0.02265625 0.05277777777777778
0 0.768359375 0.13194444444444445 0.02109375 0.05555555555555555
0 0.7953125 0.12638888888888888 0.0234375 0.06111111111111111
0 0.784765625 0.07916666666666666 0.01953125 0.05
0 0.8203125 0.024305555555555556 0.025 0.043055555555555555
0 0.68359375 0.025694444444444443 0.025 0.04583333333333333
0 0.651953125 0.05555555555555555 0.03671875 0.03611111111111111
0 0.573046875 0.03819444444444445 0.02109375 0.04027777777777778
0 0.510546875 0.04097222222222222 0.02109375 0.04027777777777778
0 0.4734375 0.044444444444444446 0.0203125 0.03611111111111111
0 0.453125 0.04513888888888889 0.0171875 0.04027777777777778
0 0.42734375 0.050694444444444445 0.01875 0.0375
0 0.39609375 0.05 0.01875 0.041666666666666664
0 0.37421875 0.04513888888888889 0.01875 0.043055555555555555
0 0.35390625 0.05138888888888889 0.0203125 0.044444444444444446
0 0.316015625 0.052083333333333336 0.02421875 0.0375
0 0.297265625 0.04652777777777778 0.02421875 0.04027777777777778
0 0.27578125 0.050694444444444445 0.021875 0.04583333333333333
0 0.26796875 0.022916666666666665 0.01875 0.034722222222222224
0 0.323828125 0.02013888888888889 0.01953125 0.034722222222222224
0 0.34453125 0.020833333333333332 0.0203125 0.03333333333333333
0 0.362109375 0.017361111111111112 0.02109375 0.029166666666666667
0 0.382421875 0.01875 0.01953125 0.034722222222222224
0 0.4046875 0.01875 0.01875 0.03194444444444444
0 0.43359375 0.017361111111111112 0.0171875 0.029166666666666667
0 0.302734375 0.01597222222222222 0.01796875 0.029166666666666667
0 0.283203125 0.01875 0.01171875 0.03194444444444444
0 0.248046875 0.019444444444444445 0.01796875 0.03333333333333333
0 0.230859375 0.021527777777777778 0.01796875 0.04027777777777778
0 0.214453125 0.021527777777777778 0.02578125 0.0375
0 0.19453125 0.025 0.021875 0.03888888888888889
0 0.177734375 0.025694444444444443 0.02421875 0.04027777777777778
0 0.159765625 0.029166666666666667 0.02109375 0.041666666666666664
0 0.163671875 0.06388888888888888 0.02578125 0.03333333333333333
0 0.18046875 0.059027777777777776 0.0203125 0.034722222222222224
0 0.20078125 0.05763888888888889 0.021875 0.034722222222222224
0 0.220703125 0.05555555555555555 0.01640625 0.041666666666666664
0 0.237109375 0.05625 0.02578125 0.04583333333333333
0 0.47421875 0.013194444444444444 0.015625 0.02638888888888889
0 0.49453125 0.014583333333333334 0.01875 0.029166666666666667
0 0.516015625 0.011805555555555555 0.01796875 0.02361111111111111
0 0.536328125 0.014583333333333334 0.01953125 0.029166666666666667
0 0.5578125 0.013888888888888888 0.0140625 0.027777777777777776
0 0.57734375 0.008333333333333333 0.0171875 0.016666666666666666
0 0.596484375 0.0125 0.01640625 0.025
0 0.6171875 0.009027777777777777 0.021875 0.018055555555555554
0 0.638671875 0.009722222222222222 0.01796875 0.019444444444444445
0 0.0125 0.6131944444444445 0.025 0.07083333333333333
0 0.009375 0.19652777777777777 0.01875 0.029166666666666667
0 0.1078125 0.008333333333333333 0.034375 0.016666666666666666
