0 0.63828125 0.4486111111111111 0.0 0.0
0 0.746875 0.9402777777777778 0.04375 0.10833333333333334
0 0.9265625 0.8534722222222222 0.075 0.07083333333333333
0 0.95546875 0.95625 0.071875 0.0763888888888889
0 0.957421875 0.6430555555555556 0.04609375 0.11666666666666667
0 0.957421875 0.475 0.03671875 0.08055555555555556
0 0.900390625 0.7236111111111111 0.08046875 0.06666666666666667
0 0.911328125 0.7875 0.07109375 0.06388888888888888
0 0.878125 0.6256944444444444 0.0421875 0.09583333333333334
0 0.837890625 0.6326388888888889 0.03828125 0.09305555555555556
0 0.5953125 0.7291666666666666 0.040625 0.10277777777777777
0 0.700390625 0.9527777777777777 0.03515625 0.08333333333333333
0 0.537890625 0.9479166666666666 0.03984375 0.09583333333333334
0 0.508984375 0.625 0.03203125 0.08055555555555556
0 0.64296875 0.45902777777777776 0.025 0.07361111111111111
0 0.677734375 0.39861111111111114 0.02890625 0.08055555555555556
0 0.71015625 0.4583333333333333 0.0296875 0.08888888888888889
0 0.746484375 0.4666666666666667 0.03046875 0.08333333333333333
0 0.78046875 0.4618055555555556 0.0296875 0.07916666666666666
0 0.81328125 0.4625 0.0359375 0.07777777777777778
0 0.852734375 0.46458333333333335 0.03515625 0.08194444444444444
0 0.840625 0.3923611111111111 0.03125 0.06805555555555555
0 0.805078125 0.39305555555555555 0.02890625 0.06388888888888888
0 0.770703125 0.3875 0.03046875 0.07222222222222222
0 0.73828125 0.3902777777777778 0.0296875 0.06944444444444445
0 0.615625 0.39305555555555555 0.025 0.07222222222222222
0 0.5796875 0.45625 0.0296875 0.07083333333333333
0 0.519921875 0.45694444444444443 0.02890625 0.07222222222222222
0 0.81796875 0.27569444444444446 0.0296875 0.07083333333333333
0 0.78671875 0.27361111111111114 0.028125 0.06388888888888888
0 0.700390625 0.2743055555555556 0.02421875 0.06527777777777778
0 0.670703125 0.27291666666666664 0.02890625 0.06527777777777778
0 0.534765625 0.27847222222222223 0.02734375 0.06527777777777778
0 0.42890625 0.28125 0.028125 0.06805555555555555
0 0.408984375 0.23541666666666666 0.02421875 0.06527777777777778
0 0.297265625 0.23958333333333334 0.02890625 0.05416666666666667
0 0.39921875 0.4618055555555556 0.0328125 0.07916666666666666
0 0.349609375 0.40069444444444446 0.03203125 0.06805555555555555
0 0.3375 0.47430555555555554 0.0375 0.07916666666666666
0 0.3390625 0.6201388888888889 0.0375 0.09027777777777778
0 0.306640625 0.6194444444444445 0.03828125 0.08611111111111111
0 0.30078125 0.7277777777777777 0.0359375 0.09166666666666666
0 0.25859375 0.7284722222222222 0.0453125 0.10694444444444444
0 0.25234375 0.6208333333333333 0.0390625 0.08888888888888889
0 0.186328125 0.6194444444444445 0.03828125 0.08611111111111111
0 0.13984375 0.7222222222222222 0.046875 0.10277777777777777
0 0.248828125 0.9465277777777777 0.04140625 0.10138888888888889
0 0.20078125 0.9472222222222222 0.0453125 0.1
0 0.159375 0.9430555555555555 0.0375 0.10555555555555556
0 0.030078125 0.7215277777777778 0.04609375 0.09861111111111111
0 0.09921875 0.6069444444444444 0.0453125 0.08888888888888889
0 0.06328125 0.6104166666666667 0.04375 0.09861111111111111
0 0.083203125 0.53125 0.05234375 0.04861111111111111
0 0.260546875 0.4638888888888889 0.03046875 0.07222222222222222
0 0.276953125 0.39861111111111114 0.03671875 0.06944444444444445
0 0.307421875 0.4041666666666667 0.03515625 0.06666666666666667
0 0.230859375 0.46458333333333335 0.03203125 0.07361111111111111
0 0.221484375 0.40555555555555556 0.03203125 0.06666666666666667
0 0.17421875 0.4638888888888889 0.0421875 0.07222222222222222
0 0.16640625 0.4041666666666667 0.0375 0.06666666666666667
0 0.118359375 0.3972222222222222 0.04140625 0.07222222222222222
0 0.121875 0.4673611111111111 0.0421875 0.06527777777777778
0 0.0671875 0.46041666666666664 0.040625 0.07083333333333333
0 0.065625 0.4048611111111111 0.0375 0.05416666666666667
0 0.039453125 0.4048611111111111 0.03359375 0.05416666666666667
0 0.04140625 0.4625 0.0390625 0.06944444444444445
0 0.017578125 0.4618055555555556 0.03203125 0.06527777777777778
0 0.639453125 0.09722222222222222 0.02109375 0.058333333333333334
0 0.59453125 0.09861111111111111 0.01875 0.058333333333333334
0 0.77265625 0.022222222222222223 0.0234375 0.041666666666666664
0 0.658984375 0.029166666666666667 0.02265625 0.044444444444444446
0 0.596484375 0.030555555555555555 0.02109375 0.04722222222222222
0 0.5734375 0.03263888888888889 0.01875 0.04861111111111111
0 0.510546875 0.035416666666666666 0.02109375 0.04027777777777778
0 0.4265625 0.041666666666666664 0.021875 0.044444444444444446
0 0.398046875 0.04722222222222222 0.01953125 0.044444444444444446
0 0.381640625 0.018055555555555554 0.01796875 0.030555555555555555
0 0.344140625 0.018055555555555554 0.01953125 0.030555555555555555
0 0.32578125 0.016666666666666666 0.01875 0.030555555555555555
0 0.305078125 0.01597222222222222 0.02109375 0.029166666666666667
0 0.31484375 0.05 0.028125 0.03611111111111111
0 0.287109375 0.016666666666666666 0.01953125 0.027777777777777776
0 0.267578125 0.019444444444444445 0.01953125 0.03333333333333333
0 0.248046875 0.01875 0.02265625 0.03194444444444444
0 0.226953125 0.025694444444444443 0.02734375 0.034722222222222224
0 0.209765625 0.027083333333333334 0.02109375 0.03194444444444444
0 0.1921875 0.025694444444444443 0.0234375 0.029166666666666667
0 0.175 0.029861111111111113 0.021875 0.02638888888888889
0 0.15546875 0.03125 0.0203125 0.034722222222222224
0 0.276171875 0.050694444444444445 0.02265625 0.04027777777777778
0 0.25546875 0.052083333333333336 0.021875 0.043055555555555555
0 0.236328125 0.052083333333333336 0.02421875 0.043055555555555555
0 0.198828125 0.058333333333333334 0.02421875 0.041666666666666664
0 0.1796875 0.059027777777777776 0.0203125 0.043055555555555555
0 0.15859375 0.06458333333333334 0.01875 0.04027777777777778
0 0.144921875 0.06180555555555556 0.02265625 0.04027777777777778
0 0.428125 0.15138888888888888 0.0203125 0.05277777777777778
0 0.411328125 0.11458333333333333 0.02109375 0.04861111111111111
0 0.380078125 0.11319444444444444 0.02265625 0.04583333333333333
0 0.37109375 0.15555555555555556 0.0234375 0.05555555555555555
0 0.212890625 0.15347222222222223 0.02265625 0.05138888888888889
0 0.189453125 0.21041666666666667 0.02734375 0.05416666666666667
0 0.1921875 0.15486111111111112 0.021875 0.04861111111111111
0 0.18984375 0.12083333333333333 0.0234375 0.041666666666666664
0 0.165234375 0.12291666666666666 0.02265625 0.05138888888888889
0 0.172265625 0.15763888888888888 0.02421875 0.04583333333333333
0 0.109375 0.12638888888888888 0.0265625 0.041666666666666664
0 0.111328125 0.16944444444444445 0.02890625 0.044444444444444446
0 0.0890625 0.16527777777777777 0.0296875 0.04722222222222222
0 0.13359375 0.2465277777777778 0.028125 0.04861111111111111
0 0.109765625 0.24513888888888888 0.02734375 0.043055555555555555
0 0.087890625 0.2465277777777778 0.02734375 0.043055555555555555
0 0.069140625 0.2423611111111111 0.03203125 0.05694444444444444
0 0.04296875 0.24791666666666667 0.025 0.043055555555555555
0 0.0203125 0.29375 0.0296875 0.05138888888888889
0 0.0453125 0.29444444444444445 0.0265625 0.04722222222222222
0 0.06953125 0.29444444444444445 0.0328125 0.05555555555555555
0 0.091796875 0.29583333333333334 0.03046875 0.06666666666666667
0 0.02890625 0.14444444444444443 0.04375 0.03333333333333333
0 0.040234375 0.12152777777777778 0.04140625 0.02638888888888889
0 0.053515625 0.10555555555555556 0.03046875 0.022222222222222223
0 0.05859375 0.09305555555555556 0.0375 0.027777777777777776
0 0.067578125 0.07569444444444444 0.03046875 0.02638888888888889
0 0.090625 0.0375 0.0390625 0.030555555555555555
0 0.10078125 0.022222222222222223 0.03125 0.025
0 0.012890625 0.6090277777777777 0.02578125 0.0875
0 0.0109375 0.1951388888888889 0.021875 0.03194444444444444
0 0.10703125 0.008333333333333333 0.0296875 0.016666666666666666
0 0.432421875 0.013888888888888888 0.01640625 0.027777777777777776
0 0.452734375 0.014583333333333334 0.01484375 0.029166666666666667
0 0.475390625 0.014583333333333334 0.01796875 0.029166666666666667
0 0.909375 0.2916666666666667 0.034375 0.06666666666666667
0 0.894921875 0.23125 0.03046875 0.05138888888888889
