0 0.54296875 0.9493055555555555 0.034375 0.09861111111111111
0 0.3109375 0.6152777777777778 0.040625 0.09166666666666666
0 0.256640625 0.6145833333333334 0.03828125 0.09583333333333334
0 0.3984375 0.46805555555555556 0.0328125 0.075
0 0.491796875 0.04513888888888889 0.02109375 0.04583333333333333
0 0.449609375 0.04791666666666667 0.01953125 0.0375
0 0.454296875 0.015277777777777777 0.01953125 0.030555555555555555
0 0.43359375 0.013888888888888888 0.0171875 0.027777777777777776
0 0.427734375 0.04791666666666667 0.02109375 0.04027777777777778
0 0.403125 0.02013888888888889 0.021875 0.0375
0 0.314453125 0.050694444444444445 0.02421875 0.04583333333333333
0 0.296484375 0.04652777777777778 0.02265625 0.04583333333333333
0 0.26953125 0.021527777777777778 0.0234375 0.03194444444444444
0 0.2359375 0.021527777777777778 0.0234375 0.04027777777777778
0 0.213671875 0.025694444444444443 0.02421875 0.0375
0 0.157421875 0.027083333333333334 0.03046875 0.03194444444444444
0 0.1640625 0.06388888888888888 0.0265625 0.041666666666666664
0 0.1421875 0.0625 0.025 0.03611111111111111
0 0.218359375 0.06388888888888888 0.02890625 0.03888888888888889
0 0.259375 0.06111111111111111 0.025 0.03611111111111111
0 0.2703125 0.12013888888888889 0.0296875 0.05138888888888889
0 0.229296875 0.12291666666666666 0.02890625 0.0375
0 0.128125 0.13333333333333333 0.03125 0.04722222222222222
0 0.555859375 0.015277777777777777 0.01953125 0.030555555555555555
