0 0.23515625 0.2881944444444444 0.0359375 0.0625
0 0.259765625 0.2902777777777778 0.03515625 0.06666666666666667
0 0.286328125 0.2902777777777778 0.03359375 0.06666666666666667
0 0.3109375 0.28888888888888886 0.0359375 0.06666666666666667
0 0.336328125 0.29097222222222224 0.03359375 0.0625
0 0.3765625 0.2875 0.0328125 0.06388888888888888
0 0.404296875 0.2881944444444444 0.02734375 0.059722222222222225
0 0.430078125 0.2902777777777778 0.02578125 0.06388888888888888
0 0.4546875 0.2875 0.0265625 0.06388888888888888
0 0.48125 0.28888888888888886 0.028125 0.06111111111111111
0 0.50625 0.28680555555555554 0.025 0.05416666666666667
0 0.5328125 0.28680555555555554 0.0265625 0.05694444444444444
0 0.5609375 0.28194444444444444 0.025 0.05277777777777778
0 0.588671875 0.2826388888888889 0.02890625 0.059722222222222225
0 0.61796875 0.2826388888888889 0.025 0.059722222222222225
0 0.644140625 0.28125 0.02734375 0.05416666666666667
0 0.673046875 0.28125 0.02734375 0.05416666666666667
0 0.701171875 0.27847222222222223 0.02734375 0.05138888888888889
0 0.731640625 0.28055555555555556 0.03046875 0.05555555555555555
0 0.7609375 0.27708333333333335 0.028125 0.0625
0 0.78671875 0.27708333333333335 0.03125 0.05416666666666667
0 0.81640625 0.2743055555555556 0.0359375 0.0625
0 0.19765625 0.40069444444444446 0.0421875 0.059722222222222225
0 0.223046875 0.3993055555555556 0.04140625 0.0625
0 0.249609375 0.4013888888888889 0.03828125 0.06388888888888888
0 0.281640625 0.4013888888888889 0.03984375 0.058333333333333334
0 0.312890625 0.4027777777777778 0.03671875 0.06111111111111111
0 0.350390625 0.40208333333333335 0.03515625 0.05694444444444444
0 0.375390625 0.4013888888888889 0.03515625 0.06111111111111111
0 0.409765625 0.3958333333333333 0.03359375 0.058333333333333334
0 0.436328125 0.39791666666666664 0.03359375 0.05694444444444444
0 0.465234375 0.39652777777777776 0.03515625 0.0625
0 0.495703125 0.3958333333333333 0.03203125 0.06111111111111111
0 0.521875 0.39652777777777776 0.03125 0.059722222222222225
0 0.553125 0.3951388888888889 0.0296875 0.06805555555555555
0 0.58359375 0.39652777777777776 0.0296875 0.059722222222222225
0 0.61328125 0.39305555555555555 0.034375 0.06388888888888888
0 0.647265625 0.3888888888888889 0.03046875 0.07222222222222222
0 0.67890625 0.39375 0.03125 0.07361111111111111
0 0.709375 0.38958333333333334 0.0359375 0.07361111111111111
0 0.741015625 0.39166666666666666 0.03203125 0.06944444444444445
0 0.7734375 0.39166666666666666 0.0375 0.075
0 0.806640625 0.3909722222222222 0.03359375 0.07083333333333333
0 0.839453125 0.39166666666666666 0.03671875 0.06666666666666667
0 0.176171875 0.4618055555555556 0.03671875 0.07916666666666666
0 0.205078125 0.4638888888888889 0.04453125 0.08055555555555556
0 0.232421875 0.4597222222222222 0.03984375 0.08333333333333333
0 0.26015625 0.4673611111111111 0.040625 0.07916666666666666
0 0.291015625 0.4652777777777778 0.03671875 0.08055555555555556
0 0.335546875 0.46875 0.03046875 0.08472222222222223
0 0.3671875 0.4666666666666667 0.0421875 0.08333333333333333
0 0.39453125 0.46805555555555556 0.0375 0.07777777777777778
0 0.42734375 0.4638888888888889 0.0375 0.08333333333333333
0 0.456640625 0.46805555555555556 0.03046875 0.075
0 0.48984375 0.46805555555555556 0.0328125 0.075
0 0.51875 0.46875 0.0328125 0.07083333333333333
0 0.55234375 0.46597222222222223 0.0265625 0.07083333333333333
0 0.582421875 0.4673611111111111 0.03203125 0.07083333333333333
0 0.613671875 0.4666666666666667 0.02890625 0.07222222222222222
0 0.646875 0.4638888888888889 0.03125 0.07222222222222222
0 0.68046875 0.4673611111111111 0.03125 0.07083333333333333
0 0.71171875 0.4652777777777778 0.0359375 0.06666666666666667
0 0.74609375 0.46597222222222223 0.0328125 0.07361111111111111
0 0.77890625 0.46319444444444446 0.0390625 0.07361111111111111
0 0.812109375 0.46597222222222223 0.03515625 0.06805555555555555
0 0.8484375 0.4597222222222222 0.0421875 0.075
0 0.121875 0.6152777777777778 0.0453125 0.08333333333333333
0 0.1515625 0.6180555555555556 0.0453125 0.07777777777777778
0 0.187109375 0.61875 0.04453125 0.07916666666666666
0 0.2515625 0.6222222222222222 0.0421875 0.075
0 0.30234375 0.61875 0.0390625 0.07083333333333333
0 0.33671875 0.6166666666666667 0.040625 0.07777777777777778
0 0.37265625 0.6201388888888889 0.0484375 0.08472222222222223
0 0.405078125 0.6201388888888889 0.04140625 0.07916666666666666
0 0.47109375 0.6222222222222222 0.0359375 0.08055555555555556
0 0.506640625 0.6243055555555556 0.03671875 0.0875
0 0.54140625 0.6208333333333333 0.0375 0.07777777777777778
0 0.57890625 0.6222222222222222 0.0359375 0.08611111111111111
0 0.6140625 0.6201388888888889 0.0359375 0.08194444444444444
0 0.651953125 0.6256944444444444 0.03671875 0.08194444444444444
0 0.689453125 0.6277777777777778 0.04140625 0.08333333333333333
0 0.7640625 0.625 0.040625 0.08888888888888889
0 0.801171875 0.6277777777777778 0.04453125 0.09166666666666666
0 0.837109375 0.6236111111111111 0.04140625 0.08888888888888889
0 0.875 0.6215277777777778 0.0484375 0.0875
0 0.059375 0.7333333333333333 0.053125 0.075
0 0.095703125 0.7368055555555556 0.05546875 0.08472222222222223
0 0.1375 0.7388888888888889 0.0546875 0.08611111111111111
0 0.1765625 0.7388888888888889 0.059375 0.08888888888888889
0 0.25703125 0.7368055555555556 0.053125 0.0875
0 0.300390625 0.7354166666666667 0.05234375 0.07916666666666666
0 0.429296875 0.7409722222222223 0.04921875 0.08194444444444444
0 0.510546875 0.7479166666666667 0.04609375 0.0875
0 0.251953125 0.9486111111111111 0.04453125 0.1
0 0.90390625 0.7277777777777777 0.071875 0.05555555555555555
0 0.918359375 0.7868055555555555 0.08671875 0.04861111111111111
0 0.9296875 0.84375 0.0796875 0.05138888888888889
0 0.95234375 0.9465277777777777 0.0671875 0.09861111111111111
0 0.98671875 0.6229166666666667 0.0234375 0.0875
0 0.9609375 0.4847222222222222 0.040625 0.08888888888888889
0 0.943359375 0.4048611111111111 0.03828125 0.08194444444444444
0 0.928125 0.3368055555555556 0.0375 0.07361111111111111
0 0.829296875 0.7409722222222223 0.04609375 0.10972222222222222
0 0.72734375 0.7305555555555555 0.034375 0.09722222222222222
0 0.594140625 0.7347222222222223 0.03359375 0.10833333333333334
0 0.552734375 0.7430555555555556 0.03203125 0.09722222222222222
0 0.021484375 0.7263888888888889 0.03984375 0.09166666666666666
0 0.09375 0.61875 0.040625 0.0763888888888889
0 0.0625 0.6131944444444445 0.0453125 0.09305555555555556
0 0.028125 0.6125 0.053125 0.1
0 0.1671875 0.40208333333333335 0.0375 0.0625
0 0.144921875 0.46875 0.03359375 0.06805555555555555
0 0.11484375 0.4666666666666667 0.034375 0.07222222222222222
0 0.1140625 0.4048611111111111 0.034375 0.0625
0 0.08828125 0.4013888888888889 0.0390625 0.06111111111111111
0 0.087109375 0.46875 0.03828125 0.0763888888888889
0 0.0640625 0.4652777777777778 0.0390625 0.075
0 0.03828125 0.46458333333333335 0.034375 0.07083333333333333
0 0.058984375 0.4041666666666667 0.03828125 0.05277777777777778
0 0.03515625 0.4048611111111111 0.0328125 0.05416666666666667
0 0.013671875 0.40625 0.02734375 0.05138888888888889
0 0.014453125 0.46597222222222223 0.02578125 0.07083333333333333
0 0.81015625 0.22013888888888888 0.0296875 0.05138888888888889
0 0.783203125 0.22152777777777777 0.02734375 0.05416666666666667
0 0.755859375 0.22152777777777777 0.02578125 0.0625
0 0.72734375 0.21458333333333332 0.025 0.0625
0 0.700390625 0.22569444444444445 0.02578125 0.05138888888888889
0 0.647265625 0.2263888888888889 0.02265625 0.058333333333333334
0 0.6171875 0.22430555555555556 0.0234375 0.05138888888888889
0 0.590234375 0.2263888888888889 0.02109375 0.05277777777777778
0 0.5640625 0.2263888888888889 0.025 0.06111111111111111
0 0.5390625 0.23194444444444445 0.0203125 0.05
0 0.5140625 0.2263888888888889 0.0234375 0.04722222222222222
0 0.48828125 0.23055555555555557 0.021875 0.05555555555555555
0 0.4609375 0.22916666666666666 0.0234375 0.058333333333333334
0 0.434765625 0.23402777777777778 0.02109375 0.05138888888888889
0 0.411328125 0.23055555555555557 0.02265625 0.05277777777777778
0 0.38515625 0.23402777777777778 0.021875 0.05416666666666667
0 0.348046875 0.2388888888888889 0.02578125 0.05277777777777778
0 0.318359375 0.23819444444444443 0.02578125 0.04861111111111111
0 0.294140625 0.23819444444444443 0.02421875 0.05138888888888889
0 0.270703125 0.24097222222222223 0.02890625 0.05694444444444444
0 0.246484375 0.24027777777777778 0.02890625 0.05
0 0.2234375 0.24097222222222223 0.0265625 0.05138888888888889
0 0.201171875 0.23819444444444443 0.02578125 0.059722222222222225
0 0.2046875 0.29583333333333334 0.028125 0.06388888888888888
0 0.18125 0.2965277777777778 0.0328125 0.06527777777777778
0 0.175390625 0.23958333333333334 0.02578125 0.05138888888888889
0 0.15390625 0.24305555555555555 0.0296875 0.05
0 0.155078125 0.29375 0.02578125 0.0625
0 0.134765625 0.29375 0.02734375 0.06527777777777778
0 0.11328125 0.29305555555555557 0.0328125 0.06388888888888888
0 0.13359375 0.2361111111111111 0.0296875 0.058333333333333334
0 0.105859375 0.2423611111111111 0.02734375 0.05138888888888889
0 0.084765625 0.24444444444444444 0.02890625 0.05277777777777778
0 0.062109375 0.24930555555555556 0.02109375 0.04583333333333333
0 0.040625 0.24791666666666667 0.03125 0.04583333333333333
0 0.01796875 0.2965277777777778 0.034375 0.0625
0 0.03984375 0.29930555555555555 0.034375 0.05694444444444444
0 0.063671875 0.2951388888888889 0.02890625 0.05694444444444444
0 0.086328125 0.29583333333333334 0.02578125 0.05277777777777778
0 0.79609375 0.13194444444444445 0.025 0.05555555555555555
0 0.787109375 0.08958333333333333 0.02265625 0.04861111111111111
0 0.761328125 0.08541666666666667 0.02421875 0.04583333333333333
0 0.771484375 0.13333333333333333 0.02265625 0.05277777777777778
0 0.7375 0.09375 0.0203125 0.0375
0 0.742578125 0.13680555555555557 0.02578125 0.05694444444444444
0 0.715234375 0.08402777777777778 0.02421875 0.04027777777777778
0 0.716015625 0.13125 0.02265625 0.059722222222222225
0 0.68984375 0.09166666666666666 0.0234375 0.041666666666666664
0 0.691796875 0.1388888888888889 0.02265625 0.05277777777777778
0 0.66484375 0.09166666666666666 0.01875 0.041666666666666664
0 0.666796875 0.1375 0.02421875 0.05277777777777778
0 0.643359375 0.08958333333333333 0.01953125 0.043055555555555555
0 0.641796875 0.1388888888888889 0.02109375 0.06111111111111111
0 0.618359375 0.08958333333333333 0.02109375 0.05138888888888889
0 0.615625 0.14305555555555555 0.0234375 0.05277777777777778
0 0.59453125 0.09930555555555555 0.021875 0.04583333333333333
0 0.593359375 0.14930555555555555 0.01953125 0.04861111111111111
0 0.57109375 0.09791666666666667 0.021875 0.043055555555555555
0 0.56875 0.14375 0.021875 0.04861111111111111
0 0.5484375 0.10138888888888889 0.0234375 0.04722222222222222
0 0.544921875 0.14583333333333334 0.01953125 0.05555555555555555
0 0.52421875 0.10138888888888889 0.0203125 0.041666666666666664
0 0.521875 0.1451388888888889 0.021875 0.04583333333333333
0 0.501953125 0.10277777777777777 0.01796875 0.03333333333333333
0 0.49765625 0.14722222222222223 0.025 0.05277777777777778
0 0.480078125 0.10347222222222222 0.01796875 0.0375
0 0.473828125 0.14930555555555555 0.01796875 0.05694444444444444
0 0.45390625 0.1076388888888889 0.0171875 0.04861111111111111
0 0.449609375 0.15 0.01796875 0.05277777777777778
0 0.4328125 0.10694444444444444 0.01875 0.041666666666666664
0 0.42578125 0.1527777777777778 0.0203125 0.05555555555555555
0 0.409375 0.11180555555555556 0.0234375 0.04583333333333333
0 0.402734375 0.15486111111111112 0.02109375 0.05138888888888889
0 0.38046875 0.11041666666666666 0.021875 0.034722222222222224
0 0.371484375 0.14583333333333334 0.02421875 0.058333333333333334
0 0.35703125 0.1111111111111111 0.021875 0.03888888888888889
0 0.33359375 0.11180555555555556 0.0171875 0.0375
0 0.31484375 0.10972222222222222 0.0234375 0.04722222222222222
0 0.28828125 0.1076388888888889 0.0203125 0.03194444444444444
0 0.2671875 0.11666666666666667 0.01875 0.04722222222222222
0 0.24765625 0.11388888888888889 0.0203125 0.041666666666666664
0 0.226171875 0.11319444444444444 0.02265625 0.04027777777777778
0 0.2046875 0.12291666666666666 0.0265625 0.034722222222222224
0 0.184765625 0.12083333333333333 0.02578125 0.03888888888888889
0 0.165234375 0.12291666666666666 0.02734375 0.04027777777777778
0 0.145703125 0.12361111111111112 0.02578125 0.03888888888888889
0 0.12265625 0.12777777777777777 0.0265625 0.041666666666666664
0 0.104296875 0.125 0.02421875 0.03611111111111111
0 0.0875 0.16180555555555556 0.0265625 0.04861111111111111
0 0.10546875 0.16597222222222222 0.0234375 0.04583333333333333
0 0.128515625 0.16458333333333333 0.02421875 0.04583333333333333
0 0.149609375 0.15902777777777777 0.02578125 0.04861111111111111
0 0.169140625 0.15763888888888888 0.02578125 0.04861111111111111
0 0.191796875 0.15763888888888888 0.02421875 0.04861111111111111
0 0.2140625 0.15555555555555556 0.021875 0.05277777777777778
0 0.2375 0.15555555555555556 0.0234375 0.05
0 0.27890625 0.1527777777777778 0.025 0.04722222222222222
0 0.298828125 0.1486111111111111 0.02265625 0.05555555555555555
0 0.320703125 0.15416666666666667 0.02265625 0.05
0 0.34609375 0.15486111111111112 0.0234375 0.05138888888888889
0 0.0125 0.17708333333333334 0.0234375 0.029166666666666667
0 0.019140625 0.15902777777777777 0.03359375 0.02638888888888889
0 0.028125 0.14027777777777778 0.0453125 0.027777777777777776
0 0.036328125 0.12361111111111112 0.03671875 0.027777777777777776
0 0.0453125 0.11041666666666666 0.040625 0.029166666666666667
0 0.05625 0.09166666666666666 0.0359375 0.025
0 0.06484375 0.07361111111111111 0.0375 0.022222222222222223
0 0.07421875 0.059722222222222225 0.034375 0.027777777777777776
0 0.081640625 0.04652777777777778 0.03203125 0.02638888888888889
0 0.091015625 0.034027777777777775 0.03359375 0.02361111111111111
0 0.096484375 0.019444444444444445 0.02890625 0.025
0 0.1390625 0.0625 0.025 0.03888888888888889
0 0.15625 0.0625 0.021875 0.03333333333333333
0 0.177734375 0.058333333333333334 0.02265625 0.044444444444444446
0 0.15234375 0.029166666666666667 0.0265625 0.03611111111111111
0 0.172265625 0.030555555555555555 0.01953125 0.030555555555555555
0 0.208203125 0.025 0.01953125 0.027777777777777776
0 0.229296875 0.020833333333333332 0.01953125 0.025
0 0.198046875 0.05555555555555555 0.02265625 0.03888888888888889
0 0.214453125 0.05138888888888889 0.02265625 0.041666666666666664
0 0.23359375 0.05277777777777778 0.0265625 0.03888888888888889
0 0.25234375 0.050694444444444445 0.0203125 0.04027777777777778
0 0.273046875 0.050694444444444445 0.02265625 0.043055555555555555
0 0.292578125 0.049305555555555554 0.02265625 0.043055555555555555
0 0.3125 0.04791666666666667 0.021875 0.04583333333333333
0 0.330859375 0.04652777777777778 0.02421875 0.04583333333333333
0 0.353125 0.04652777777777778 0.0265625 0.04861111111111111
0 0.37265625 0.04513888888888889 0.021875 0.043055555555555555
0 0.39375 0.04652777777777778 0.0203125 0.04583333333333333
0 0.44921875 0.04027777777777778 0.0234375 0.044444444444444446
0 0.469140625 0.03958333333333333 0.01796875 0.04583333333333333
0 0.48984375 0.03958333333333333 0.021875 0.05138888888888889
0 0.510546875 0.034722222222222224 0.01796875 0.044444444444444446
0 0.530078125 0.03680555555555556 0.02109375 0.05138888888888889
0 0.55234375 0.03333333333333333 0.021875 0.05
0 0.57421875 0.03333333333333333 0.021875 0.05277777777777778
0 0.596484375 0.03263888888888889 0.01953125 0.04583333333333333
0 0.619140625 0.029861111111111113 0.02109375 0.04583333333333333
0 0.6421875 0.029166666666666667 0.01875 0.041666666666666664
0 0.664453125 0.03125 0.01796875 0.0375
0 0.686328125 0.02847222222222222 0.01640625 0.04861111111111111
0 0.705859375 0.025 0.01953125 0.041666666666666664
0 0.72890625 0.024305555555555556 0.0203125 0.04027777777777778
0 0.7515625 0.02361111111111111 0.01875 0.044444444444444446
0 0.77421875 0.022222222222222223 0.01875 0.044444444444444446
0 0.796484375 0.022222222222222223 0.01953125 0.03888888888888889
0 0.81875 0.025 0.01875 0.044444444444444446
0 0.842578125 0.025694444444444443 0.02265625 0.04583333333333333
0 0.10546875 0.009027777777777777 0.03125 0.018055555555555554
0 0.2125 0.9319444444444445 0.0375 0.1
0 0.548046875 0.9604166666666667 0.03515625 0.0763888888888889
0 0.866796875 0.015277777777777777 0.02734375 0.030555555555555555
0 0.268359375 0.013888888888888888 0.01953125 0.027777777777777776
0 0.287109375 0.013194444444444444 0.02109375 0.02638888888888889
0 0.305859375 0.014583333333333334 0.01796875 0.029166666666666667
0 0.3234375 0.014583333333333334 0.021875 0.029166666666666667
0 0.34296875 0.014583333333333334 0.0203125 0.029166666666666667
0 0.363671875 0.013194444444444444 0.02265625 0.02638888888888889
0 0.38203125 0.013888888888888888 0.0203125 0.027777777777777776
0 0.403125 0.011805555555555555 0.0171875 0.02361111111111111
0 0.432421875 0.017361111111111112 0.02109375 0.034722222222222224
0 0.453125 0.010416666666666666 0.0171875 0.020833333333333332
0 0.475 0.011111111111111112 0.0171875 0.022222222222222223
0 0.4953125 0.011111111111111112 0.0203125 0.022222222222222223
0 0.7078125 0.9631944444444445 0.046875 0.07083333333333333
