0 0.2484375 0.9486111111111111 0.046875 0.09444444444444444
0 0.398828125 0.95 0.04296875 0.08611111111111111
0 0.4484375 0.9395833333333333 0.0328125 0.10694444444444444
0 0.893359375 0.73125 0.08046875 0.06527777777777778
0 0.915234375 0.8006944444444445 0.08671875 0.05416666666666667
0 0.923046875 0.8666666666666667 0.08984375 0.06111111111111111
0 0.72421875 0.7354166666666667 0.040625 0.11805555555555555
0 0.98515625 0.6402777777777777 0.0265625 0.09444444444444444
0 0.97578125 0.5527777777777778 0.0421875 0.075
0 0.95234375 0.46875 0.04375 0.07916666666666666
0 0.934765625 0.39791666666666664 0.03984375 0.07361111111111111
0 0.915234375 0.3347222222222222 0.03359375 0.06388888888888888
0 0.5953125 0.7277777777777777 0.0328125 0.1
0 0.508203125 0.7291666666666666 0.03203125 0.11666666666666667
0 0.425390625 0.73125 0.03203125 0.0875
0 0.29921875 0.7319444444444444 0.0421875 0.08888888888888889
0 0.256640625 0.7319444444444444 0.04140625 0.10277777777777777
0 0.17578125 0.7243055555555555 0.04375 0.10138888888888889
0 0.137890625 0.7222222222222222 0.04609375 0.09722222222222222
0 0.09921875 0.73125 0.0421875 0.09305555555555556
0 0.05859375 0.7277777777777777 0.0546875 0.10555555555555556
0 0.0296875 0.6145833333333334 0.040625 0.07083333333333333
0 0.06015625 0.6125 0.040625 0.08611111111111111
0 0.012109375 0.6104166666666667 0.02109375 0.0625
0 0.09375 0.6152777777777778 0.040625 0.07777777777777778
0 0.121484375 0.61875 0.03828125 0.0763888888888889
0 0.152734375 0.6180555555555556 0.03984375 0.09166666666666666
0 0.18671875 0.6201388888888889 0.0328125 0.08194444444444444
0 0.21796875 0.6180555555555556 0.034375 0.07777777777777778
0 0.2546875 0.6208333333333333 0.040625 0.08055555555555556
0 0.302734375 0.6215277777777778 0.03515625 0.07916666666666666
0 0.333203125 0.6180555555555556 0.03515625 0.07777777777777778
0 0.369921875 0.6194444444444445 0.03046875 0.08333333333333333
0 0.404296875 0.6208333333333333 0.03203125 0.07777777777777778
0 0.437890625 0.6229166666666667 0.03046875 0.0875
0 0.471875 0.6263888888888889 0.034375 0.08055555555555556
0 0.51015625 0.625 0.0265625 0.08055555555555556
0 0.54375 0.6263888888888889 0.028125 0.08611111111111111
0 0.5734375 0.6256944444444444 0.03125 0.09305555555555556
0 0.6109375 0.625 0.0296875 0.09166666666666666
0 0.647265625 0.625 0.03046875 0.08611111111111111
0 0.68515625 0.6270833333333333 0.0328125 0.10138888888888889
0 0.723828125 0.6298611111111111 0.03203125 0.08472222222222223
0 0.76328125 0.6326388888888889 0.0359375 0.09305555555555556
0 0.8015625 0.6333333333333333 0.0375 0.09166666666666666
0 0.8390625 0.6333333333333333 0.0390625 0.09444444444444444
0 0.88203125 0.6326388888888889 0.0390625 0.09861111111111111
0 0.8515625 0.4652777777777778 0.0375 0.08611111111111111
0 0.844140625 0.3993055555555556 0.03671875 0.06527777777777778
0 0.806640625 0.39791666666666664 0.03359375 0.06527777777777778
0 0.8125 0.4583333333333333 0.0359375 0.08333333333333333
0 0.823046875 0.33958333333333335 0.05234375 0.04583333333333333
0 0.753515625 0.3194444444444444 0.05390625 0.044444444444444446
0 0.772265625 0.39305555555555555 0.03515625 0.075
0 0.78046875 0.4673611111111111 0.034375 0.07361111111111111
0 0.744140625 0.46458333333333335 0.03203125 0.0763888888888889
0 0.740234375 0.3993055555555556 0.03359375 0.06805555555555555
0 0.705859375 0.3972222222222222 0.02734375 0.06666666666666667
0 0.70703125 0.45902777777777776 0.03125 0.08194444444444444
0 0.675 0.40069444444444446 0.0203125 0.06805555555555555
0 0.675390625 0.46041666666666664 0.02734375 0.07083333333333333
0 0.64296875 0.4583333333333333 0.025 0.08055555555555556
0 0.64453125 0.39166666666666666 0.0234375 0.058333333333333334
0 0.61328125 0.39166666666666666 0.0296875 0.06388888888888888
0 0.61328125 0.4597222222222222 0.0265625 0.07222222222222222
0 0.584375 0.3951388888888889 0.0265625 0.07083333333333333
0 0.58359375 0.46319444444444446 0.028125 0.07083333333333333
0 0.552734375 0.45902777777777776 0.02578125 0.07361111111111111
0 0.555078125 0.39791666666666664 0.02578125 0.05694444444444444
0 0.50859375 0.42777777777777776 0.0 0.0
0 0.523828125 0.3972222222222222 0.03046875 0.06111111111111111
0 0.518359375 0.46319444444444446 0.02734375 0.0763888888888889
0 0.488671875 0.4625 0.02734375 0.07777777777777778
0 0.494140625 0.39375 0.02734375 0.07083333333333333
0 0.467578125 0.39861111111111114 0.02734375 0.06666666666666667
0 0.45859375 0.4638888888888889 0.0328125 0.06666666666666667
0 0.429296875 0.4625 0.03203125 0.075
0 0.43671875 0.40069444444444446 0.0296875 0.07083333333333333
0 0.408203125 0.40208333333333335 0.02890625 0.0625
0 0.399609375 0.46805555555555556 0.03203125 0.075
0 0.37109375 0.46597222222222223 0.034375 0.07916666666666666
0 0.37734375 0.4041666666666667 0.03125 0.058333333333333334
0 0.35078125 0.4 0.028125 0.058333333333333334
0 0.339453125 0.46805555555555556 0.03359375 0.07777777777777778
0 0.30546875 0.40069444444444446 0.03125 0.05138888888888889
0 0.289453125 0.4652777777777778 0.03359375 0.07777777777777778
0 0.276171875 0.4027777777777778 0.03359375 0.05277777777777778
0 0.261328125 0.4666666666666667 0.03515625 0.07222222222222222
0 0.251171875 0.40347222222222223 0.03359375 0.05694444444444444
0 0.23359375 0.4625 0.034375 0.06944444444444445
0 0.219140625 0.40694444444444444 0.03359375 0.058333333333333334
0 0.191796875 0.40208333333333335 0.03203125 0.05416666666666667
0 0.164453125 0.4041666666666667 0.03515625 0.06111111111111111
0 0.140234375 0.4013888888888889 0.03046875 0.06111111111111111
0 0.115234375 0.40555555555555556 0.03515625 0.05555555555555555
0 0.091015625 0.46111111111111114 0.03359375 0.06388888888888888
0 0.11640625 0.4652777777777778 0.040625 0.06666666666666667
0 0.15078125 0.46458333333333335 0.034375 0.05694444444444444
0 0.178125 0.4618055555555556 0.034375 0.06805555555555555
0 0.205078125 0.46319444444444446 0.03203125 0.0625
0 0.066796875 0.4597222222222222 0.04140625 0.06944444444444445
0 0.0890625 0.40069444444444446 0.03125 0.05416666666666667
0 0.06328125 0.39861111111111114 0.0421875 0.06111111111111111
0 0.03828125 0.4027777777777778 0.0375 0.05555555555555555
0 0.015625 0.4041666666666667 0.03125 0.06388888888888888
0 0.017578125 0.46458333333333335 0.03515625 0.07083333333333333
0 0.816015625 0.27708333333333335 0.02890625 0.05694444444444444
0 0.7859375 0.2743055555555556 0.025 0.06805555555555555
0 0.76015625 0.27708333333333335 0.028125 0.05694444444444444
0 0.73046875 0.2763888888888889 0.025 0.06388888888888888
0 0.8109375 0.2263888888888889 0.025 0.058333333333333334
0 0.781640625 0.22430555555555556 0.02890625 0.04861111111111111
0 0.75234375 0.22361111111111112 0.028125 0.05
0 0.72109375 0.225 0.0203125 0.058333333333333334
0 0.698046875 0.27847222222222223 0.03046875 0.0625
0 0.694921875 0.2263888888888889 0.02578125 0.05555555555555555
0 0.66953125 0.22430555555555556 0.0234375 0.059722222222222225
0 0.66953125 0.28055555555555556 0.01875 0.05277777777777778
0 0.643359375 0.22777777777777777 0.02734375 0.041666666666666664
0 0.6421875 0.2798611111111111 0.0296875 0.0625
0 0.615625 0.23194444444444445 0.021875 0.04722222222222222
0 0.614453125 0.2777777777777778 0.02265625 0.06388888888888888
0 0.589453125 0.22708333333333333 0.02578125 0.05416666666666667
0 0.589453125 0.28055555555555556 0.02578125 0.06388888888888888
0 0.565234375 0.2298611111111111 0.02890625 0.05416666666666667
0 0.55859375 0.28402777777777777 0.0234375 0.059722222222222225
0 0.53515625 0.22847222222222222 0.025 0.0625
0 0.531640625 0.28541666666666665 0.02578125 0.05694444444444444
0 0.5046875 0.28402777777777777 0.025 0.06805555555555555
0 0.508984375 0.2298611111111111 0.02578125 0.04583333333333333
0 0.483984375 0.22847222222222222 0.02265625 0.05138888888888889
0 0.476953125 0.28194444444444444 0.02578125 0.058333333333333334
0 0.461328125 0.23472222222222222 0.02109375 0.05277777777777778
0 0.451953125 0.28888888888888886 0.02890625 0.05277777777777778
0 0.428125 0.28402777777777777 0.028125 0.059722222222222225
0 0.434375 0.2388888888888889 0.025 0.044444444444444446
0 0.409765625 0.2375 0.02890625 0.05
0 0.383984375 0.23472222222222222 0.02578125 0.044444444444444446
0 0.399609375 0.28888888888888886 0.02109375 0.06111111111111111
0 0.37265625 0.2861111111111111 0.025 0.058333333333333334
0 0.34765625 0.24027777777777778 0.028125 0.044444444444444446
0 0.3359375 0.2902777777777778 0.0296875 0.06111111111111111
0 0.321484375 0.24097222222222223 0.02890625 0.04583333333333333
0 0.308984375 0.2916666666666667 0.02734375 0.06388888888888888
0 0.295703125 0.23819444444444443 0.03046875 0.05416666666666667
0 0.2703125 0.24027777777777778 0.0296875 0.05277777777777778
0 0.283203125 0.28958333333333336 0.03203125 0.05416666666666667
0 0.258984375 0.2916666666666667 0.03046875 0.05
0 0.2484375 0.23819444444444443 0.025 0.04027777777777778
0 0.234765625 0.2847222222222222 0.03203125 0.06666666666666667
0 0.223046875 0.23819444444444443 0.03046875 0.04861111111111111
0 0.209375 0.2881944444444444 0.0296875 0.0625
0 0.20078125 0.2361111111111111 0.03125 0.05277777777777778
0 0.177734375 0.24097222222222223 0.02890625 0.04861111111111111
0 0.183984375 0.2902777777777778 0.03203125 0.058333333333333334
0 0.161328125 0.2916666666666667 0.03046875 0.058333333333333334
0 0.15546875 0.24097222222222223 0.03125 0.0375
0 0.1296875 0.24375 0.0296875 0.043055555555555555
0 0.113671875 0.24444444444444444 0.02890625 0.044444444444444446
0 0.0890625 0.24722222222222223 0.0296875 0.041666666666666664
0 0.064453125 0.24444444444444444 0.03203125 0.041666666666666664
0 0.041796875 0.24722222222222223 0.03203125 0.04722222222222222
0 0.01875 0.2972222222222222 0.034375 0.05555555555555555
0 0.041015625 0.3013888888888889 0.03671875 0.05555555555555555
0 0.068359375 0.2951388888888889 0.03671875 0.05416666666666667
0 0.091796875 0.29375 0.03359375 0.05138888888888889
0 0.11328125 0.29583333333333334 0.03125 0.05277777777777778
0 0.138671875 0.2902777777777778 0.03359375 0.058333333333333334
0 0.797265625 0.13472222222222222 0.02109375 0.05555555555555555
0 0.78515625 0.08680555555555555 0.0265625 0.05694444444444444
0 0.762890625 0.09236111111111112 0.02265625 0.04861111111111111
0 0.772265625 0.14166666666666666 0.01953125 0.05555555555555555
0 0.736328125 0.09513888888888888 0.02421875 0.04861111111111111
0 0.740625 0.1388888888888889 0.0234375 0.05
0 0.829296875 0.075 0.02265625 0.04722222222222222
0 0.838671875 0.020833333333333332 0.02265625 0.041666666666666664
0 0.55234375 0.07569444444444444 0.040625 0.0375
0 0.71171875 0.09236111111111112 0.0234375 0.043055555555555555
0 0.71484375 0.1361111111111111 0.021875 0.04722222222222222
0 0.6859375 0.09236111111111112 0.0234375 0.04583333333333333
0 0.690234375 0.1388888888888889 0.02265625 0.05277777777777778
0 0.6625 0.09861111111111111 0.0203125 0.044444444444444446
0 0.666015625 0.1375 0.02109375 0.05
0 0.63984375 0.09930555555555555 0.021875 0.04027777777777778
0 0.63984375 0.1423611111111111 0.021875 0.04583333333333333
0 0.61640625 0.10138888888888889 0.0234375 0.044444444444444446
0 0.616015625 0.14444444444444443 0.02265625 0.041666666666666664
0 0.594140625 0.1 0.02109375 0.03611111111111111
0 0.592578125 0.14027777777777778 0.02265625 0.04722222222222222
0 0.571484375 0.10486111111111111 0.01796875 0.04027777777777778
0 0.567578125 0.14652777777777778 0.01953125 0.04861111111111111
0 0.548828125 0.10486111111111111 0.01796875 0.034722222222222224
0 0.544140625 0.1451388888888889 0.02109375 0.05138888888888889
0 0.52578125 0.10486111111111111 0.01875 0.0375
0 0.51953125 0.1451388888888889 0.0234375 0.04861111111111111
0 0.498046875 0.14444444444444443 0.02109375 0.05277777777777778
0 0.5015625 0.10625 0.0234375 0.03194444444444444
0 0.476953125 0.10902777777777778 0.02265625 0.03194444444444444
0 0.475 0.1451388888888889 0.0265625 0.059722222222222225
0 0.4546875 0.1111111111111111 0.0234375 0.04722222222222222
0 0.451953125 0.14791666666666667 0.02265625 0.05138888888888889
0 0.4265625 0.1527777777777778 0.025 0.04722222222222222
0 0.43515625 0.11180555555555556 0.0203125 0.04583333333333333
0 0.4140625 0.11180555555555556 0.021875 0.04027777777777778
0 0.40234375 0.15555555555555556 0.0265625 0.05
0 0.378125 0.11041666666666666 0.0234375 0.03194444444444444
0 0.3703125 0.14930555555555555 0.028125 0.05416666666666667
0 0.356640625 0.11319444444444444 0.02578125 0.03194444444444444
0 0.346875 0.15347222222222223 0.0265625 0.05416666666666667
0 0.335546875 0.11736111111111111 0.02578125 0.03194444444444444
0 0.321875 0.15694444444444444 0.028125 0.05277777777777778
0 0.3109375 0.11180555555555556 0.028125 0.0375
0 0.299609375 0.15555555555555556 0.03046875 0.05277777777777778
0 0.289453125 0.11736111111111111 0.02578125 0.034722222222222224
0 0.278515625 0.15347222222222223 0.02734375 0.04861111111111111
0 0.26953125 0.11388888888888889 0.0234375 0.03888888888888889
0 0.255859375 0.15416666666666667 0.02734375 0.05555555555555555
0 0.234765625 0.15416666666666667 0.02578125 0.05
0 0.2484375 0.11736111111111111 0.0265625 0.029166666666666667
0 0.228125 0.11666666666666667 0.0234375 0.03333333333333333
0 0.212890625 0.15486111111111112 0.02421875 0.043055555555555555
0 0.20859375 0.12013888888888889 0.028125 0.0375
0 0.18671875 0.12361111111111112 0.0265625 0.03611111111111111
0 0.169921875 0.12152777777777778 0.02421875 0.04027777777777778
0 0.14609375 0.12291666666666666 0.0296875 0.034722222222222224
0 0.125390625 0.12708333333333333 0.02734375 0.03194444444444444
0 0.108984375 0.12638888888888888 0.02421875 0.044444444444444446
0 0.0859375 0.1638888888888889 0.03125 0.05277777777777778
0 0.108203125 0.16458333333333333 0.02890625 0.04583333333333333
0 0.12890625 0.1625 0.0265625 0.04722222222222222
0 0.151171875 0.16041666666666668 0.02890625 0.04583333333333333
0 0.171875 0.15902777777777777 0.0265625 0.04861111111111111
0 0.190234375 0.16041666666666668 0.02578125 0.04861111111111111
0 0.015625 0.175 0.028125 0.027777777777777776
0 0.023046875 0.15694444444444444 0.03515625 0.027777777777777776
0 0.0296875 0.13819444444444445 0.034375 0.029166666666666667
0 0.037890625 0.12291666666666666 0.03671875 0.03194444444444444
0 0.047265625 0.11041666666666666 0.03671875 0.02638888888888889
0 0.059375 0.09305555555555556 0.034375 0.027777777777777776
0 0.065625 0.07847222222222222 0.03125 0.020833333333333332
0 0.074609375 0.06527777777777778 0.03203125 0.027777777777777776
0 0.084375 0.04861111111111111 0.0328125 0.030555555555555555
0 0.09296875 0.035416666666666666 0.03125 0.029166666666666667
0 0.099609375 0.021527777777777778 0.02734375 0.02638888888888889
0 0.106640625 0.010416666666666666 0.02890625 0.018055555555555554
0 0.14140625 0.0625 0.025 0.03888888888888889
0 0.1609375 0.06180555555555556 0.021875 0.043055555555555555
0 0.1796875 0.05277777777777778 0.0265625 0.05
0 0.196875 0.05347222222222222 0.0265625 0.04027777777777778
0 0.21484375 0.05694444444444444 0.028125 0.041666666666666664
0 0.2375 0.05 0.025 0.03333333333333333
0 0.255859375 0.05138888888888889 0.02578125 0.03611111111111111
0 0.273828125 0.04861111111111111 0.02734375 0.044444444444444446
0 0.295703125 0.050694444444444445 0.02265625 0.04027777777777778
0 0.3109375 0.049305555555555554 0.021875 0.043055555555555555
0 0.33359375 0.049305555555555554 0.0234375 0.04861111111111111
0 0.35390625 0.04583333333333333 0.021875 0.041666666666666664
0 0.375 0.04583333333333333 0.021875 0.03333333333333333
0 0.394140625 0.04861111111111111 0.02265625 0.044444444444444446
0 0.424609375 0.04722222222222222 0.02265625 0.044444444444444446
0 0.446484375 0.04236111111111111 0.02109375 0.04583333333333333
0 0.469921875 0.04375 0.02109375 0.04027777777777778
0 0.490625 0.03819444444444445 0.0203125 0.04861111111111111
0 0.510546875 0.03680555555555556 0.01953125 0.04583333333333333
0 0.531640625 0.03819444444444445 0.02109375 0.04027777777777778
0 0.55390625 0.03333333333333333 0.01875 0.044444444444444446
0 0.57265625 0.03611111111111111 0.015625 0.03888888888888889
0 0.594140625 0.034027777777777775 0.02109375 0.0375
0 0.615625 0.02847222222222222 0.01875 0.043055555555555555
0 0.640234375 0.029861111111111113 0.01953125 0.043055555555555555
0 0.6625 0.027777777777777776 0.01875 0.041666666666666664
0 0.685546875 0.027777777777777776 0.01796875 0.03888888888888889
0 0.705859375 0.025694444444444443 0.01796875 0.043055555555555555
0 0.728125 0.022916666666666665 0.021875 0.043055555555555555
0 0.752734375 0.024305555555555556 0.02265625 0.043055555555555555
0 0.77265625 0.025 0.021875 0.041666666666666664
0 0.796875 0.024305555555555556 0.021875 0.043055555555555555
0 0.1546875 0.029166666666666667 0.0234375 0.027777777777777776
0 0.173046875 0.025 0.01953125 0.025
0 0.190625 0.02847222222222222 0.025 0.029166666666666667
0 0.21171875 0.022916666666666665 0.025 0.029166666666666667
0 0.229296875 0.022222222222222223 0.02109375 0.025
0 0.248046875 0.019444444444444445 0.02421875 0.025
0 0.2671875 0.017361111111111112 0.021875 0.029166666666666667
0 0.286328125 0.016666666666666666 0.02109375 0.027777777777777776
0 0.30625 0.013888888888888888 0.021875 0.025
0 0.3234375 0.016666666666666666 0.0234375 0.027777777777777776
0 0.3421875 0.013194444444444444 0.021875 0.02638888888888889
0 0.36171875 0.0125 0.0234375 0.025
0 0.38203125 0.015277777777777777 0.01875 0.025
0 0.401953125 0.013888888888888888 0.02109375 0.025
0 0.864453125 0.01875 0.02109375 0.0375
0 0.43203125 0.013888888888888888 0.0203125 0.027777777777777776
0 0.452734375 0.013888888888888888 0.01796875 0.027777777777777776
0 0.47265625 0.013194444444444444 0.0171875 0.02638888888888889
0 0.010546875 0.19236111111111112 0.02109375 0.02638888888888889
