0 0.23515625 0.2881944444444444 0.0359375 0.0625
0 0.259765625 0.2902777777777778 0.03515625 0.06666666666666667
0 0.286328125 0.2902777777777778 0.03359375 0.06666666666666667
0 0.3109375 0.28888888888888886 0.0359375 0.06666666666666667
0 0.336328125 0.29097222222222224 0.03359375 0.0625
0 0.3765625 0.2875 0.0328125 0.06388888888888888
0 0.404296875 0.2881944444444444 0.02734375 0.059722222222222225
0 0.430078125 0.2902777777777778 0.02578125 0.06388888888888888
0 0.4546875 0.2875 0.0265625 0.06388888888888888
0 0.48125 0.28888888888888886 0.028125 0.06111111111111111
0 0.50625 0.28680555555555554 0.025 0.05416666666666667
0 0.5328125 0.28680555555555554 0.0265625 0.05694444444444444
0 0.5609375 0.28194444444444444 0.025 0.05277777777777778
0 0.588671875 0.2826388888888889 0.02890625 0.059722222222222225
0 0.61796875 0.2826388888888889 0.025 0.059722222222222225
0 0.644140625 0.28125 0.02734375 0.05416666666666667
0 0.673046875 0.28125 0.02734375 0.05416666666666667
0 0.701171875 0.27847222222222223 0.02734375 0.05138888888888889
0 0.731640625 0.28055555555555556 0.03046875 0.05555555555555555
0 0.7609375 0.27708333333333335 0.028125 0.0625
0 0.78671875 0.27708333333333335 0.03125 0.05416666666666667
0 0.81640625 0.2743055555555556 0.0359375 0.0625
0 0.19765625 0.40069444444444446 0.0421875 0.059722222222222225
0 0.223046875 0.3993055555555556 0.04140625 0.0625
0 0.249609375 0.4013888888888889 0.03828125 0.06388888888888888
0 0.281640625 0.4013888888888889 0.03984375 0.058333333333333334
0 0.312890625 0.4027777777777778 0.03671875 0.06111111111111111
0 0.350390625 0.40208333333333335 0.03515625 0.05694444444444444
0 0.375390625 0.4013888888888889 0.03515625 0.06111111111111111
0 0.409765625 0.3958333333333333 0.03359375 0.058333333333333334
0 0.436328125 0.39791666666666664 0.03359375 0.05694444444444444
0 0.465234375 0.39652777777777776 0.03515625 0.0625
0 0.495703125 0.3958333333333333 0.03203125 0.06111111111111111
0 0.521875 0.39652777777777776 0.03125 0.059722222222222225
0 0.553125 0.3951388888888889 0.0296875 0.06805555555555555
0 0.58359375 0.39652777777777776 0.0296875 0.059722222222222225
0 0.61328125 0.39305555555555555 0.034375 0.06388888888888888
0 0.647265625 0.3888888888888889 0.03046875 0.07222222222222222
0 0.67890625 0.39375 0.03125 0.07361111111111111
0 0.709375 0.38958333333333334 0.0359375 0.07361111111111111
0 0.741015625 0.39166666666666666 0.03203125 0.06944444444444445
0 0.7734375 0.39166666666666666 0.0375 0.075
0 0.806640625 0.3909722222222222 0.03359375 0.07083333333333333
0 0.839453125 0.39166666666666666 0.03671875 0.06666666666666667
0 0.176171875 0.4618055555555556 0.03671875 0.07916666666666666
0 0.205078125 0.4638888888888889 0.04453125 0.08055555555555556
0 0.232421875 0.4597222222222222 0.03984375 0.08333333333333333
0 0.26015625 0.4673611111111111 0.040625 0.07916666666666666
0 0.291015625 0.4652777777777778 0.03671875 0.08055555555555556
0 0.335546875 0.46875 0.03046875 0.08472222222222223
0 0.3671875 0.4666666666666667 0.0421875 0.08333333333333333
0 0.39453125 0.46805555555555556 0.0375 0.07777777777777778
0 0.42734375 0.4638888888888889 0.0375 0.08333333333333333
0 0.456640625 0.46805555555555556 0.03046875 0.075
0 0.48984375 0.46805555555555556 0.0328125 0.075
0 0.51875 0.46875 0.0328125 0.07083333333333333
0 0.55234375 0.46597222222222223 0.0265625 0.07083333333333333
0 0.582421875 0.4673611111111111 0.03203125 0.07083333333333333
0 0.613671875 0.4666666666666667 0.02890625 0.07222222222222222
0 0.646875 0.4638888888888889 0.03125 0.07222222222222222
0 0.68046875 0.4673611111111111 0.03125 0.07083333333333333
0 0.71171875 0.4652777777777778 0.0359375 0.06666666666666667
0 0.74609375 0.46597222222222223 0.0328125 0.07361111111111111
0 0.77890625 0.46319444444444446 0.0390625 0.07361111111111111
0 0.812109375 0.46597222222222223 0.03515625 0.06805555555555555
0 0.8484375 0.4597222222222222 0.0421875 0.075
0 0.121875 0.6152777777777778 0.0453125 0.08333333333333333
0 0.1515625 0.6180555555555556 0.0453125 0.07777777777777778
0 0.187109375 0.61875 0.04453125 0.07916666666666666
0 0.219140625 0.6166666666666667 0.04140625 0.07777777777777778
0 0.2515625 0.6222222222222222 0.0421875 0.075
0 0.30234375 0.61875 0.0390625 0.07083333333333333
0 0.33671875 0.6166666666666667 0.040625 0.07777777777777778
0 0.37265625 0.6201388888888889 0.0484375 0.08472222222222223
0 0.405078125 0.6201388888888889 0.04140625 0.07916666666666666
0 0.438671875 0.6236111111111111 0.04140625 0.08055555555555556
0 0.47109375 0.6222222222222222 0.0359375 0.08055555555555556
0 0.506640625 0.6243055555555556 0.03671875 0.0875
0 0.54140625 0.6208333333333333 0.0375 0.07777777777777778
0 0.57890625 0.6222222222222222 0.0359375 0.08611111111111111
0 0.6140625 0.6201388888888889 0.0359375 0.08194444444444444
0 0.651953125 0.6256944444444444 0.03671875 0.08194444444444444
0 0.689453125 0.6277777777777778 0.04140625 0.08333333333333333
0 0.7265625 0.6256944444444444 0.0421875 0.08194444444444444
0 0.7640625 0.625 0.040625 0.08888888888888889
0 0.801171875 0.6277777777777778 0.04453125 0.09166666666666666
0 0.837109375 0.6236111111111111 0.04140625 0.08888888888888889
0 0.875 0.6215277777777778 0.0484375 0.0875
0 0.059375 0.7333333333333333 0.053125 0.075
0 0.1375 0.7388888888888889 0.0546875 0.08611111111111111
0 0.1765625 0.7388888888888889 0.059375 0.08888888888888889
0 0.25703125 0.7368055555555556 0.053125 0.0875
0 0.300390625 0.7354166666666667 0.05234375 0.07916666666666666
0 0.429296875 0.7409722222222223 0.04921875 0.08194444444444444
0 0.470703125 0.7444444444444445 0.04140625 0.08611111111111111
0 0.510546875 0.7479166666666667 0.04609375 0.0875
0 0.1640625 0.9458333333333333 0.053125 0.10555555555555556
0 0.21484375 0.9368055555555556 0.0390625 0.12361111111111112
0 0.2546875 0.9506944444444444 0.04375 0.09583333333333334
0 0.305078125 0.9472222222222222 0.03828125 0.10277777777777777
0 0.403125 0.9486111111111111 0.04375 0.1
0 0.44921875 0.9451388888888889 0.040625 0.10694444444444444
0 0.900390625 0.7361111111111112 0.07890625 0.06111111111111111
0 0.93203125 0.8590277777777777 0.090625 0.05416666666666667
0 0.955859375 0.9604166666666667 0.07578125 0.0763888888888889
0 0.9125 0.7972222222222223 0.0765625 0.05277777777777778
0 0.731640625 0.7263888888888889 0.03984375 0.09722222222222222
0 0.747265625 0.9486111111111111 0.03671875 0.1
0 0.70390625 0.9555555555555556 0.0390625 0.08611111111111111
0 0.653125 0.9527777777777777 0.0328125 0.09166666666666666
0 0.6015625 0.94375 0.046875 0.10972222222222222
0 0.547265625 0.9520833333333333 0.04140625 0.09305555555555556
0 0.98515625 0.6284722222222222 0.028125 0.09027777777777778
0 0.974609375 0.5493055555555556 0.04609375 0.08472222222222223
0 0.954296875 0.4673611111111111 0.04453125 0.07916666666666666
0 0.936328125 0.4 0.03984375 0.07222222222222222
0 0.920703125 0.33819444444444446 0.03515625 0.07083333333333333
0 0.59453125 0.73125 0.0328125 0.09861111111111111
0 0.831640625 0.5298611111111111 0.05859375 0.05694444444444444
0 0.0953125 0.6166666666666667 0.0390625 0.08888888888888889
0 0.064453125 0.6118055555555556 0.04765625 0.09305555555555556
0 0.034765625 0.6055555555555555 0.04765625 0.09444444444444444
0 0.0125 0.6118055555555556 0.025 0.07916666666666666
0 0.150390625 0.4618055555555556 0.03828125 0.06527777777777778
0 0.123046875 0.46319444444444446 0.03828125 0.07083333333333333
0 0.09296875 0.46597222222222223 0.0390625 0.07361111111111111
0 0.065625 0.4652777777777778 0.0390625 0.07222222222222222
0 0.038671875 0.4652777777777778 0.04140625 0.07222222222222222
0 0.015625 0.46319444444444446 0.03125 0.07361111111111111
0 0.16640625 0.40069444444444446 0.0328125 0.04861111111111111
0 0.137890625 0.4013888888888889 0.03671875 0.05277777777777778
0 0.112109375 0.39861111111111114 0.03984375 0.05555555555555555
0 0.089453125 0.4027777777777778 0.03984375 0.058333333333333334
0 0.06796875 0.40208333333333335 0.0421875 0.059722222222222225
0 0.041796875 0.4 0.04140625 0.06111111111111111
0 0.01640625 0.40347222222222223 0.0296875 0.05694444444444444
0 0.81015625 0.22361111111111112 0.0265625 0.05555555555555555
0 0.780078125 0.22708333333333333 0.02890625 0.05416666666666667
0 0.750390625 0.22361111111111112 0.03203125 0.05555555555555555
0 0.725390625 0.22847222222222222 0.02578125 0.05138888888888889
0 0.697265625 0.23125 0.02578125 0.0625
0 0.66875 0.2263888888888889 0.0234375 0.06111111111111111
0 0.644921875 0.22847222222222222 0.02109375 0.059722222222222225
0 0.617578125 0.22777777777777777 0.02265625 0.05555555555555555
0 0.589453125 0.2326388888888889 0.02109375 0.04861111111111111
0 0.56328125 0.22777777777777777 0.0265625 0.04722222222222222
0 0.53671875 0.23402777777777778 0.0234375 0.04861111111111111
0 0.511328125 0.2326388888888889 0.02734375 0.05694444444444444
0 0.484765625 0.2375 0.02265625 0.04722222222222222
0 0.46171875 0.23541666666666666 0.0234375 0.043055555555555555
0 0.4375 0.23472222222222222 0.021875 0.05277777777777778
0 0.4109375 0.24027777777777778 0.025 0.05277777777777778
0 0.38203125 0.23958333333333334 0.028125 0.05138888888888889
0 0.346875 0.22916666666666666 0.028125 0.058333333333333334
0 0.319140625 0.2423611111111111 0.02890625 0.04583333333333333
0 0.2953125 0.23958333333333334 0.025 0.043055555555555555
0 0.274609375 0.2423611111111111 0.02734375 0.04861111111111111
0 0.246484375 0.23541666666666666 0.02890625 0.0625
0 0.22578125 0.23958333333333334 0.0265625 0.043055555555555555
0 0.20078125 0.24166666666666667 0.028125 0.05
0 0.176171875 0.23958333333333334 0.02890625 0.04583333333333333
0 0.15234375 0.2388888888888889 0.0328125 0.041666666666666664
0 0.128515625 0.24305555555555555 0.03046875 0.05277777777777778
0 0.10703125 0.24513888888888888 0.03125 0.04583333333333333
0 0.08671875 0.24375 0.0328125 0.04027777777777778
0 0.064453125 0.24930555555555556 0.03203125 0.043055555555555555
0 0.041796875 0.25069444444444444 0.02578125 0.0375
0 0.019921875 0.2965277777777778 0.03515625 0.059722222222222225
0 0.04296875 0.2965277777777778 0.0328125 0.05694444444444444
0 0.065625 0.29305555555555557 0.0359375 0.06388888888888888
0 0.0921875 0.29305555555555557 0.0328125 0.06111111111111111
0 0.11328125 0.2972222222222222 0.034375 0.05555555555555555
0 0.1359375 0.29305555555555557 0.0296875 0.06388888888888888
0 0.16171875 0.28888888888888886 0.0328125 0.05555555555555555
0 0.183984375 0.2951388888888889 0.02890625 0.05416666666666667
0 0.21015625 0.28958333333333336 0.0296875 0.04861111111111111
0 0.79609375 0.1361111111111111 0.0234375 0.05
0 0.7875 0.09166666666666666 0.0234375 0.05555555555555555
0 0.760546875 0.09027777777777778 0.02578125 0.04722222222222222
0 0.764453125 0.1375 0.02578125 0.04722222222222222
0 0.737109375 0.09305555555555556 0.02421875 0.044444444444444446
0 0.738671875 0.13472222222222222 0.02578125 0.05277777777777778
0 0.713671875 0.1361111111111111 0.02578125 0.05
0 0.712109375 0.09027777777777778 0.02578125 0.05
0 0.686328125 0.09583333333333334 0.01953125 0.03888888888888889
0 0.689453125 0.13194444444444445 0.02578125 0.05555555555555555
0 0.66328125 0.09444444444444444 0.0203125 0.044444444444444446
0 0.666015625 0.13819444444444445 0.02421875 0.05694444444444444
0 0.6390625 0.09930555555555555 0.021875 0.043055555555555555
0 0.640625 0.13958333333333334 0.025 0.05138888888888889
0 0.618359375 0.09652777777777778 0.02265625 0.05138888888888889
0 0.6171875 0.13958333333333334 0.0203125 0.04861111111111111
0 0.591015625 0.09861111111111111 0.02421875 0.04722222222222222
0 0.593359375 0.14097222222222222 0.02265625 0.05416666666666667
0 0.56953125 0.10277777777777777 0.0203125 0.04722222222222222
0 0.567578125 0.1451388888888889 0.01953125 0.04583333333333333
0 0.548046875 0.10208333333333333 0.02109375 0.04027777777777778
0 0.54296875 0.14652777777777778 0.021875 0.05138888888888889
0 0.51875 0.14444444444444443 0.0203125 0.05555555555555555
0 0.523046875 0.10277777777777777 0.02109375 0.03333333333333333
0 0.49921875 0.10902777777777778 0.0234375 0.043055555555555555
0 0.497265625 0.1486111111111111 0.01953125 0.06111111111111111
0 0.471875 0.14722222222222223 0.0203125 0.04722222222222222
0 0.47734375 0.11319444444444444 0.01875 0.04027777777777778
0 0.456640625 0.1125 0.01953125 0.03611111111111111
0 0.45078125 0.15 0.0234375 0.04722222222222222
0 0.426953125 0.14930555555555555 0.02265625 0.05694444444444444
0 0.434375 0.10694444444444444 0.0234375 0.025
0 0.411328125 0.11180555555555556 0.01953125 0.029166666666666667
0 0.40234375 0.14791666666666667 0.0234375 0.04861111111111111
0 0.378515625 0.11527777777777778 0.02265625 0.03888888888888889
0 0.355859375 0.11527777777777778 0.02109375 0.03888888888888889
0 0.336328125 0.11388888888888889 0.01953125 0.03333333333333333
0 0.312890625 0.11527777777777778 0.02265625 0.05277777777777778
0 0.291015625 0.11736111111111111 0.02109375 0.0375
0 0.269140625 0.11666666666666667 0.02265625 0.030555555555555555
0 0.25078125 0.11527777777777778 0.0234375 0.041666666666666664
0 0.230078125 0.11875 0.02265625 0.03194444444444444
0 0.207421875 0.11805555555555555 0.02734375 0.044444444444444446
0 0.187109375 0.12430555555555556 0.02421875 0.04027777777777778
0 0.165234375 0.12569444444444444 0.02578125 0.03194444444444444
0 0.14453125 0.12777777777777777 0.0265625 0.03888888888888889
0 0.123828125 0.12777777777777777 0.02265625 0.03888888888888889
0 0.1046875 0.13055555555555556 0.025 0.03333333333333333
0 0.367578125 0.15347222222222223 0.02265625 0.05138888888888889
0 0.3453125 0.15208333333333332 0.0234375 0.043055555555555555
0 0.3234375 0.1527777777777778 0.021875 0.05555555555555555
0 0.298828125 0.15416666666666667 0.02265625 0.044444444444444446
0 0.27890625 0.15069444444444444 0.0203125 0.04583333333333333
0 0.25625 0.15763888888888888 0.021875 0.04583333333333333
0 0.23359375 0.15625 0.0234375 0.04583333333333333
0 0.21171875 0.15833333333333333 0.028125 0.044444444444444446
0 0.1921875 0.16041666666666668 0.0234375 0.04027777777777778
0 0.168359375 0.1625 0.02265625 0.03888888888888889
0 0.14765625 0.1638888888888889 0.0234375 0.03611111111111111
0 0.12734375 0.16597222222222222 0.025 0.0375
0 0.10703125 0.16527777777777777 0.025 0.03888888888888889
0 0.08671875 0.1673611111111111 0.025 0.043055555555555555
0 0.0140625 0.1763888888888889 0.028125 0.03611111111111111
0 0.016015625 0.1597222222222222 0.03203125 0.027777777777777776
0 0.02421875 0.13958333333333334 0.0484375 0.034722222222222224
0 0.03984375 0.12291666666666666 0.0328125 0.034722222222222224
0 0.05 0.10486111111111111 0.0359375 0.029166666666666667
0 0.059375 0.09027777777777778 0.03125 0.030555555555555555
0 0.05859375 0.06388888888888888 0.0 0.0
0 0.071875 0.07777777777777778 0.0265625 0.027777777777777776
0 0.07734375 0.059722222222222225 0.03125 0.027777777777777776
0 0.082421875 0.04722222222222222 0.03515625 0.025
0 0.09140625 0.034027777777777775 0.0328125 0.02638888888888889
0 0.097265625 0.01875 0.03515625 0.029166666666666667
0 0.108203125 0.013888888888888888 0.03046875 0.025
0 0.140625 0.06597222222222222 0.025 0.043055555555555555
0 0.15625 0.02847222222222222 0.021875 0.0375
0 0.161328125 0.05347222222222222 0.02734375 0.04861111111111111
0 0.174609375 0.022916666666666665 0.01953125 0.02638888888888889
0 0.193359375 0.024305555555555556 0.02109375 0.03194444444444444
0 0.210546875 0.024305555555555556 0.01953125 0.029166666666666667
0 0.227734375 0.02638888888888889 0.01796875 0.030555555555555555
0 0.247265625 0.022222222222222223 0.02109375 0.027777777777777776
0 0.267578125 0.017361111111111112 0.01640625 0.03194444444444444
0 0.286328125 0.019444444444444445 0.02109375 0.03333333333333333
0 0.30390625 0.01875 0.0203125 0.03194444444444444
0 0.323828125 0.018055555555555554 0.02265625 0.030555555555555555
0 0.34296875 0.01597222222222222 0.01875 0.03194444444444444
0 0.363671875 0.013194444444444444 0.02578125 0.02638888888888889
0 0.383984375 0.01597222222222222 0.02265625 0.03194444444444444
0 0.401953125 0.017361111111111112 0.02109375 0.034722222222222224
0 0.432421875 0.013888888888888888 0.02109375 0.027777777777777776
0 0.180078125 0.05486111111111111 0.01953125 0.0375
0 0.197265625 0.058333333333333334 0.01953125 0.041666666666666664
0 0.219140625 0.05694444444444444 0.02421875 0.03611111111111111
0 0.237890625 0.05138888888888889 0.02265625 0.03611111111111111
0 0.254296875 0.052083333333333336 0.02265625 0.04583333333333333
0 0.27578125 0.05138888888888889 0.025 0.03611111111111111
0 0.296875 0.050694444444444445 0.0203125 0.0375
0 0.31328125 0.05 0.0234375 0.041666666666666664
0 0.33359375 0.049305555555555554 0.01875 0.04583333333333333
0 0.353125 0.04652777777777778 0.0265625 0.04583333333333333
0 0.37578125 0.04722222222222222 0.021875 0.044444444444444446
0 0.39765625 0.04652777777777778 0.025 0.034722222222222224
0 0.42578125 0.04861111111111111 0.01875 0.044444444444444446
0 0.450390625 0.041666666666666664 0.01796875 0.044444444444444446
0 0.467578125 0.04097222222222222 0.02578125 0.04583333333333333
0 0.48671875 0.04097222222222222 0.021875 0.04583333333333333
0 0.51171875 0.0375 0.021875 0.04722222222222222
0 0.53359375 0.03819444444444445 0.01875 0.04027777777777778
0 0.552734375 0.03819444444444445 0.02265625 0.04027777777777778
0 0.5734375 0.034027777777777775 0.0203125 0.05138888888888889
0 0.59453125 0.03194444444444444 0.01875 0.044444444444444446
0 0.617578125 0.034027777777777775 0.01796875 0.04583333333333333
0 0.638671875 0.029166666666666667 0.01953125 0.044444444444444446
0 0.66015625 0.029166666666666667 0.015625 0.044444444444444446
0 0.682421875 0.027777777777777776 0.02265625 0.044444444444444446
0 0.703125 0.029166666666666667 0.0203125 0.04722222222222222
0 0.728125 0.02361111111111111 0.0234375 0.04722222222222222
0 0.751171875 0.020833333333333332 0.01953125 0.041666666666666664
0 0.772265625 0.024305555555555556 0.01796875 0.04861111111111111
0 0.7984375 0.024305555555555556 0.0234375 0.04861111111111111
0 0.81875 0.021527777777777778 0.021875 0.043055555555555555
0 0.841796875 0.01875 0.02109375 0.0375
0 0.45390625 0.011111111111111112 0.0203125 0.022222222222222223
