0 0.23515625 0.2881944444444444 0.0359375 0.0625
0 0.259765625 0.2902777777777778 0.03515625 0.06666666666666667
0 0.286328125 0.2902777777777778 0.03359375 0.06666666666666667
0 0.3109375 0.28888888888888886 0.0359375 0.06666666666666667
0 0.336328125 0.29097222222222224 0.03359375 0.0625
0 0.3765625 0.2875 0.0328125 0.06388888888888888
0 0.404296875 0.2881944444444444 0.02734375 0.059722222222222225
0 0.430078125 0.2902777777777778 0.02578125 0.06388888888888888
0 0.4546875 0.2875 0.0265625 0.06388888888888888
0 0.48125 0.28888888888888886 0.028125 0.06111111111111111
0 0.50625 0.28680555555555554 0.025 0.05416666666666667
0 0.5328125 0.28680555555555554 0.0265625 0.05694444444444444
0 0.5609375 0.28194444444444444 0.025 0.05277777777777778
0 0.588671875 0.2826388888888889 0.02890625 0.059722222222222225
0 0.61796875 0.2826388888888889 0.025 0.059722222222222225
0 0.644140625 0.28125 0.02734375 0.05416666666666667
0 0.673046875 0.28125 0.02734375 0.05416666666666667
0 0.701171875 0.27847222222222223 0.02734375 0.05138888888888889
0 0.731640625 0.28055555555555556 0.03046875 0.05555555555555555
0 0.7609375 0.27708333333333335 0.028125 0.0625
0 0.78671875 0.27708333333333335 0.03125 0.05416666666666667
0 0.81640625 0.2743055555555556 0.0359375 0.0625
0 0.19765625 0.40069444444444446 0.0421875 0.059722222222222225
0 0.223046875 0.3993055555555556 0.04140625 0.0625
0 0.249609375 0.4013888888888889 0.03828125 0.06388888888888888
0 0.281640625 0.4013888888888889 0.03984375 0.058333333333333334
0 0.312890625 0.4027777777777778 0.03671875 0.06111111111111111
0 0.350390625 0.40208333333333335 0.03515625 0.05694444444444444
0 0.375390625 0.4013888888888889 0.03515625 0.06111111111111111
0 0.409765625 0.3958333333333333 0.03359375 0.058333333333333334
0 0.436328125 0.39791666666666664 0.03359375 0.05694444444444444
0 0.465234375 0.39652777777777776 0.03515625 0.0625
0 0.495703125 0.3958333333333333 0.03203125 0.06111111111111111
0 0.521875 0.39652777777777776 0.03125 0.059722222222222225
0 0.553125 0.3951388888888889 0.0296875 0.06805555555555555
0 0.58359375 0.39652777777777776 0.0296875 0.059722222222222225
0 0.61328125 0.39305555555555555 0.034375 0.06388888888888888
0 0.647265625 0.3888888888888889 0.03046875 0.07222222222222222
0 0.67890625 0.39375 0.03125 0.07361111111111111
0 0.709375 0.38958333333333334 0.0359375 0.07361111111111111
0 0.741015625 0.39166666666666666 0.03203125 0.06944444444444445
0 0.7734375 0.39166666666666666 0.0375 0.075
0 0.806640625 0.3909722222222222 0.03359375 0.07083333333333333
0 0.839453125 0.39166666666666666 0.03671875 0.06666666666666667
0 0.176171875 0.4618055555555556 0.03671875 0.07916666666666666
0 0.205078125 0.4638888888888889 0.04453125 0.08055555555555556
0 0.232421875 0.4597222222222222 0.03984375 0.08333333333333333
0 0.26015625 0.4673611111111111 0.040625 0.07916666666666666
0 0.291015625 0.4652777777777778 0.03671875 0.08055555555555556
0 0.335546875 0.46875 0.03046875 0.08472222222222223
0 0.3671875 0.4666666666666667 0.0421875 0.08333333333333333
0 0.39453125 0.46805555555555556 0.0375 0.07777777777777778
0 0.42734375 0.4638888888888889 0.0375 0.08333333333333333
0 0.456640625 0.46805555555555556 0.03046875 0.075
0 0.48984375 0.46805555555555556 0.0328125 0.075
0 0.51875 0.46875 0.0328125 0.07083333333333333
0 0.55234375 0.46597222222222223 0.0265625 0.07083333333333333
0 0.582421875 0.4673611111111111 0.03203125 0.07083333333333333
0 0.613671875 0.4666666666666667 0.02890625 0.07222222222222222
0 0.646875 0.4638888888888889 0.03125 0.07222222222222222
0 0.68046875 0.4673611111111111 0.03125 0.07083333333333333
0 0.71171875 0.4652777777777778 0.0359375 0.06666666666666667
0 0.74609375 0.46597222222222223 0.0328125 0.07361111111111111
0 0.77890625 0.46319444444444446 0.0390625 0.07361111111111111
0 0.812109375 0.46597222222222223 0.03515625 0.06805555555555555
0 0.8484375 0.4597222222222222 0.0421875 0.075
0 0.121875 0.6152777777777778 0.0453125 0.08333333333333333
0 0.1515625 0.6180555555555556 0.0453125 0.07777777777777778
0 0.187109375 0.61875 0.04453125 0.07916666666666666
0 0.219140625 0.6166666666666667 0.04140625 0.07777777777777778
0 0.2515625 0.6222222222222222 0.0421875 0.075
0 0.30234375 0.61875 0.0390625 0.07083333333333333
0 0.33671875 0.6166666666666667 0.040625 0.07777777777777778
0 0.37265625 0.6201388888888889 0.0484375 0.08472222222222223
0 0.405078125 0.6201388888888889 0.04140625 0.07916666666666666
0 0.438671875 0.6236111111111111 0.04140625 0.08055555555555556
0 0.47109375 0.6222222222222222 0.0359375 0.08055555555555556
0 0.506640625 0.6243055555555556 0.03671875 0.0875
0 0.54140625 0.6208333333333333 0.0375 0.07777777777777778
0 0.57890625 0.6222222222222222 0.0359375 0.08611111111111111
0 0.6140625 0.6201388888888889 0.0359375 0.08194444444444444
0 0.651953125 0.6256944444444444 0.03671875 0.08194444444444444
0 0.689453125 0.6277777777777778 0.04140625 0.08333333333333333
0 0.7265625 0.6256944444444444 0.0421875 0.08194444444444444
0 0.7640625 0.625 0.040625 0.08888888888888889
0 0.801171875 0.6277777777777778 0.04453125 0.09166666666666666
0 0.837109375 0.6236111111111111 0.04140625 0.08888888888888889
0 0.875 0.6215277777777778 0.0484375 0.0875
0 0.059375 0.7333333333333333 0.053125 0.075
0 0.1375 0.7388888888888889 0.0546875 0.08611111111111111
0 0.1765625 0.7388888888888889 0.059375 0.08888888888888889
0 0.25703125 0.7368055555555556 0.053125 0.0875
0 0.300390625 0.7354166666666667 0.05234375 0.07916666666666666
0 0.510546875 0.7479166666666667 0.04609375 0.0875
0 0.09140625 0.6215277777777778 0.0453125 0.07916666666666666
0 0.062109375 0.6166666666666667 0.04453125 0.09722222222222222
0 0.029296875 0.6173611111111111 0.04296875 0.08194444444444444
0 0.0140625 0.6104166666666667 0.028125 0.07916666666666666
0 0.16015625 0.9465277777777777 0.040625 0.0875
0 0.115234375 0.9333333333333333 0.04453125 0.10277777777777777
0 0.248828125 0.9493055555555555 0.04140625 0.09305555555555556
0 0.540625 0.9548611111111112 0.0296875 0.0875
0 0.6484375 0.9583333333333334 0.034375 0.08055555555555556
0 0.7015625 0.9576388888888889 0.03125 0.08194444444444444
0 0.958203125 0.9597222222222223 0.06484375 0.07777777777777778
0 0.93203125 0.8534722222222222 0.0796875 0.07361111111111111
0 0.912890625 0.7909722222222222 0.07578125 0.06527777777777778
0 0.9015625 0.7263888888888889 0.0734375 0.06388888888888888
0 0.985546875 0.625 0.02734375 0.09444444444444444
0 0.976171875 0.5368055555555555 0.04609375 0.08472222222222223
0 0.955859375 0.4673611111111111 0.03828125 0.07083333333333333
0 0.941796875 0.40208333333333335 0.03359375 0.06527777777777778
0 0.927734375 0.34375 0.03671875 0.06527777777777778
0 0.169140625 0.4027777777777778 0.03203125 0.06111111111111111
0 0.14765625 0.46458333333333335 0.0328125 0.06527777777777778
0 0.119140625 0.46458333333333335 0.03515625 0.07083333333333333
0 0.138671875 0.4027777777777778 0.03984375 0.058333333333333334
0 0.116796875 0.4027777777777778 0.03359375 0.06111111111111111
0 0.08984375 0.40347222222222223 0.0328125 0.059722222222222225
0 0.064453125 0.40625 0.03828125 0.0625
0 0.038671875 0.4041666666666667 0.03828125 0.058333333333333334
0 0.016796875 0.4048611111111111 0.03359375 0.059722222222222225
0 0.013671875 0.46944444444444444 0.02578125 0.075
0 0.037109375 0.4625 0.03671875 0.06666666666666667
0 0.066796875 0.46458333333333335 0.03828125 0.06805555555555555
0 0.091015625 0.4638888888888889 0.03515625 0.06388888888888888
0 0.812109375 0.225 0.02578125 0.06111111111111111
0 0.781640625 0.2222222222222222 0.02421875 0.05555555555555555
0 0.753515625 0.2222222222222222 0.02734375 0.04722222222222222
0 0.725 0.22430555555555556 0.0234375 0.05416666666666667
0 0.697265625 0.22916666666666666 0.02421875 0.05
0 0.671484375 0.22916666666666666 0.02421875 0.05555555555555555
0 0.645703125 0.22430555555555556 0.02109375 0.05694444444444444
0 0.62109375 0.22569444444444445 0.021875 0.05416666666666667
0 0.594140625 0.22777777777777777 0.02109375 0.05555555555555555
0 0.565234375 0.23194444444444445 0.02734375 0.05277777777777778
0 0.5390625 0.23333333333333334 0.0203125 0.04722222222222222
0 0.512109375 0.23055555555555557 0.02421875 0.04722222222222222
0 0.4875 0.22777777777777777 0.021875 0.05277777777777778
0 0.458203125 0.23402777777777778 0.02890625 0.05138888888888889
0 0.4359375 0.23402777777777778 0.021875 0.043055555555555555
0 0.408203125 0.23680555555555555 0.02890625 0.04583333333333333
0 0.384375 0.23680555555555555 0.0296875 0.04583333333333333
0 0.34921875 0.23680555555555555 0.0265625 0.034722222222222224
0 0.322265625 0.23680555555555555 0.02578125 0.043055555555555555
0 0.2984375 0.2388888888888889 0.0265625 0.041666666666666664
0 0.2765625 0.23958333333333334 0.025 0.04861111111111111
0 0.250390625 0.2388888888888889 0.03046875 0.05555555555555555
0 0.221875 0.24027777777777778 0.0296875 0.04722222222222222
0 0.196875 0.24097222222222223 0.028125 0.05138888888888889
0 0.17734375 0.24583333333333332 0.025 0.04722222222222222
0 0.209375 0.29305555555555557 0.0328125 0.06666666666666667
0 0.187890625 0.2951388888888889 0.02890625 0.059722222222222225
0 0.1609375 0.29583333333333334 0.0328125 0.05277777777777778
0 0.15390625 0.24375 0.03125 0.05138888888888889
0 0.13671875 0.29444444444444445 0.034375 0.06111111111111111
0 0.132421875 0.2423611111111111 0.02734375 0.05138888888888889
0 0.112109375 0.2965277777777778 0.03359375 0.06527777777777778
0 0.109375 0.2465277777777778 0.0328125 0.04583333333333333
0 0.084765625 0.24930555555555556 0.02890625 0.0375
0 0.0640625 0.25 0.03125 0.041666666666666664
0 0.042578125 0.2520833333333333 0.02890625 0.04027777777777778
0 0.02109375 0.29791666666666666 0.034375 0.059722222222222225
0 0.043359375 0.29930555555555555 0.03046875 0.05694444444444444
0 0.062890625 0.29930555555555555 0.02890625 0.05138888888888889
0 0.0875 0.2986111111111111 0.0328125 0.058333333333333334
0 0.8375 0.10625 0.028125 0.0625
0 0.794921875 0.13819444444444445 0.02421875 0.05138888888888889
0 0.7890625 0.09305555555555556 0.025 0.044444444444444446
0 0.76171875 0.09513888888888888 0.025 0.04861111111111111
0 0.76953125 0.13958333333333334 0.0265625 0.05138888888888889
0 0.74296875 0.13194444444444445 0.025 0.05555555555555555
0 0.737109375 0.09513888888888888 0.01796875 0.04583333333333333
0 0.712109375 0.09305555555555556 0.02265625 0.03888888888888889
0 0.7171875 0.1375 0.0234375 0.058333333333333334
0 0.69140625 0.14166666666666666 0.025 0.05555555555555555
0 0.687890625 0.09513888888888888 0.02734375 0.043055555555555555
0 0.66328125 0.09583333333333334 0.01875 0.03333333333333333
0 0.665625 0.13402777777777777 0.0234375 0.06527777777777778
0 0.640625 0.09652777777777778 0.0203125 0.0375
0 0.640625 0.14027777777777778 0.0234375 0.058333333333333334
0 0.615234375 0.09652777777777778 0.02109375 0.04583333333333333
0 0.6171875 0.14722222222222223 0.021875 0.06111111111111111
0 0.59296875 0.09513888888888888 0.01875 0.04027777777777778
0 0.59296875 0.14652777777777778 0.021875 0.05694444444444444
0 0.569921875 0.10277777777777777 0.01640625 0.04722222222222222
0 0.567578125 0.15 0.01953125 0.06111111111111111
0 0.548046875 0.10138888888888889 0.02109375 0.041666666666666664
0 0.544921875 0.14375 0.01796875 0.06527777777777778
0 0.524609375 0.1076388888888889 0.01796875 0.04583333333333333
0 0.52265625 0.14583333333333334 0.021875 0.05277777777777778
0 0.50078125 0.10277777777777777 0.021875 0.044444444444444446
0 0.500390625 0.14722222222222223 0.01796875 0.058333333333333334
0 0.477734375 0.10694444444444444 0.01953125 0.05
0 0.476171875 0.15625 0.01796875 0.05694444444444444
0 0.455078125 0.10972222222222222 0.02109375 0.03333333333333333
0 0.45078125 0.14791666666666667 0.0203125 0.0625
0 0.43359375 0.10972222222222222 0.0203125 0.03888888888888889
0 0.42890625 0.15069444444444444 0.025 0.0625
0 0.410546875 0.11388888888888889 0.01953125 0.03888888888888889
0 0.401953125 0.15555555555555556 0.02265625 0.05555555555555555
0 0.3828125 0.11527777777777778 0.0234375 0.044444444444444446
0 0.370703125 0.1527777777777778 0.02109375 0.058333333333333334
0 0.3578125 0.11805555555555555 0.01875 0.04722222222222222
0 0.3484375 0.15763888888888888 0.021875 0.05416666666666667
0 0.33359375 0.1125 0.025 0.044444444444444446
0 0.325 0.15208333333333332 0.0234375 0.05416666666666667
0 0.3109375 0.11458333333333333 0.0234375 0.04027777777777778
0 0.301953125 0.1527777777777778 0.02109375 0.058333333333333334
0 0.291015625 0.11805555555555555 0.02265625 0.03888888888888889
0 0.272265625 0.1125 0.02265625 0.03888888888888889
0 0.280859375 0.15416666666666667 0.02109375 0.05277777777777778
0 0.259765625 0.15625 0.02421875 0.04861111111111111
0 0.2515625 0.1125 0.025 0.03333333333333333
0 0.230078125 0.11319444444444444 0.02421875 0.0375
0 0.20859375 0.11875 0.0265625 0.03194444444444444
0 0.1890625 0.11458333333333333 0.0234375 0.043055555555555555
0 0.21171875 0.15625 0.028125 0.05694444444444444
0 0.193359375 0.15347222222222223 0.02265625 0.05694444444444444
0 0.1734375 0.15694444444444444 0.028125 0.058333333333333334
0 0.153125 0.16111111111111112 0.0234375 0.05277777777777778
0 0.13046875 0.16527777777777777 0.028125 0.04722222222222222
0 0.1078125 0.1625 0.025 0.05
0 0.0859375 0.16597222222222222 0.0296875 0.05416666666666667
0 0.1046875 0.1284722222222222 0.028125 0.034722222222222224
0 0.128125 0.12708333333333333 0.025 0.034722222222222224
0 0.146484375 0.12430555555555556 0.02890625 0.034722222222222224
0 0.16953125 0.12222222222222222 0.025 0.03333333333333333
0 0.166796875 0.08888888888888889 0.03671875 0.03333333333333333
0 0.0140625 0.18194444444444444 0.028125 0.03333333333333333
0 0.01796875 0.16041666666666668 0.0296875 0.034722222222222224
0 0.030078125 0.1423611111111111 0.03359375 0.034722222222222224
0 0.038671875 0.12361111111111112 0.03515625 0.03333333333333333
0 0.04921875 0.1076388888888889 0.0328125 0.029166666666666667
0 0.058984375 0.09305555555555556 0.03203125 0.030555555555555555
0 0.066796875 0.07847222222222222 0.03046875 0.03194444444444444
0 0.07734375 0.0625 0.0328125 0.03611111111111111
0 0.08671875 0.04722222222222222 0.0265625 0.03333333333333333
0 0.095703125 0.035416666666666666 0.02890625 0.02638888888888889
0 0.10234375 0.019444444444444445 0.0265625 0.027777777777777776
0 0.109375 0.011805555555555555 0.025 0.02361111111111111
0 0.1421875 0.06527777777777778 0.025 0.044444444444444446
0 0.162109375 0.059722222222222225 0.01953125 0.03333333333333333
0 0.180078125 0.05694444444444444 0.02265625 0.041666666666666664
0 0.19765625 0.05763888888888889 0.0234375 0.0375
0 0.215625 0.05694444444444444 0.021875 0.044444444444444446
0 0.235546875 0.05277777777777778 0.02265625 0.03888888888888889
0 0.255078125 0.05138888888888889 0.02265625 0.041666666666666664
0 0.27421875 0.04791666666666667 0.0265625 0.043055555555555555
0 0.296484375 0.04722222222222222 0.01953125 0.044444444444444446
0 0.315625 0.04652777777777778 0.021875 0.04861111111111111
0 0.336328125 0.049305555555555554 0.02109375 0.04861111111111111
0 0.355078125 0.04861111111111111 0.02265625 0.05
0 0.373828125 0.052083333333333336 0.02578125 0.05416666666666667
0 0.3953125 0.04652777777777778 0.0234375 0.04861111111111111
0 0.428125 0.05 0.0203125 0.05
0 0.44765625 0.04513888888888889 0.021875 0.04861111111111111
0 0.4703125 0.04236111111111111 0.0203125 0.04861111111111111
0 0.4921875 0.03958333333333333 0.0203125 0.04583333333333333
0 0.512890625 0.03888888888888889 0.01953125 0.044444444444444446
0 0.53359375 0.03888888888888889 0.0171875 0.05555555555555555
0 0.551953125 0.035416666666666666 0.01953125 0.05138888888888889
0 0.573828125 0.034027777777777775 0.02109375 0.05138888888888889
0 0.596484375 0.029861111111111113 0.01953125 0.05416666666666667
0 0.618359375 0.02847222222222222 0.02109375 0.05416666666666667
0 0.639453125 0.03194444444444444 0.02265625 0.05555555555555555
0 0.6625 0.030555555555555555 0.0171875 0.05555555555555555
0 0.6828125 0.030555555555555555 0.021875 0.044444444444444446
0 0.707421875 0.03194444444444444 0.01796875 0.044444444444444446
0 0.728515625 0.02638888888888889 0.01953125 0.044444444444444446
0 0.751953125 0.025694444444444443 0.01640625 0.04027777777777778
0 0.77421875 0.020833333333333332 0.0203125 0.041666666666666664
0 0.8 0.02361111111111111 0.021875 0.04722222222222222
0 0.81953125 0.018055555555555554 0.01875 0.03611111111111111
0 0.841796875 0.02013888888888889 0.02265625 0.04027777777777778
0 0.86171875 0.21041666666666667 0.028125 0.07083333333333333
0 0.15390625 0.024305555555555556 0.021875 0.029166666666666667
0 0.175 0.02847222222222222 0.0265625 0.034722222222222224
0 0.18984375 0.025694444444444443 0.021875 0.034722222222222224
0 0.20859375 0.025 0.0265625 0.030555555555555555
0 0.2265625 0.025694444444444443 0.01875 0.03194444444444444
0 0.24765625 0.019444444444444445 0.0234375 0.03611111111111111
0 0.26484375 0.019444444444444445 0.021875 0.027777777777777776
0 0.28515625 0.011805555555555555 0.0171875 0.02361111111111111
0 0.59453125 0.7354166666666667 0.034375 0.10694444444444444
0 0.6859375 0.7381944444444445 0.0375 0.09027777777777778
0 0.730859375 0.7333333333333333 0.03359375 0.10833333333333334
0 0.827734375 0.7430555555555556 0.04453125 0.1111111111111111
0 0.30546875 0.011111111111111112 0.01875 0.022222222222222223
0 0.32578125 0.010416666666666666 0.01875 0.020833333333333332
0 0.34609375 0.011111111111111112 0.015625 0.022222222222222223
0 0.36484375 0.011805555555555555 0.0203125 0.02361111111111111
0 0.38359375 0.011111111111111112 0.0203125 0.022222222222222223
0 0.402734375 0.0125 0.01796875 0.025
0 0.430078125 0.014583333333333334 0.02265625 0.029166666666666667
0 0.453125 0.009722222222222222 0.0203125 0.019444444444444445
0 0.475390625 0.010416666666666666 0.01484375 0.020833333333333332
0 0.496875 0.010416666666666666 0.0171875 0.020833333333333332
0 0.51875 0.009722222222222222 0.0171875 0.019444444444444445
0 0.007421875 0.1986111111111111 0.01484375 0.025
