0 0.3109375 0.28888888888888886 0.0359375 0.06666666666666667
0 0.336328125 0.29097222222222224 0.03359375 0.0625
0 0.3765625 0.2875 0.0328125 0.06388888888888888
0 0.404296875 0.2881944444444444 0.02734375 0.059722222222222225
0 0.5328125 0.28680555555555554 0.0265625 0.05694444444444444
0 0.5609375 0.28194444444444444 0.025 0.05277777777777778
0 0.588671875 0.2826388888888889 0.02890625 0.059722222222222225
0 0.644140625 0.28125 0.02734375 0.05416666666666667
0 0.78671875 0.27708333333333335 0.03125 0.05416666666666667
0 0.81640625 0.2743055555555556 0.0359375 0.0625
0 0.19765625 0.40069444444444446 0.0421875 0.059722222222222225
0 0.223046875 0.3993055555555556 0.04140625 0.0625
0 0.281640625 0.4013888888888889 0.03984375 0.058333333333333334
0 0.312890625 0.4027777777777778 0.03671875 0.06111111111111111
0 0.350390625 0.40208333333333335 0.03515625 0.05694444444444444
0 0.375390625 0.4013888888888889 0.03515625 0.06111111111111111
0 0.409765625 0.3958333333333333 0.03359375 0.058333333333333334
0 0.495703125 0.3958333333333333 0.03203125 0.06111111111111111
0 0.61328125 0.39305555555555555 0.034375 0.06388888888888888
0 0.741015625 0.39166666666666666 0.03203125 0.06944444444444445
0 0.806640625 0.3909722222222222 0.03359375 0.07083333333333333
0 0.839453125 0.39166666666666666 0.03671875 0.06666666666666667
0 0.176171875 0.4618055555555556 0.03671875 0.07916666666666666
0 0.205078125 0.4638888888888889 0.04453125 0.08055555555555556
0 0.232421875 0.4597222222222222 0.03984375 0.08333333333333333
0 0.26015625 0.4673611111111111 0.040625 0.07916666666666666
0 0.291015625 0.4652777777777778 0.03671875 0.08055555555555556
0 0.335546875 0.46875 0.03046875 0.08472222222222223
0 0.3671875 0.4666666666666667 0.0421875 0.08333333333333333
0 0.39453125 0.46805555555555556 0.0375 0.07777777777777778
0 0.42734375 0.4638888888888889 0.0375 0.08333333333333333
0 0.456640625 0.46805555555555556 0.03046875 0.075
0 0.48984375 0.46805555555555556 0.0328125 0.075
0 0.51875 0.46875 0.0328125 0.07083333333333333
0 0.55234375 0.46597222222222223 0.0265625 0.07083333333333333
0 0.582421875 0.4673611111111111 0.03203125 0.07083333333333333
0 0.613671875 0.4666666666666667 0.02890625 0.07222222222222222
0 0.646875 0.4638888888888889 0.03125 0.07222222222222222
0 0.68046875 0.4673611111111111 0.03125 0.07083333333333333
0 0.71171875 0.4652777777777778 0.0359375 0.06666666666666667
0 0.74609375 0.46597222222222223 0.0328125 0.07361111111111111
0 0.77890625 0.46319444444444446 0.0390625 0.07361111111111111
0 0.812109375 0.46597222222222223 0.03515625 0.06805555555555555
0 0.8484375 0.4597222222222222 0.0421875 0.075
0 0.121875 0.6152777777777778 0.0453125 0.08333333333333333
0 0.1515625 0.6180555555555556 0.0453125 0.07777777777777778
0 0.187109375 0.61875 0.04453125 0.07916666666666666
0 0.219140625 0.6166666666666667 0.04140625 0.07777777777777778
0 0.2515625 0.6222222222222222 0.0421875 0.075
0 0.30234375 0.61875 0.0390625 0.07083333333333333
0 0.33671875 0.6166666666666667 0.040625 0.07777777777777778
0 0.37265625 0.6201388888888889 0.0484375 0.08472222222222223
0 0.405078125 0.6201388888888889 0.04140625 0.07916666666666666
0 0.438671875 0.6236111111111111 0.04140625 0.08055555555555556
0 0.47109375 0.6222222222222222 0.0359375 0.08055555555555556
0 0.506640625 0.6243055555555556 0.03671875 0.0875
0 0.54140625 0.6208333333333333 0.0375 0.07777777777777778
0 0.57890625 0.6222222222222222 0.0359375 0.08611111111111111
0 0.6140625 0.6201388888888889 0.0359375 0.08194444444444444
0 0.651953125 0.6256944444444444 0.03671875 0.08194444444444444
0 0.689453125 0.6277777777777778 0.04140625 0.08333333333333333
0 0.7265625 0.6256944444444444 0.0421875 0.08194444444444444
0 0.7640625 0.625 0.040625 0.08888888888888889
0 0.801171875 0.6277777777777778 0.04453125 0.09166666666666666
0 0.837109375 0.6236111111111111 0.04140625 0.08888888888888889
0 0.875 0.6215277777777778 0.0484375 0.0875
0 0.059375 0.7333333333333333 0.053125 0.075
0 0.1375 0.7388888888888889 0.0546875 0.08611111111111111
0 0.1765625 0.7388888888888889 0.059375 0.08888888888888889
0 0.510546875 0.7479166666666667 0.04609375 0.0875
0 0.901953125 0.7388888888888889 0.07578125 0.06111111111111111
0 0.9265625 0.80625 0.08125 0.06805555555555555
0 0.9234375 0.8798611111111111 0.0703125 0.06527777777777778
0 0.955859375 0.9583333333333334 0.06796875 0.075
0 0.978125 0.5875 0.0421875 0.10555555555555556
0 0.958203125 0.48125 0.03984375 0.08472222222222223
0 0.939453125 0.40694444444444444 0.03671875 0.06944444444444445
0 0.925 0.34375 0.0359375 0.06527777777777778
0 0.725 0.7263888888888889 0.0421875 0.09166666666666666
0 0.7796875 0.7333333333333333 0.0421875 0.10555555555555556
0 0.83046875 0.7444444444444445 0.0390625 0.10833333333333334
0 0.5921875 0.7298611111111111 0.0328125 0.09583333333333334
0 0.30390625 0.9451388888888889 0.04375 0.10416666666666667
0 0.248046875 0.9472222222222222 0.04921875 0.1
0 0.021875 0.7319444444444444 0.04375 0.09444444444444444
0 0.013671875 0.6104166666666667 0.02734375 0.07916666666666666
0 0.0328125 0.6125 0.04375 0.09166666666666666
0 0.064453125 0.6090277777777777 0.04765625 0.09583333333333334
0 0.093359375 0.6111111111111112 0.04140625 0.08888888888888889
0 0.146875 0.4583333333333333 0.04375 0.08333333333333333
0 0.115625 0.4041666666666667 0.0359375 0.05555555555555555
0 0.087890625 0.4048611111111111 0.03359375 0.06805555555555555
0 0.090234375 0.46041666666666664 0.03671875 0.07916666666666666
0 0.116015625 0.46319444444444446 0.03984375 0.0763888888888889
0 0.01875 0.4625 0.0359375 0.06111111111111111
0 0.01875 0.40625 0.0328125 0.05694444444444444
0 0.58984375 0.2298611111111111 0.0234375 0.05416666666666667
0 0.7515625 0.22430555555555556 0.0265625 0.0625
0 0.48671875 0.23541666666666666 0.0265625 0.0625
0 0.4109375 0.2361111111111111 0.028125 0.06111111111111111
0 0.38203125 0.2375 0.0296875 0.05
0 0.348828125 0.2375 0.02890625 0.05277777777777778
0 0.201953125 0.2423611111111111 0.03046875 0.04583333333333333
0 0.1765625 0.2465277777777778 0.0328125 0.05138888888888889
0 0.15234375 0.24861111111111112 0.0375 0.05555555555555555
0 0.068359375 0.25 0.03203125 0.041666666666666664
0 0.042578125 0.24930555555555556 0.03203125 0.04861111111111111
0 0.087890625 0.3020833333333333 0.03671875 0.05416666666666667
0 0.04453125 0.29791666666666666 0.0375 0.05416666666666667
0 0.01796875 0.29375 0.0328125 0.05138888888888889
0 0.783984375 0.09166666666666666 0.02578125 0.05
0 0.6875 0.10138888888888889 0.0234375 0.05277777777777778
0 0.61796875 0.1 0.021875 0.058333333333333334
0 0.434375 0.11527777777777778 0.025 0.041666666666666664
0 0.411328125 0.1111111111111111 0.02109375 0.041666666666666664
0 0.40546875 0.15138888888888888 0.028125 0.05
0 0.369140625 0.1527777777777778 0.02578125 0.058333333333333334
0 0.379296875 0.10833333333333334 0.02890625 0.027777777777777776
0 0.33671875 0.11527777777777778 0.0234375 0.05
0 0.312109375 0.11875 0.02265625 0.04861111111111111
0 0.291796875 0.11597222222222223 0.02578125 0.034722222222222224
0 0.27890625 0.15347222222222223 0.03125 0.04861111111111111
0 0.237890625 0.1597222222222222 0.03046875 0.03888888888888889
0 0.25 0.11805555555555555 0.028125 0.044444444444444446
0 0.22890625 0.12222222222222222 0.0265625 0.03611111111111111
0 0.20859375 0.11875 0.025 0.0375
0 0.18671875 0.125 0.025 0.041666666666666664
0 0.194140625 0.16041666666666668 0.02734375 0.04583333333333333
0 0.1125 0.16111111111111112 0.028125 0.044444444444444446
0 0.0875 0.16597222222222222 0.0328125 0.05138888888888889
0 0.1078125 0.125 0.0234375 0.030555555555555555
0 0.128125 0.12708333333333333 0.03125 0.034722222222222224
0 0.044921875 0.11319444444444444 0.03828125 0.03194444444444444
0 0.058984375 0.09166666666666666 0.03515625 0.030555555555555555
0 0.08359375 0.05 0.0375 0.03611111111111111
0 0.12734375 0.08611111111111111 0.0 0.0
0 0.141015625 0.06597222222222222 0.02734375 0.04027777777777778
0 0.163671875 0.06111111111111111 0.02421875 0.041666666666666664
0 0.182421875 0.05694444444444444 0.02109375 0.03611111111111111
0 0.198046875 0.05486111111111111 0.02265625 0.0375
0 0.155078125 0.03194444444444444 0.02734375 0.030555555555555555
0 0.2109375 0.025 0.01875 0.03333333333333333
0 0.2296875 0.027083333333333334 0.021875 0.03194444444444444
0 0.237890625 0.05486111111111111 0.02265625 0.04027777777777778
0 0.27421875 0.05 0.0234375 0.03611111111111111
0 0.296484375 0.04861111111111111 0.02421875 0.044444444444444446
0 0.326171875 0.02013888888888889 0.01640625 0.04027777777777778
0 0.3953125 0.04583333333333333 0.0234375 0.030555555555555555
0 0.427734375 0.04791666666666667 0.02109375 0.04583333333333333
0 0.4703125 0.03958333333333333 0.021875 0.043055555555555555
0 0.489453125 0.03611111111111111 0.02109375 0.05277777777777778
0 0.5328125 0.03888888888888889 0.021875 0.05277777777777778
0 0.553515625 0.034027777777777775 0.01796875 0.0375
0 0.573046875 0.030555555555555555 0.02109375 0.05
0 0.639453125 0.029166666666666667 0.01796875 0.04722222222222222
0 0.546484375 0.9541666666666667 0.03515625 0.08888888888888889
0 0.494140625 0.9555555555555556 0.03203125 0.08055555555555556
0 0.70390625 0.9576388888888889 0.0328125 0.08194444444444444
0 0.107421875 0.9430555555555555 0.04453125 0.08333333333333333
0 0.01015625 0.19722222222222222 0.0203125 0.027777777777777776
0 0.615625 0.010416666666666666 0.01875 0.020833333333333332
0 0.555859375 0.009027777777777777 0.02109375 0.018055555555555554
0 0.723828125 0.006944444444444444 0.02109375 0.013888888888888888
0 0.114453125 0.00625 0.03828125 0.0125
