0 0.54921875 0.7625 0.0 0.0
0 0.2546875 0.9333333333333333 0.046875 0.1111111111111111
0 0.207421875 0.9270833333333334 0.04765625 0.11527777777777778
0 0.156640625 0.9354166666666667 0.04453125 0.09027777777777778
0 0.134375 0.9805555555555555 0.0 0.0
0 0.075 0.9277777777777778 0.0515625 0.09444444444444444
0 0.700390625 0.9555555555555556 0.03515625 0.08611111111111111
0 0.54765625 0.9527777777777777 0.034375 0.09166666666666666
0 0.49921875 0.9541666666666667 0.0359375 0.08888888888888889
0 0.95234375 0.9652777777777778 0.053125 0.06666666666666667
0 0.916796875 0.7965277777777777 0.07890625 0.06527777777777778
0 0.90078125 0.7333333333333333 0.071875 0.06944444444444445
0 0.967578125 0.5368055555555555 0.04140625 0.08472222222222223
0 0.919140625 0.33541666666666664 0.04296875 0.07916666666666666
0 0.8171875 0.27361111111111114 0.0359375 0.07777777777777778
0 0.83828125 0.4 0.03125 0.06388888888888888
0 0.814453125 0.46041666666666664 0.03046875 0.07916666666666666
0 0.780078125 0.45694444444444443 0.03359375 0.08611111111111111
0 0.836328125 0.6291666666666667 0.04140625 0.09722222222222222
0 0.87890625 0.6333333333333333 0.0390625 0.08611111111111111
0 0.796875 0.6305555555555555 0.0390625 0.09444444444444444
0 0.76015625 0.6277777777777778 0.0359375 0.10555555555555556
0 0.72734375 0.625 0.0359375 0.09444444444444444
0 0.728125 0.7284722222222222 0.034375 0.10416666666666667
0 0.617578125 0.6159722222222223 0.03046875 0.10416666666666667
0 0.5953125 0.7263888888888889 0.0359375 0.10555555555555556
0 0.51015625 0.7236111111111111 0.034375 0.10555555555555556
0 0.507421875 0.6243055555555556 0.03203125 0.09305555555555556
0 0.44140625 0.6229166666666667 0.0375 0.09305555555555556
0 0.405078125 0.6222222222222222 0.03359375 0.08888888888888889
0 0.36953125 0.625 0.0359375 0.08055555555555556
0 0.4234375 0.7305555555555555 0.0359375 0.08611111111111111
0 0.300390625 0.7256944444444444 0.03828125 0.0875
0 0.260546875 0.7263888888888889 0.04609375 0.10555555555555556
0 0.25390625 0.61875 0.0390625 0.08472222222222223
0 0.220703125 0.6159722222222223 0.04296875 0.08472222222222223
0 0.15703125 0.6138888888888889 0.04375 0.09444444444444444
0 0.097265625 0.6111111111111112 0.04765625 0.10277777777777777
0 0.14140625 0.7215277777777778 0.0515625 0.10138888888888889
0 0.065234375 0.6076388888888888 0.04921875 0.0875
0 0.033203125 0.6076388888888888 0.04453125 0.08194444444444444
0 0.012890625 0.6090277777777777 0.02578125 0.07916666666666666
0 0.74140625 0.3923611111111111 0.025 0.0625
0 0.74765625 0.46041666666666664 0.03125 0.07916666666666666
0 0.71328125 0.46875 0.0328125 0.0875
0 0.678125 0.46041666666666664 0.0265625 0.07083333333333333
0 0.676171875 0.39305555555555555 0.02890625 0.075
0 0.7078125 0.39166666666666666 0.0296875 0.075
0 0.645703125 0.46041666666666664 0.02421875 0.06805555555555555
0 0.615234375 0.4513888888888889 0.02890625 0.08611111111111111
0 0.552734375 0.4583333333333333 0.02578125 0.07222222222222222
0 0.525390625 0.3958333333333333 0.02734375 0.075
0 0.490625 0.45694444444444443 0.028125 0.075
0 0.459765625 0.45902777777777776 0.02734375 0.07361111111111111
0 0.439453125 0.3958333333333333 0.02890625 0.06388888888888888
0 0.429296875 0.45694444444444443 0.02734375 0.07222222222222222
0 0.407421875 0.3958333333333333 0.02890625 0.07777777777777778
0 0.379296875 0.39305555555555555 0.03203125 0.06944444444444445
0 0.368359375 0.4597222222222222 0.03046875 0.07222222222222222
0 0.31015625 0.39305555555555555 0.040625 0.07222222222222222
0 0.29140625 0.46041666666666664 0.0328125 0.0763888888888889
0 0.24921875 0.39375 0.0328125 0.06527777777777778
0 0.234375 0.4597222222222222 0.03125 0.075
0 0.20703125 0.45902777777777776 0.034375 0.07361111111111111
0 0.18984375 0.49583333333333335 0.0 0.0
0 0.2 0.4 0.0390625 0.07777777777777778
0 0.170703125 0.39652777777777776 0.03515625 0.0625
0 0.151171875 0.4625 0.03828125 0.075
0 0.12421875 0.46041666666666664 0.0359375 0.07361111111111111
0 0.09453125 0.46111111111111114 0.0359375 0.075
0 0.06953125 0.4597222222222222 0.034375 0.075
0 0.0421875 0.4576388888888889 0.0359375 0.07361111111111111
0 0.017578125 0.46319444444444446 0.03515625 0.06805555555555555
0 0.11875 0.4 0.034375 0.058333333333333334
0 0.0671875 0.39791666666666664 0.034375 0.04861111111111111
0 0.042578125 0.39444444444444443 0.04453125 0.06388888888888888
0 0.778515625 0.22777777777777777 0.03046875 0.05
0 0.731640625 0.27569444444444446 0.02734375 0.0625
0 0.7 0.2763888888888889 0.0296875 0.06388888888888888
0 0.672265625 0.27361111111111114 0.02421875 0.06666666666666667
0 0.61484375 0.2763888888888889 0.025 0.06666666666666667
0 0.588671875 0.27708333333333335 0.02265625 0.06527777777777778
0 0.533203125 0.2798611111111111 0.02578125 0.06527777777777778
0 0.480859375 0.28541666666666665 0.02734375 0.06805555555555555
0 0.4609375 0.2326388888888889 0.025 0.05694444444444444
0 0.453125 0.28680555555555554 0.0265625 0.059722222222222225
0 0.410546875 0.23819444444444443 0.02578125 0.04861111111111111
0 0.37421875 0.2875 0.028125 0.06666666666666667
0 0.349609375 0.24097222222222223 0.02890625 0.05416666666666667
0 0.36953125 0.1527777777777778 0.0265625 0.058333333333333334
0 0.56875 0.14722222222222223 0.021875 0.05277777777777778
0 0.662109375 0.025 0.01796875 0.04722222222222222
0 0.616015625 0.029861111111111113 0.02421875 0.04861111111111111
0 0.501953125 0.10625 0.02421875 0.05138888888888889
0 0.45703125 0.11666666666666667 0.0234375 0.044444444444444446
0 0.287890625 0.28541666666666665 0.03046875 0.059722222222222225
0 0.31484375 0.11388888888888889 0.028125 0.044444444444444446
0 0.23515625 0.29097222222222224 0.0375 0.06527777777777778
0 0.1640625 0.28888888888888886 0.0375 0.06111111111111111
0 0.13984375 0.29305555555555557 0.0328125 0.06388888888888888
0 0.116796875 0.29305555555555557 0.03203125 0.058333333333333334
0 0.09296875 0.2951388888888889 0.03125 0.05138888888888889
0 0.092578125 0.24791666666666667 0.03515625 0.04861111111111111
0 0.065234375 0.25 0.03203125 0.04722222222222222
0 0.041796875 0.24791666666666667 0.03515625 0.04583333333333333
0 0.024609375 0.2902777777777778 0.03515625 0.058333333333333334
0 0.0453125 0.2951388888888889 0.028125 0.05694444444444444
0 0.066796875 0.29375 0.03671875 0.05138888888888889
0 0.238671875 0.15208333333333332 0.03046875 0.04583333333333333
0 0.248046875 0.11388888888888889 0.02890625 0.03611111111111111
0 0.27265625 0.12152777777777778 0.0265625 0.04027777777777778
0 0.412890625 0.11527777777777778 0.02265625 0.03888888888888889
0 0.490234375 0.03819444444444445 0.02109375 0.04027777777777778
0 0.550390625 0.030555555555555555 0.02109375 0.05277777777777778
0 0.573046875 0.030555555555555555 0.02109375 0.05
0 0.405078125 0.01597222222222222 0.02109375 0.03194444444444444
0 0.43203125 0.01597222222222222 0.01875 0.03194444444444444
0 0.473828125 0.015277777777777777 0.02265625 0.030555555555555555
0 0.3859375 0.016666666666666666 0.021875 0.03333333333333333
0 0.36171875 0.017361111111111112 0.021875 0.034722222222222224
0 0.34140625 0.017361111111111112 0.0234375 0.034722222222222224
0 0.325 0.014583333333333334 0.021875 0.029166666666666667
0 0.31484375 0.04722222222222222 0.0234375 0.041666666666666664
0 0.29296875 0.04791666666666667 0.025 0.043055555555555555
0 0.27734375 0.044444444444444446 0.025 0.044444444444444446
0 0.265625 0.019444444444444445 0.025 0.03888888888888889
0 0.24765625 0.015277777777777777 0.021875 0.030555555555555555
0 0.256640625 0.052083333333333336 0.02265625 0.0375
0 0.2390625 0.050694444444444445 0.021875 0.034722222222222224
0 0.2203125 0.05277777777777778 0.025 0.041666666666666664
0 0.21328125 0.02638888888888889 0.0234375 0.030555555555555555
0 0.19140625 0.02638888888888889 0.021875 0.027777777777777776
0 0.17109375 0.029861111111111113 0.021875 0.03194444444444444
0 0.154296875 0.029166666666666667 0.02109375 0.025
0 0.1421875 0.0625 0.025 0.03888888888888889
0 0.163671875 0.06041666666666667 0.02890625 0.034722222222222224
0 0.180078125 0.05763888888888889 0.02578125 0.03194444444444444
0 0.1984375 0.059027777777777776 0.021875 0.034722222222222224
0 0.190625 0.11944444444444445 0.0265625 0.03888888888888889
0 0.14921875 0.12222222222222222 0.034375 0.03888888888888889
0 0.131640625 0.1638888888888889 0.02890625 0.05
0 0.108984375 0.1625 0.03203125 0.05
0 0.10703125 0.12708333333333333 0.028125 0.04583333333333333
0 0.01953125 0.15833333333333333 0.0390625 0.03611111111111111
0 0.036328125 0.12638888888888888 0.03671875 0.03611111111111111
0 0.04765625 0.1076388888888889 0.0359375 0.02638888888888889
0 0.059375 0.09027777777777778 0.034375 0.030555555555555555
0 0.07265625 0.07569444444444444 0.03125 0.029166666666666667
0 0.091015625 0.03680555555555556 0.04296875 0.029166666666666667
0 0.1046875 0.021527777777777778 0.0296875 0.02361111111111111
0 0.109765625 0.011111111111111112 0.02734375 0.022222222222222223
0 0.010546875 0.19305555555555556 0.02109375 0.03333333333333333
0 0.72578125 0.010416666666666666 0.0203125 0.020833333333333332
