0 0.259765625 0.2902777777777778 0.03515625 0.06666666666666667
0 0.286328125 0.2902777777777778 0.03359375 0.06666666666666667
0 0.3109375 0.28888888888888886 0.0359375 0.06666666666666667
0 0.336328125 0.29097222222222224 0.03359375 0.0625
0 0.3765625 0.2875 0.0328125 0.06388888888888888
0 0.404296875 0.2881944444444444 0.02734375 0.059722222222222225
0 0.430078125 0.2902777777777778 0.02578125 0.06388888888888888
0 0.4546875 0.2875 0.0265625 0.06388888888888888
0 0.48125 0.28888888888888886 0.028125 0.06111111111111111
0 0.50625 0.28680555555555554 0.025 0.05416666666666667
0 0.5328125 0.28680555555555554 0.0265625 0.05694444444444444
0 0.5609375 0.28194444444444444 0.025 0.05277777777777778
0 0.588671875 0.2826388888888889 0.02890625 0.059722222222222225
0 0.61796875 0.2826388888888889 0.025 0.059722222222222225
0 0.673046875 0.28125 0.02734375 0.05416666666666667
0 0.701171875 0.27847222222222223 0.02734375 0.05138888888888889
0 0.731640625 0.28055555555555556 0.03046875 0.05555555555555555
0 0.7609375 0.27708333333333335 0.028125 0.0625
0 0.78671875 0.27708333333333335 0.03125 0.05416666666666667
0 0.81640625 0.2743055555555556 0.0359375 0.0625
0 0.223046875 0.3993055555555556 0.04140625 0.0625
0 0.249609375 0.4013888888888889 0.03828125 0.06388888888888888
0 0.281640625 0.4013888888888889 0.03984375 0.058333333333333334
0 0.312890625 0.4027777777777778 0.03671875 0.06111111111111111
0 0.350390625 0.40208333333333335 0.03515625 0.05694444444444444
0 0.375390625 0.4013888888888889 0.03515625 0.06111111111111111
0 0.409765625 0.3958333333333333 0.03359375 0.058333333333333334
0 0.436328125 0.39791666666666664 0.03359375 0.05694444444444444
0 0.465234375 0.39652777777777776 0.03515625 0.0625
0 0.495703125 0.3958333333333333 0.03203125 0.06111111111111111
0 0.521875 0.39652777777777776 0.03125 0.059722222222222225
0 0.553125 0.3951388888888889 0.0296875 0.06805555555555555
0 0.61328125 0.39305555555555555 0.034375 0.06388888888888888
0 0.647265625 0.3888888888888889 0.03046875 0.07222222222222222
0 0.67890625 0.39375 0.03125 0.07361111111111111
0 0.709375 0.38958333333333334 0.0359375 0.07361111111111111
0 0.741015625 0.39166666666666666 0.03203125 0.06944444444444445
0 0.7734375 0.39166666666666666 0.0375 0.075
0 0.806640625 0.3909722222222222 0.03359375 0.07083333333333333
0 0.839453125 0.39166666666666666 0.03671875 0.06666666666666667
0 0.176171875 0.4618055555555556 0.03671875 0.07916666666666666
0 0.205078125 0.4638888888888889 0.04453125 0.08055555555555556
0 0.232421875 0.4597222222222222 0.03984375 0.08333333333333333
0 0.26015625 0.4673611111111111 0.040625 0.07916666666666666
0 0.291015625 0.4652777777777778 0.03671875 0.08055555555555556
0 0.335546875 0.46875 0.03046875 0.08472222222222223
0 0.3671875 0.4666666666666667 0.0421875 0.08333333333333333
0 0.39453125 0.46805555555555556 0.0375 0.07777777777777778
0 0.42734375 0.4638888888888889 0.0375 0.08333333333333333
0 0.456640625 0.46805555555555556 0.03046875 0.075
0 0.51875 0.46875 0.0328125 0.07083333333333333
0 0.55234375 0.46597222222222223 0.0265625 0.07083333333333333
0 0.582421875 0.4673611111111111 0.03203125 0.07083333333333333
0 0.613671875 0.4666666666666667 0.02890625 0.07222222222222222
0 0.646875 0.4638888888888889 0.03125 0.07222222222222222
0 0.71171875 0.4652777777777778 0.0359375 0.06666666666666667
0 0.74609375 0.46597222222222223 0.0328125 0.07361111111111111
0 0.77890625 0.46319444444444446 0.0390625 0.07361111111111111
0 0.812109375 0.46597222222222223 0.03515625 0.06805555555555555
0 0.8484375 0.4597222222222222 0.0421875 0.075
0 0.121875 0.6152777777777778 0.0453125 0.08333333333333333
0 0.1515625 0.6180555555555556 0.0453125 0.07777777777777778
0 0.219140625 0.6166666666666667 0.04140625 0.07777777777777778
0 0.2515625 0.6222222222222222 0.0421875 0.075
0 0.30234375 0.61875 0.0390625 0.07083333333333333
0 0.33671875 0.6166666666666667 0.040625 0.07777777777777778
0 0.37265625 0.6201388888888889 0.0484375 0.08472222222222223
0 0.405078125 0.6201388888888889 0.04140625 0.07916666666666666
0 0.438671875 0.6236111111111111 0.04140625 0.08055555555555556
0 0.47109375 0.6222222222222222 0.0359375 0.08055555555555556
0 0.506640625 0.6243055555555556 0.03671875 0.0875
0 0.54140625 0.6208333333333333 0.0375 0.07777777777777778
0 0.57890625 0.6222222222222222 0.0359375 0.08611111111111111
0 0.6140625 0.6201388888888889 0.0359375 0.08194444444444444
0 0.651953125 0.6256944444444444 0.03671875 0.08194444444444444
0 0.689453125 0.6277777777777778 0.04140625 0.08333333333333333
0 0.7640625 0.625 0.040625 0.08888888888888889
0 0.837109375 0.6236111111111111 0.04140625 0.08888888888888889
0 0.875 0.6215277777777778 0.0484375 0.0875
0 0.059375 0.7333333333333333 0.053125 0.075
0 0.095703125 0.7368055555555556 0.05546875 0.08472222222222223
0 0.1375 0.7388888888888889 0.0546875 0.08611111111111111
0 0.219140625 0.7368055555555556 0.05390625 0.09305555555555556
0 0.25703125 0.7368055555555556 0.053125 0.0875
0 0.300390625 0.7354166666666667 0.05234375 0.07916666666666666
0 0.429296875 0.7409722222222223 0.04921875 0.08194444444444444
0 0.470703125 0.7444444444444445 0.04140625 0.08611111111111111
0 0.510546875 0.7479166666666667 0.04609375 0.0875
0 0.091796875 0.6138888888888889 0.04140625 0.075
0 0.059375 0.6173611111111111 0.046875 0.09305555555555556
0 0.0296875 0.61875 0.04375 0.08194444444444444
0 0.0125 0.6111111111111112 0.025 0.07777777777777778
0 0.25 0.9486111111111111 0.05 0.1
0 0.301953125 0.9472222222222222 0.04140625 0.10277777777777777
0 0.3984375 0.9513888888888888 0.04375 0.09444444444444444
0 0.4484375 0.9444444444444444 0.034375 0.10833333333333334
0 0.90078125 0.7256944444444444 0.06875 0.06805555555555555
0 0.919921875 0.7979166666666667 0.08671875 0.05694444444444444
0 0.92578125 0.8638888888888889 0.0703125 0.07222222222222222
0 0.960546875 0.9625 0.06640625 0.07222222222222222
0 0.749609375 0.9423611111111111 0.03984375 0.1125
0 0.723046875 0.7236111111111111 0.03515625 0.10277777777777777
0 0.59296875 0.7305555555555555 0.0359375 0.1
0 0.985546875 0.6388888888888888 0.02734375 0.08611111111111111
0 0.97578125 0.5541666666666667 0.0421875 0.08055555555555556
0 0.952734375 0.4673611111111111 0.04765625 0.07361111111111111
0 0.935546875 0.39652777777777776 0.04140625 0.07361111111111111
0 0.11640625 0.46944444444444444 0.0390625 0.06944444444444445
0 0.091015625 0.4666666666666667 0.03515625 0.06666666666666667
0 0.066796875 0.45902777777777776 0.04140625 0.07916666666666666
0 0.0390625 0.46597222222222223 0.0375 0.06805555555555555
0 0.016015625 0.46319444444444446 0.03203125 0.07083333333333333
0 0.16953125 0.40347222222222223 0.0359375 0.0625
0 0.14140625 0.4027777777777778 0.034375 0.06666666666666667
0 0.115234375 0.4048611111111111 0.03203125 0.059722222222222225
0 0.0890625 0.3972222222222222 0.03125 0.05555555555555555
0 0.062890625 0.4 0.03984375 0.06388888888888888
0 0.035546875 0.40347222222222223 0.03828125 0.05416666666666667
0 0.015234375 0.4013888888888889 0.03046875 0.06111111111111111
0 0.8109375 0.22430555555555556 0.0265625 0.04583333333333333
0 0.7515625 0.22430555555555556 0.021875 0.043055555555555555
0 0.72109375 0.2263888888888889 0.0234375 0.04722222222222222
0 0.6953125 0.225 0.025 0.05277777777777778
0 0.64375 0.23194444444444445 0.021875 0.05277777777777778
0 0.6171875 0.22708333333333333 0.021875 0.05138888888888889
0 0.589453125 0.22569444444444445 0.02578125 0.05694444444444444
0 0.564453125 0.23333333333333334 0.02421875 0.05277777777777778
0 0.50859375 0.2361111111111111 0.0203125 0.04722222222222222
0 0.4609375 0.2375 0.021875 0.058333333333333334
0 0.43515625 0.23680555555555555 0.025 0.043055555555555555
0 0.344140625 0.23958333333333334 0.02734375 0.04027777777777778
0 0.271484375 0.2388888888888889 0.02734375 0.05555555555555555
0 0.24765625 0.23958333333333334 0.025 0.04583333333333333
0 0.2265625 0.23819444444444443 0.028125 0.05694444444444444
0 0.21171875 0.2902777777777778 0.0265625 0.06111111111111111
0 0.18671875 0.2875 0.0296875 0.06388888888888888
0 0.18046875 0.24097222222222223 0.0328125 0.04583333333333333
0 0.155859375 0.24027777777777778 0.02578125 0.044444444444444446
0 0.1328125 0.24513888888888888 0.0296875 0.043055555555555555
0 0.1109375 0.24513888888888888 0.0265625 0.04583333333333333
0 0.086328125 0.24513888888888888 0.02578125 0.04861111111111111
0 0.064453125 0.24375 0.03046875 0.04583333333333333
0 0.018359375 0.2951388888888889 0.03671875 0.059722222222222225
0 0.04140625 0.29583333333333334 0.034375 0.06111111111111111
0 0.069140625 0.29305555555555557 0.03203125 0.05555555555555555
0 0.09375 0.29375 0.028125 0.05694444444444444
0 0.1140625 0.2923611111111111 0.0359375 0.05416666666666667
0 0.137890625 0.2875 0.03515625 0.06111111111111111
0 0.16171875 0.2881944444444444 0.0296875 0.05138888888888889
0 0.768359375 0.13541666666666666 0.01953125 0.05416666666666667
0 0.741015625 0.13680555555555557 0.02109375 0.05138888888888889
0 0.7140625 0.13472222222222222 0.01875 0.05555555555555555
0 0.688671875 0.1375 0.01953125 0.05277777777777778
0 0.663671875 0.13680555555555557 0.01953125 0.05694444444444444
0 0.63828125 0.13819444444444445 0.01875 0.059722222222222225
0 0.61640625 0.14027777777777778 0.021875 0.058333333333333334
0 0.591015625 0.1423611111111111 0.01796875 0.04861111111111111
0 0.54296875 0.14652777777777778 0.021875 0.04861111111111111
0 0.498828125 0.1486111111111111 0.02578125 0.05
0 0.404296875 0.15694444444444444 0.02578125 0.04722222222222222
0 0.372265625 0.15138888888888888 0.02890625 0.05277777777777778
0 0.34609375 0.15486111111111112 0.025 0.04583333333333333
0 0.302734375 0.15416666666666667 0.02890625 0.05277777777777778
0 0.279296875 0.15347222222222223 0.02421875 0.04861111111111111
0 0.2578125 0.15486111111111112 0.025 0.05138888888888889
0 0.236328125 0.15486111111111112 0.02890625 0.05138888888888889
0 0.194921875 0.15694444444444444 0.02890625 0.05
0 0.152734375 0.1638888888888889 0.03203125 0.03888888888888889
0 0.1109375 0.1625 0.03125 0.05277777777777778
0 0.087109375 0.1625 0.02890625 0.05
0 0.786328125 0.08888888888888889 0.02578125 0.05277777777777778
0 0.761328125 0.09444444444444444 0.02578125 0.044444444444444446
0 0.712109375 0.09444444444444444 0.02265625 0.041666666666666664
0 0.6859375 0.09375 0.021875 0.04027777777777778
0 0.594140625 0.10138888888888889 0.02421875 0.044444444444444446
0 0.5703125 0.10416666666666667 0.021875 0.05555555555555555
0 0.525390625 0.1111111111111111 0.02109375 0.044444444444444446
0 0.501953125 0.10694444444444444 0.02109375 0.041666666666666664
0 0.47734375 0.11319444444444444 0.021875 0.04583333333333333
0 0.456640625 0.11041666666666666 0.02421875 0.05138888888888889
0 0.434765625 0.1125 0.02109375 0.05277777777777778
0 0.41171875 0.11180555555555556 0.0234375 0.04861111111111111
0 0.380859375 0.1125 0.02734375 0.03888888888888889
0 0.358203125 0.11527777777777778 0.02421875 0.044444444444444446
0 0.290625 0.11875 0.021875 0.04027777777777778
0 0.271484375 0.11527777777777778 0.02421875 0.041666666666666664
0 0.25 0.11527777777777778 0.021875 0.03611111111111111
0 0.169140625 0.12291666666666666 0.02421875 0.04861111111111111
0 0.146484375 0.12430555555555556 0.02734375 0.04861111111111111
0 0.110546875 0.12916666666666668 0.03046875 0.030555555555555555
0 0.0296875 0.14375 0.0375 0.034722222222222224
0 0.03984375 0.12152777777777778 0.0390625 0.029166666666666667
0 0.052734375 0.10833333333333334 0.03203125 0.03333333333333333
0 0.060546875 0.09166666666666666 0.03203125 0.027777777777777776
0 0.066796875 0.07916666666666666 0.03046875 0.030555555555555555
0 0.07578125 0.0625 0.03125 0.027777777777777776
0 0.09765625 0.024305555555555556 0.0328125 0.034722222222222224
0 0.81796875 0.021527777777777778 0.025 0.043055555555555555
0 0.773828125 0.025694444444444443 0.02265625 0.043055555555555555
0 0.751171875 0.02638888888888889 0.02109375 0.04722222222222222
0 0.705859375 0.027083333333333334 0.02265625 0.04861111111111111
0 0.659765625 0.02847222222222222 0.02421875 0.04861111111111111
0 0.554296875 0.03611111111111111 0.01796875 0.044444444444444446
0 0.512890625 0.03819444444444445 0.02109375 0.04583333333333333
0 0.5234375 0.059722222222222225 0.0 0.0
0 0.488671875 0.03888888888888889 0.02109375 0.05277777777777778
0 0.4484375 0.043055555555555555 0.0203125 0.03888888888888889
0 0.424609375 0.04791666666666667 0.02109375 0.04583333333333333
0 0.40078125 0.017361111111111112 0.01875 0.034722222222222224
0 0.47421875 0.013888888888888888 0.01875 0.027777777777777776
0 0.515625 0.008333333333333333 0.0171875 0.016666666666666666
0 0.596484375 0.0125 0.01953125 0.025
0 0.381640625 0.017361111111111112 0.01953125 0.034722222222222224
0 0.37421875 0.04583333333333333 0.0234375 0.03611111111111111
0 0.35546875 0.044444444444444446 0.021875 0.044444444444444446
0 0.342578125 0.013888888888888888 0.02109375 0.027777777777777776
0 0.321875 0.018055555555555554 0.0234375 0.030555555555555555
0 0.3046875 0.017361111111111112 0.0234375 0.034722222222222224
0 0.285546875 0.015277777777777777 0.02109375 0.030555555555555555
0 0.266015625 0.019444444444444445 0.01953125 0.03888888888888889
0 0.23203125 0.041666666666666664 0.0 0.0
0 0.244921875 0.024305555555555556 0.02421875 0.034722222222222224
0 0.22890625 0.025 0.021875 0.022222222222222223
0 0.274609375 0.049305555555555554 0.02421875 0.04027777777777778
0 0.2953125 0.05 0.021875 0.03333333333333333
0 0.313671875 0.050694444444444445 0.02265625 0.04027777777777778
0 0.33359375 0.049305555555555554 0.0203125 0.04861111111111111
0 0.218359375 0.05138888888888889 0.02421875 0.044444444444444446
0 0.195703125 0.059027777777777776 0.02734375 0.043055555555555555
0 0.178515625 0.05347222222222222 0.02890625 0.04861111111111111
0 0.16015625 0.06319444444444444 0.021875 0.0375
0 0.1546875 0.03333333333333333 0.0234375 0.03611111111111111
0 0.13984375 0.06458333333333334 0.01875 0.0375
0 0.159375 0.9451388888888889 0.0515625 0.09583333333333334
0 0.54296875 0.94375 0.028125 0.09305555555555556
0 0.702734375 0.9395833333333333 0.03359375 0.09305555555555556
0 0.01015625 0.19305555555555556 0.0203125 0.030555555555555555
