0 0.25078125 0.9465277777777777 0.04375 0.09861111111111111
0 0.21171875 0.9222222222222223 0.034375 0.10833333333333334
0 0.1578125 0.9409722222222222 0.046875 0.08472222222222223
0 0.109375 0.925 0.0453125 0.08611111111111111
0 0.3953125 0.9555555555555556 0.0453125 0.08611111111111111
0 0.591796875 0.9465277777777777 0.03359375 0.09861111111111111
0 0.538671875 0.9493055555555555 0.02890625 0.09861111111111111
0 0.701953125 0.9576388888888889 0.03046875 0.08194444444444444
0 0.92578125 0.8451388888888889 0.0734375 0.06805555555555555
0 0.953515625 0.95625 0.05390625 0.08472222222222223
0 0.909375 0.7847222222222222 0.0765625 0.06111111111111111
0 0.900390625 0.7270833333333333 0.06796875 0.05694444444444444
0 0.828125 0.7465277777777778 0.040625 0.11527777777777778
0 0.726953125 0.7347222222222223 0.02734375 0.09166666666666666
0 0.51015625 0.7305555555555555 0.0296875 0.11944444444444445
0 0.430078125 0.7506944444444444 0.03671875 0.09861111111111111
0 0.298828125 0.7305555555555555 0.03984375 0.1
0 0.258203125 0.7319444444444444 0.04296875 0.11944444444444445
0 0.216015625 0.73125 0.03828125 0.10972222222222222
0 0.178515625 0.7236111111111111 0.03828125 0.10555555555555556
0 0.140234375 0.725 0.04609375 0.10833333333333334
0 0.88046875 0.6388888888888888 0.0421875 0.1
0 0.974609375 0.5458333333333333 0.03671875 0.08333333333333333
0 0.9859375 0.6277777777777778 0.0265625 0.08611111111111111
0 0.955859375 0.4736111111111111 0.03671875 0.075
0 0.940234375 0.40347222222222223 0.03984375 0.07916666666666666
0 0.931640625 0.34444444444444444 0.04140625 0.06388888888888888
0 0.846875 0.46597222222222223 0.03125 0.09027777777777778
0 0.840625 0.39652777777777776 0.03125 0.06805555555555555
0 0.808203125 0.3951388888888889 0.03046875 0.06805555555555555
0 0.814453125 0.4666666666666667 0.03203125 0.06111111111111111
0 0.782421875 0.4638888888888889 0.03203125 0.06944444444444445
0 0.776171875 0.39305555555555555 0.03046875 0.07222222222222222
0 0.7421875 0.3909722222222222 0.0296875 0.06805555555555555
0 0.7546875 0.46597222222222223 0.028125 0.08194444444444444
0 0.712109375 0.46597222222222223 0.03046875 0.07361111111111111
0 0.708984375 0.38819444444444445 0.02578125 0.06805555555555555
0 0.721875 0.4222222222222222 0.0 0.0
0 0.676171875 0.39791666666666664 0.02890625 0.0625
0 0.677734375 0.4618055555555556 0.02890625 0.0763888888888889
0 0.64609375 0.3923611111111111 0.0265625 0.06805555555555555
0 0.644140625 0.4673611111111111 0.02734375 0.09027777777777778
0 0.615625 0.39444444444444443 0.021875 0.058333333333333334
0 0.6265625 0.4236111111111111 0.0 0.0
0 0.613671875 0.4638888888888889 0.02421875 0.07777777777777778
0 0.583984375 0.39305555555555555 0.02109375 0.06111111111111111
0 0.58671875 0.4638888888888889 0.0234375 0.08333333333333333
0 0.5984375 0.5055555555555555 0.0 0.0
0 0.555859375 0.3958333333333333 0.02578125 0.06944444444444445
0 0.551953125 0.4673611111111111 0.02421875 0.07361111111111111
0 0.526171875 0.3958333333333333 0.02421875 0.07222222222222222
0 0.5375 0.43194444444444446 0.0 0.0
0 0.518359375 0.4673611111111111 0.02578125 0.08472222222222223
0 0.5 0.39791666666666664 0.0265625 0.07083333333333333
0 0.48984375 0.4666666666666667 0.0234375 0.06666666666666667
0 0.467578125 0.40347222222222223 0.02890625 0.06527777777777778
0 0.45859375 0.46875 0.028125 0.07361111111111111
0 0.437109375 0.4027777777777778 0.02578125 0.058333333333333334
0 0.428515625 0.46875 0.02890625 0.06805555555555555
0 0.399609375 0.4666666666666667 0.03515625 0.08611111111111111
0 0.4078125 0.39861111111111114 0.0234375 0.05
0 0.376953125 0.39305555555555555 0.03359375 0.06944444444444445
0 0.3515625 0.4013888888888889 0.0296875 0.058333333333333334
0 0.3390625 0.46458333333333335 0.03125 0.08472222222222223
0 0.367578125 0.4673611111111111 0.03671875 0.08194444444444444
0 0.309375 0.4013888888888889 0.028125 0.06666666666666667
0 0.29296875 0.46319444444444446 0.034375 0.06805555555555555
0 0.28125 0.3958333333333333 0.034375 0.06666666666666667
0 0.253515625 0.39861111111111114 0.03203125 0.058333333333333334
0 0.2625 0.4673611111111111 0.0359375 0.0763888888888889
0 0.232421875 0.4673611111111111 0.03359375 0.07361111111111111
0 0.223046875 0.4013888888888889 0.03203125 0.06111111111111111
0 0.193359375 0.4027777777777778 0.03359375 0.058333333333333334
0 0.20546875 0.46805555555555556 0.0359375 0.075
0 0.17578125 0.4638888888888889 0.034375 0.07222222222222222
0 0.149609375 0.4673611111111111 0.03671875 0.06805555555555555
0 0.118359375 0.4666666666666667 0.04453125 0.075
0 0.093359375 0.4638888888888889 0.03828125 0.06944444444444445
0 0.065625 0.46111111111111114 0.0375 0.06666666666666667
0 0.038671875 0.4625 0.03671875 0.075
0 0.016796875 0.46597222222222223 0.03359375 0.07083333333333333
0 0.16875 0.4013888888888889 0.034375 0.06111111111111111
0 0.14140625 0.3972222222222222 0.03125 0.06111111111111111
0 0.1140625 0.39861111111111114 0.0328125 0.058333333333333334
0 0.089453125 0.39791666666666664 0.03046875 0.05138888888888889
0 0.065625 0.40069444444444446 0.0328125 0.05138888888888889
0 0.0390625 0.39791666666666664 0.040625 0.05416666666666667
0 0.014453125 0.40069444444444446 0.02890625 0.05138888888888889
0 0.815625 0.2777777777777778 0.0296875 0.06111111111111111
0 0.809375 0.22152777777777777 0.028125 0.05694444444444444
0 0.780859375 0.22916666666666666 0.02578125 0.05
0 0.7859375 0.28055555555555556 0.025 0.06111111111111111
0 0.75234375 0.22291666666666668 0.025 0.05416666666666667
0 0.755859375 0.2798611111111111 0.02734375 0.07083333333333333
0 0.72265625 0.225 0.025 0.05277777777777778
0 0.727734375 0.28402777777777777 0.02578125 0.06805555555555555
0 0.696484375 0.22291666666666668 0.02421875 0.05138888888888889
0 0.702734375 0.2847222222222222 0.02734375 0.07777777777777778
0 0.669140625 0.22361111111111112 0.02265625 0.05
0 0.672265625 0.28055555555555556 0.02421875 0.075
0 0.6421875 0.22361111111111112 0.0203125 0.05277777777777778
0 0.643359375 0.28055555555555556 0.02265625 0.06111111111111111
0 0.61484375 0.22430555555555556 0.021875 0.04583333333333333
0 0.614453125 0.28125 0.02265625 0.06805555555555555
0 0.587890625 0.22847222222222222 0.01953125 0.05138888888888889
0 0.586328125 0.28541666666666665 0.02109375 0.059722222222222225
0 0.56328125 0.23333333333333334 0.021875 0.05277777777777778
0 0.56328125 0.28888888888888886 0.0203125 0.05555555555555555
0 0.53828125 0.22430555555555556 0.021875 0.059722222222222225
0 0.5375 0.28125 0.0234375 0.0625
0 0.509765625 0.23402777777777778 0.02421875 0.05138888888888889
0 0.508203125 0.28541666666666665 0.02265625 0.0625
0 0.4859375 0.23402777777777778 0.021875 0.05138888888888889
0 0.48203125 0.2833333333333333 0.025 0.06388888888888888
0 0.458984375 0.23333333333333334 0.02734375 0.05
0 0.45546875 0.29375 0.0265625 0.06805555555555555
0 0.4375 0.23472222222222222 0.025 0.05555555555555555
0 0.430078125 0.29305555555555557 0.02421875 0.05555555555555555
0 0.4125 0.2388888888888889 0.021875 0.04722222222222222
0 0.401171875 0.29444444444444445 0.02421875 0.06388888888888888
0 0.385546875 0.23819444444444443 0.02421875 0.04861111111111111
0 0.375 0.29444444444444445 0.0265625 0.06944444444444445
0 0.349609375 0.23958333333333334 0.02578125 0.04583333333333333
0 0.337890625 0.2902777777777778 0.02734375 0.05277777777777778
0 0.312109375 0.29097222222222224 0.02890625 0.0625
0 0.322265625 0.23958333333333334 0.02578125 0.04861111111111111
0 0.298828125 0.2361111111111111 0.02421875 0.04722222222222222
0 0.27578125 0.2423611111111111 0.028125 0.04583333333333333
0 0.25234375 0.2388888888888889 0.0265625 0.044444444444444446
0 0.22578125 0.24097222222222223 0.0265625 0.043055555555555555
0 0.201953125 0.23958333333333334 0.02890625 0.04583333333333333
0 0.18046875 0.24305555555555555 0.028125 0.05555555555555555
0 0.153515625 0.24444444444444444 0.02578125 0.05
0 0.13359375 0.24305555555555555 0.0328125 0.04722222222222222
0 0.112109375 0.24722222222222223 0.03046875 0.05
0 0.090234375 0.24722222222222223 0.03046875 0.05
0 0.066796875 0.24791666666666667 0.03046875 0.04583333333333333
0 0.04296875 0.2520833333333333 0.03125 0.043055555555555555
0 0.0203125 0.3 0.0359375 0.058333333333333334
0 0.044140625 0.29930555555555555 0.03828125 0.0625
0 0.06796875 0.29791666666666666 0.0328125 0.05138888888888889
0 0.066015625 0.3472222222222222 0.04296875 0.03333333333333333
0 0.09296875 0.29375 0.028125 0.05416666666666667
0 0.1125 0.29375 0.028125 0.05694444444444444
0 0.137109375 0.2972222222222222 0.03359375 0.06388888888888888
0 0.16015625 0.2965277777777778 0.03125 0.059722222222222225
0 0.1859375 0.2951388888888889 0.0328125 0.06805555555555555
0 0.209765625 0.29583333333333334 0.02734375 0.06388888888888888
0 0.234375 0.2923611111111111 0.0265625 0.06805555555555555
0 0.259375 0.29583333333333334 0.03125 0.06111111111111111
0 0.284765625 0.29444444444444445 0.03046875 0.06388888888888888
0 0.79609375 0.13472222222222222 0.021875 0.058333333333333334
0 0.783203125 0.09166666666666666 0.02265625 0.05277777777777778
0 0.76015625 0.09583333333333334 0.028125 0.058333333333333334
0 0.768359375 0.14444444444444443 0.02265625 0.05277777777777778
0 0.735546875 0.09652777777777778 0.02578125 0.04027777777777778
0 0.74140625 0.14305555555555555 0.0234375 0.05555555555555555
0 0.71640625 0.1388888888888889 0.0234375 0.058333333333333334
0 0.71171875 0.09513888888888888 0.021875 0.04027777777777778
0 0.687890625 0.09583333333333334 0.02421875 0.044444444444444446
0 0.6890625 0.1423611111111111 0.028125 0.05416666666666667
0 0.663671875 0.09652777777777778 0.02421875 0.04861111111111111
0 0.66484375 0.14444444444444443 0.0203125 0.05277777777777778
0 0.639453125 0.09791666666666667 0.01796875 0.05138888888888889
0 0.640625 0.14375 0.021875 0.05138888888888889
0 0.61640625 0.10277777777777777 0.021875 0.044444444444444446
0 0.61640625 0.14791666666666667 0.021875 0.05138888888888889
0 0.59453125 0.10277777777777777 0.021875 0.03333333333333333
0 0.593359375 0.14583333333333334 0.02109375 0.06388888888888888
0 0.570703125 0.09930555555555555 0.02109375 0.04861111111111111
0 0.569140625 0.1486111111111111 0.02265625 0.05
0 0.54609375 0.10555555555555556 0.0234375 0.05277777777777778
0 0.544921875 0.14652777777777778 0.01796875 0.059722222222222225
0 0.524609375 0.10208333333333333 0.02109375 0.04583333333333333
0 0.521875 0.1527777777777778 0.0203125 0.058333333333333334
0 0.505078125 0.10625 0.01953125 0.03194444444444444
0 0.4984375 0.14930555555555555 0.0203125 0.05694444444444444
0 0.47890625 0.1111111111111111 0.021875 0.03888888888888889
0 0.473828125 0.15138888888888888 0.02265625 0.05
0 0.456640625 0.1125 0.02421875 0.041666666666666664
0 0.450390625 0.15555555555555556 0.02421875 0.04722222222222222
0 0.426953125 0.15 0.02890625 0.05555555555555555
0 0.43203125 0.1111111111111111 0.0171875 0.03333333333333333
0 0.409765625 0.11180555555555556 0.02265625 0.034722222222222224
0 0.4046875 0.15555555555555556 0.021875 0.044444444444444446
0 0.371484375 0.15347222222222223 0.02734375 0.05138888888888889
0 0.379296875 0.11666666666666667 0.01953125 0.03333333333333333
0 0.358203125 0.11388888888888889 0.02265625 0.03888888888888889
0 0.346875 0.15347222222222223 0.025 0.04861111111111111
0 0.334765625 0.11666666666666667 0.02265625 0.03611111111111111
0 0.320703125 0.15486111111111112 0.02265625 0.05138888888888889
0 0.311328125 0.11319444444444444 0.02109375 0.02638888888888889
0 0.291796875 0.11666666666666667 0.01953125 0.030555555555555555
0 0.3015625 0.1527777777777778 0.0234375 0.05
0 0.279296875 0.15416666666666667 0.02421875 0.05
0 0.26953125 0.11805555555555555 0.021875 0.041666666666666664
0 0.25625 0.16111111111111112 0.025 0.05
0 0.2359375 0.1597222222222222 0.0265625 0.05
0 0.249609375 0.11875 0.02421875 0.0375
0 0.231640625 0.11458333333333333 0.02578125 0.0375
0 0.207421875 0.11597222222222223 0.03046875 0.0375
0 0.18671875 0.12222222222222222 0.0265625 0.03611111111111111
0 0.167578125 0.12291666666666666 0.02421875 0.029166666666666667
0 0.144921875 0.12152777777777778 0.02265625 0.04027777777777778
0 0.12578125 0.1284722222222222 0.025 0.03194444444444444
0 0.106640625 0.1326388888888889 0.02734375 0.034722222222222224
0 0.086328125 0.16458333333333333 0.02578125 0.043055555555555555
0 0.110546875 0.16875 0.02734375 0.043055555555555555
0 0.1296875 0.16875 0.025 0.04583333333333333
0 0.15234375 0.16041666666666668 0.0265625 0.04861111111111111
0 0.171875 0.15902777777777777 0.021875 0.043055555555555555
0 0.18984375 0.16319444444444445 0.025 0.05416666666666667
0 0.212109375 0.15694444444444444 0.02421875 0.05
0 0.087109375 0.20347222222222222 0.03828125 0.03194444444444444
0 0.84140625 0.02013888888888889 0.0234375 0.0375
0 0.8203125 0.025 0.01875 0.04722222222222222
0 0.796484375 0.022916666666666665 0.02109375 0.043055555555555555
0 0.773046875 0.02361111111111111 0.01484375 0.04722222222222222
0 0.751171875 0.025 0.01796875 0.05
0 0.728125 0.02361111111111111 0.01875 0.04722222222222222
0 0.706640625 0.025694444444444443 0.02109375 0.05138888888888889
0 0.684375 0.025 0.021875 0.05
0 0.66328125 0.029166666666666667 0.021875 0.058333333333333334
0 0.63984375 0.030555555555555555 0.01875 0.05277777777777778
0 0.61875 0.027777777777777776 0.015625 0.05555555555555555
0 0.596484375 0.034027777777777775 0.01796875 0.043055555555555555
0 0.572265625 0.035416666666666666 0.01484375 0.05138888888888889
0 0.554296875 0.03680555555555556 0.01640625 0.04027777777777778
0 0.532421875 0.04027777777777778 0.01796875 0.05
0 0.5109375 0.043055555555555555 0.015625 0.04722222222222222
0 0.490625 0.03958333333333333 0.01875 0.04861111111111111
0 0.469140625 0.04027777777777778 0.01953125 0.05555555555555555
0 0.4484375 0.041666666666666664 0.0203125 0.05277777777777778
0 0.426953125 0.04375 0.02265625 0.04583333333333333
0 0.39921875 0.04652777777777778 0.0203125 0.04861111111111111
0 0.376953125 0.04791666666666667 0.02109375 0.04583333333333333
0 0.355078125 0.049305555555555554 0.01953125 0.043055555555555555
0 0.3359375 0.05347222222222222 0.0203125 0.04027777777777778
0 0.315234375 0.05416666666666667 0.02265625 0.03611111111111111
0 0.29453125 0.052083333333333336 0.01875 0.043055555555555555
0 0.276171875 0.04861111111111111 0.02109375 0.03888888888888889
0 0.256640625 0.05416666666666667 0.02265625 0.03611111111111111
0 0.236328125 0.05694444444444444 0.02421875 0.04722222222222222
0 0.21640625 0.05763888888888889 0.021875 0.04861111111111111
0 0.2 0.058333333333333334 0.025 0.03888888888888889
0 0.18046875 0.06041666666666667 0.021875 0.043055555555555555
0 0.1609375 0.06388888888888888 0.0234375 0.044444444444444446
0 0.140625 0.06527777777777778 0.0265625 0.044444444444444446
0 0.15546875 0.02847222222222222 0.021875 0.029166666666666667
0 0.1734375 0.029861111111111113 0.01875 0.029166666666666667
0 0.19140625 0.027777777777777776 0.01875 0.025
0 0.209765625 0.02847222222222222 0.02265625 0.029166666666666667
0 0.226953125 0.02847222222222222 0.01953125 0.029166666666666667
0 0.248828125 0.022222222222222223 0.01796875 0.030555555555555555
0 0.012890625 0.1798611111111111 0.02578125 0.0375
0 0.019140625 0.1625 0.03671875 0.030555555555555555
0 0.029296875 0.14375 0.03671875 0.034722222222222224
0 0.038671875 0.12638888888888888 0.03046875 0.03888888888888889
0 0.051171875 0.1125 0.03828125 0.030555555555555555
0 0.056640625 0.09236111111111112 0.03515625 0.02638888888888889
0 0.069140625 0.08055555555555556 0.03359375 0.030555555555555555
0 0.078515625 0.06527777777777778 0.03515625 0.030555555555555555
0 0.087109375 0.049305555555555554 0.03046875 0.02638888888888889
0 0.094140625 0.03611111111111111 0.03046875 0.019444444444444445
0 0.101953125 0.021527777777777778 0.03203125 0.020833333333333332
0 0.108203125 0.009027777777777777 0.03046875 0.018055555555555554
0 0.84140625 0.6395833333333333 0.0375 0.09583333333333334
0 0.800390625 0.6368055555555555 0.03828125 0.10138888888888889
0 0.762890625 0.6347222222222222 0.03671875 0.10833333333333334
0 0.725 0.6340277777777777 0.0328125 0.09305555555555556
0 0.68828125 0.63125 0.0296875 0.09861111111111111
0 0.65078125 0.6291666666666667 0.034375 0.09722222222222222
0 0.61328125 0.6270833333333333 0.0265625 0.09583333333333334
0 0.578515625 0.6277777777777778 0.02578125 0.08611111111111111
0 0.544921875 0.6256944444444444 0.03046875 0.09027777777777778
0 0.51015625 0.6236111111111111 0.025 0.08611111111111111
0 0.478125 0.6270833333333333 0.028125 0.10138888888888889
0 0.440625 0.6243055555555556 0.0328125 0.0875
0 0.40703125 0.625 0.0328125 0.08611111111111111
0 0.371484375 0.6256944444444444 0.03515625 0.08194444444444444
0 0.3375 0.6277777777777778 0.0359375 0.08888888888888889
0 0.304296875 0.6236111111111111 0.03671875 0.08888888888888889
0 0.25546875 0.6215277777777778 0.0359375 0.08472222222222223
0 0.22109375 0.6236111111111111 0.0375 0.08055555555555556
0 0.190234375 0.6180555555555556 0.03515625 0.08611111111111111
0 0.158984375 0.6201388888888889 0.03984375 0.07916666666666666
0 0.1265625 0.6215277777777778 0.0390625 0.08472222222222223
0 0.095703125 0.61875 0.03984375 0.08472222222222223
0 0.06640625 0.6152777777777778 0.040625 0.09166666666666666
0 0.03671875 0.6166666666666667 0.0421875 0.07777777777777778
0 0.01328125 0.61875 0.0265625 0.08194444444444444
0 0.26796875 0.014583333333333334 0.0203125 0.029166666666666667
0 0.2859375 0.013194444444444444 0.0171875 0.02638888888888889
0 0.304296875 0.01875 0.01640625 0.0375
0 0.325 0.015277777777777777 0.0203125 0.030555555555555555
0 0.3421875 0.015277777777777777 0.01875 0.030555555555555555
0 0.360546875 0.013194444444444444 0.01640625 0.02638888888888889
0 0.38125 0.010416666666666666 0.015625 0.020833333333333332
0 0.405859375 0.010416666666666666 0.02265625 0.020833333333333332
