0 0.23515625 0.2881944444444444 0.0359375 0.0625
0 0.3109375 0.28888888888888886 0.0359375 0.06666666666666667
0 0.3765625 0.2875 0.0328125 0.06388888888888888
0 0.404296875 0.2881944444444444 0.02734375 0.059722222222222225
0 0.430078125 0.2902777777777778 0.02578125 0.06388888888888888
0 0.4546875 0.2875 0.0265625 0.06388888888888888
0 0.48125 0.28888888888888886 0.028125 0.06111111111111111
0 0.50625 0.28680555555555554 0.025 0.05416666666666667
0 0.588671875 0.2826388888888889 0.02890625 0.059722222222222225
0 0.61796875 0.2826388888888889 0.025 0.059722222222222225
0 0.644140625 0.28125 0.02734375 0.05416666666666667
0 0.673046875 0.28125 0.02734375 0.05416666666666667
0 0.701171875 0.27847222222222223 0.02734375 0.05138888888888889
0 0.731640625 0.28055555555555556 0.03046875 0.05555555555555555
0 0.7609375 0.27708333333333335 0.028125 0.0625
0 0.78671875 0.27708333333333335 0.03125 0.05416666666666667
0 0.81640625 0.2743055555555556 0.0359375 0.0625
0 0.19765625 0.40069444444444446 0.0421875 0.059722222222222225
0 0.249609375 0.4013888888888889 0.03828125 0.06388888888888888
0 0.281640625 0.4013888888888889 0.03984375 0.058333333333333334
0 0.312890625 0.4027777777777778 0.03671875 0.06111111111111111
0 0.350390625 0.40208333333333335 0.03515625 0.05694444444444444
0 0.375390625 0.4013888888888889 0.03515625 0.06111111111111111
0 0.409765625 0.3958333333333333 0.03359375 0.058333333333333334
0 0.465234375 0.39652777777777776 0.03515625 0.0625
0 0.495703125 0.3958333333333333 0.03203125 0.06111111111111111
0 0.553125 0.3951388888888889 0.0296875 0.06805555555555555
0 0.58359375 0.39652777777777776 0.0296875 0.059722222222222225
0 0.61328125 0.39305555555555555 0.034375 0.06388888888888888
0 0.67890625 0.39375 0.03125 0.07361111111111111
0 0.709375 0.38958333333333334 0.0359375 0.07361111111111111
0 0.7734375 0.39166666666666666 0.0375 0.075
0 0.205078125 0.4638888888888889 0.04453125 0.08055555555555556
0 0.232421875 0.4597222222222222 0.03984375 0.08333333333333333
0 0.26015625 0.4673611111111111 0.040625 0.07916666666666666
0 0.291015625 0.4652777777777778 0.03671875 0.08055555555555556
0 0.335546875 0.46875 0.03046875 0.08472222222222223
0 0.3671875 0.4666666666666667 0.0421875 0.08333333333333333
0 0.39453125 0.46805555555555556 0.0375 0.07777777777777778
0 0.42734375 0.4638888888888889 0.0375 0.08333333333333333
0 0.456640625 0.46805555555555556 0.03046875 0.075
0 0.48984375 0.46805555555555556 0.0328125 0.075
0 0.51875 0.46875 0.0328125 0.07083333333333333
0 0.55234375 0.46597222222222223 0.0265625 0.07083333333333333
0 0.582421875 0.4673611111111111 0.03203125 0.07083333333333333
0 0.613671875 0.4666666666666667 0.02890625 0.07222222222222222
0 0.646875 0.4638888888888889 0.03125 0.07222222222222222
0 0.68046875 0.4673611111111111 0.03125 0.07083333333333333
0 0.71171875 0.4652777777777778 0.0359375 0.06666666666666667
0 0.74609375 0.46597222222222223 0.0328125 0.07361111111111111
0 0.77890625 0.46319444444444446 0.0390625 0.07361111111111111
0 0.812109375 0.46597222222222223 0.03515625 0.06805555555555555
0 0.8484375 0.4597222222222222 0.0421875 0.075
0 0.121875 0.6152777777777778 0.0453125 0.08333333333333333
0 0.1515625 0.6180555555555556 0.0453125 0.07777777777777778
0 0.2515625 0.6222222222222222 0.0421875 0.075
0 0.30234375 0.61875 0.0390625 0.07083333333333333
0 0.33671875 0.6166666666666667 0.040625 0.07777777777777778
0 0.37265625 0.6201388888888889 0.0484375 0.08472222222222223
0 0.405078125 0.6201388888888889 0.04140625 0.07916666666666666
0 0.438671875 0.6236111111111111 0.04140625 0.08055555555555556
0 0.47109375 0.6222222222222222 0.0359375 0.08055555555555556
0 0.506640625 0.6243055555555556 0.03671875 0.0875
0 0.54140625 0.6208333333333333 0.0375 0.07777777777777778
0 0.57890625 0.6222222222222222 0.0359375 0.08611111111111111
0 0.651953125 0.6256944444444444 0.03671875 0.08194444444444444
0 0.689453125 0.6277777777777778 0.04140625 0.08333333333333333
0 0.7265625 0.6256944444444444 0.0421875 0.08194444444444444
0 0.7640625 0.625 0.040625 0.08888888888888889
0 0.801171875 0.6277777777777778 0.04453125 0.09166666666666666
0 0.837109375 0.6236111111111111 0.04140625 0.08888888888888889
0 0.875 0.6215277777777778 0.0484375 0.0875
0 0.1375 0.7388888888888889 0.0546875 0.08611111111111111
0 0.1765625 0.7388888888888889 0.059375 0.08888888888888889
0 0.25703125 0.7368055555555556 0.053125 0.0875
0 0.300390625 0.7354166666666667 0.05234375 0.07916666666666666
0 0.470703125 0.7444444444444445 0.04140625 0.08611111111111111
0 0.510546875 0.7479166666666667 0.04609375 0.0875
0 0.750390625 0.9479166666666666 0.04453125 0.10138888888888889
0 0.926953125 0.8597222222222223 0.07890625 0.07777777777777778
0 0.902734375 0.7319444444444444 0.08046875 0.06666666666666667
0 0.983203125 0.60625 0.03203125 0.09861111111111111
0 0.952734375 0.4583333333333333 0.03984375 0.08055555555555556
0 0.932421875 0.39305555555555555 0.03984375 0.06944444444444445
0 0.90859375 0.28680555555555554 0.0328125 0.059722222222222225
0 0.896875 0.23958333333333334 0.0296875 0.04861111111111111
0 0.8296875 0.7395833333333334 0.0421875 0.10694444444444444
0 0.78359375 0.7375 0.0421875 0.1
0 0.72890625 0.7326388888888888 0.0375 0.10416666666666667
0 0.647265625 0.9520833333333333 0.03984375 0.09305555555555556
0 0.640234375 0.7354166666666667 0.03203125 0.10416666666666667
0 0.59296875 0.7319444444444444 0.034375 0.10277777777777777
0 0.5 0.9548611111111112 0.040625 0.0875
0 0.446875 0.9513888888888888 0.0390625 0.09444444444444444
0 0.398828125 0.9513888888888888 0.04296875 0.09444444444444444
0 0.252734375 0.9458333333333333 0.04921875 0.09444444444444444
0 0.211328125 0.9284722222222223 0.05390625 0.10972222222222222
0 0.161328125 0.9381944444444444 0.04453125 0.0875
0 0.11171875 0.9340277777777778 0.046875 0.09305555555555556
0 0.069140625 0.9319444444444445 0.04921875 0.1
0 0.026953125 0.7243055555555555 0.05078125 0.10138888888888889
0 0.068359375 0.6118055555555556 0.05078125 0.09861111111111111
0 0.033984375 0.6125 0.05078125 0.08611111111111111
0 0.01640625 0.5993055555555555 0.0328125 0.0875
0 0.148828125 0.46319444444444446 0.03984375 0.07361111111111111
0 0.142578125 0.4013888888888889 0.03671875 0.06388888888888888
0 0.1171875 0.40694444444444444 0.0375 0.06111111111111111
0 0.091015625 0.40069444444444446 0.03984375 0.059722222222222225
0 0.06640625 0.4 0.0375 0.06388888888888888
0 0.018359375 0.4041666666666667 0.03671875 0.06111111111111111
0 0.01796875 0.4597222222222222 0.0359375 0.06944444444444445
0 0.043359375 0.46041666666666664 0.03828125 0.0625
0 0.068359375 0.46041666666666664 0.04140625 0.07083333333333333
0 0.2125 0.2881944444444444 0.0328125 0.06527777777777778
0 0.094140625 0.29375 0.03671875 0.0625
0 0.0671875 0.29444444444444445 0.034375 0.058333333333333334
0 0.04296875 0.29444444444444445 0.03125 0.058333333333333334
0 0.01953125 0.30277777777777776 0.028125 0.05277777777777778
0 0.06953125 0.24513888888888888 0.034375 0.04583333333333333
0 0.133203125 0.24583333333333332 0.03203125 0.04722222222222222
0 0.15546875 0.24027777777777778 0.0359375 0.05277777777777778
0 0.17890625 0.24166666666666667 0.028125 0.04722222222222222
0 0.199609375 0.2388888888888889 0.03359375 0.05277777777777778
0 0.223828125 0.2361111111111111 0.03203125 0.041666666666666664
0 0.251171875 0.23333333333333334 0.02890625 0.05277777777777778
0 0.29921875 0.24027777777777778 0.03125 0.04722222222222222
0 0.32265625 0.23541666666666666 0.0296875 0.05138888888888889
0 0.34921875 0.24097222222222223 0.0265625 0.05138888888888889
0 0.407421875 0.2388888888888889 0.02890625 0.05555555555555555
0 0.435546875 0.23402777777777778 0.02578125 0.04861111111111111
0 0.462109375 0.2326388888888889 0.02734375 0.04861111111111111
0 0.489453125 0.23125 0.02734375 0.05694444444444444
0 0.513671875 0.2298611111111111 0.02265625 0.05416666666666667
0 0.59296875 0.2326388888888889 0.0234375 0.04861111111111111
0 0.669140625 0.23055555555555557 0.02265625 0.04722222222222222
0 0.725 0.22916666666666666 0.0234375 0.05277777777777778
0 0.808984375 0.22291666666666668 0.02421875 0.05138888888888889
0 0.765625 0.13472222222222222 0.021875 0.05555555555555555
0 0.786328125 0.09027777777777778 0.02421875 0.05277777777777778
0 0.74140625 0.1326388888888889 0.0234375 0.05694444444444444
0 0.71171875 0.09583333333333334 0.021875 0.041666666666666664
0 0.717578125 0.13472222222222222 0.01953125 0.05
0 0.69140625 0.13819444444444445 0.021875 0.05416666666666667
0 0.665234375 0.13958333333333334 0.01796875 0.05138888888888889
0 0.63984375 0.09513888888888888 0.021875 0.03194444444444444
0 0.64140625 0.1375 0.021875 0.05555555555555555
0 0.61640625 0.09583333333333334 0.0234375 0.044444444444444446
0 0.616796875 0.14166666666666666 0.02109375 0.05277777777777778
0 0.594140625 0.14097222222222222 0.01796875 0.04861111111111111
0 0.569921875 0.14305555555555555 0.02265625 0.05
0 0.522265625 0.14305555555555555 0.02734375 0.05277777777777778
0 0.47421875 0.14930555555555555 0.0234375 0.04583333333333333
0 0.45234375 0.14583333333333334 0.021875 0.058333333333333334
0 0.4359375 0.1125 0.028125 0.05277777777777778
0 0.41328125 0.1125 0.025 0.030555555555555555
0 0.405859375 0.14930555555555555 0.02578125 0.04861111111111111
0 0.326171875 0.15069444444444444 0.02578125 0.04861111111111111
0 0.3375 0.1125 0.0234375 0.03888888888888889
0 0.28203125 0.15069444444444444 0.0296875 0.05138888888888889
0 0.251953125 0.11458333333333333 0.03203125 0.04861111111111111
0 0.228515625 0.12083333333333333 0.02734375 0.03611111111111111
0 0.2375 0.15347222222222223 0.0296875 0.04583333333333333
0 0.2140625 0.15694444444444444 0.0265625 0.041666666666666664
0 0.17421875 0.15625 0.0296875 0.04583333333333333
0 0.1515625 0.15833333333333333 0.0296875 0.05555555555555555
0 0.13125 0.1638888888888889 0.025 0.04722222222222222
0 0.150390625 0.12638888888888888 0.03046875 0.044444444444444446
0 0.091015625 0.16597222222222222 0.03203125 0.04861111111111111
0 0.14140625 0.06319444444444444 0.028125 0.034722222222222224
0 0.17578125 0.027083333333333334 0.0234375 0.034722222222222224
0 0.1953125 0.02638888888888889 0.025 0.030555555555555555
0 0.181640625 0.05694444444444444 0.02421875 0.03611111111111111
0 0.19921875 0.05625 0.0265625 0.03194444444444444
0 0.21953125 0.05347222222222222 0.025 0.034722222222222224
0 0.23125 0.020833333333333332 0.021875 0.025
0 0.23828125 0.049305555555555554 0.025 0.034722222222222224
0 0.29375 0.05 0.0234375 0.041666666666666664
0 0.333203125 0.04791666666666667 0.02265625 0.04027777777777778
0 0.354296875 0.04722222222222222 0.02265625 0.041666666666666664
0 0.405078125 0.013888888888888888 0.02265625 0.027777777777777776
0 0.39921875 0.04513888888888889 0.0203125 0.0375
0 0.469921875 0.0375 0.02109375 0.041666666666666664
0 0.4953125 0.013194444444444444 0.021875 0.02638888888888889
0 0.51171875 0.041666666666666664 0.0203125 0.03611111111111111
0 0.536328125 0.0125 0.01953125 0.025
0 0.6171875 0.02847222222222222 0.01875 0.043055555555555555
0 0.64140625 0.029166666666666667 0.01875 0.04722222222222222
0 0.706640625 0.027777777777777776 0.01640625 0.03888888888888889
0 0.725390625 0.02847222222222222 0.02265625 0.04027777777777778
0 0.75078125 0.025 0.0203125 0.041666666666666664
0 0.79453125 0.024305555555555556 0.025 0.034722222222222224
0 0.01328125 0.17569444444444443 0.0265625 0.04027777777777778
0 0.02265625 0.15833333333333333 0.0375 0.030555555555555555
0 0.031640625 0.14097222222222222 0.03359375 0.03194444444444444
0 0.05 0.1111111111111111 0.0421875 0.027777777777777776
0 0.059765625 0.09166666666666666 0.03515625 0.027777777777777776
0 0.07265625 0.07708333333333334 0.028125 0.02361111111111111
0 0.076171875 0.0625 0.03828125 0.022222222222222223
0 0.0859375 0.04583333333333333 0.0359375 0.025
0 0.11015625 0.011805555555555555 0.0328125 0.02361111111111111
0 0.009375 0.19722222222222222 0.01875 0.027777777777777776
