0 0.906640625 0.74375 0.04453125 0.09861111111111111
0 0.98515625 0.6319444444444444 0.028125 0.10277777777777777
0 0.977734375 0.5402777777777777 0.04296875 0.08611111111111111
0 0.941015625 0.4131944444444444 0.03828125 0.07361111111111111
0 0.919921875 0.33541666666666664 0.03671875 0.06805555555555555
0 0.349609375 0.9486111111111111 0.04453125 0.1
0 0.18046875 0.73125 0.0484375 0.10138888888888889
0 0.875390625 0.6388888888888888 0.03984375 0.08888888888888889
0 0.837890625 0.6347222222222222 0.04140625 0.09444444444444444
0 0.802734375 0.6368055555555555 0.03671875 0.09305555555555556
0 0.76796875 0.6375 0.0390625 0.1
0 0.726953125 0.6298611111111111 0.03984375 0.10138888888888889
0 0.687890625 0.6236111111111111 0.03515625 0.09722222222222222
0 0.651171875 0.6298611111111111 0.03046875 0.09583333333333334
0 0.61640625 0.6243055555555556 0.0328125 0.10138888888888889
0 0.583203125 0.6270833333333333 0.02890625 0.09583333333333334
0 0.54140625 0.6263888888888889 0.028125 0.08888888888888889
0 0.47421875 0.6270833333333333 0.034375 0.0875
0 0.43671875 0.6277777777777778 0.03125 0.09166666666666666
0 0.400390625 0.6270833333333333 0.03515625 0.09027777777777778
0 0.366796875 0.6229166666666667 0.03671875 0.09861111111111111
0 0.333984375 0.6291666666666667 0.03515625 0.08611111111111111
0 0.252734375 0.6236111111111111 0.04453125 0.08611111111111111
0 0.21953125 0.6229166666666667 0.040625 0.07916666666666666
0 0.189453125 0.6173611111111111 0.03984375 0.07916666666666666
0 0.160546875 0.6111111111111112 0.03984375 0.09166666666666666
0 0.12734375 0.61875 0.0453125 0.07083333333333333
0 0.096875 0.6208333333333333 0.04375 0.08333333333333333
0 0.06875 0.6111111111111112 0.046875 0.09444444444444444
0 0.033984375 0.6131944444444445 0.04609375 0.09305555555555556
0 0.009765625 0.6125 0.01953125 0.07222222222222222
0 0.823828125 0.5243055555555556 0.05703125 0.05694444444444444
0 0.851171875 0.46805555555555556 0.03359375 0.07222222222222222
0 0.873828125 0.4305555555555556 0.03515625 0.08055555555555556
0 0.838671875 0.4 0.02578125 0.06666666666666667
0 0.808203125 0.40208333333333335 0.02890625 0.07361111111111111
0 0.77109375 0.4 0.0265625 0.06944444444444445
0 0.740625 0.39791666666666664 0.028125 0.06805555555555555
0 0.75 0.4673611111111111 0.0328125 0.07361111111111111
0 0.716015625 0.46597222222222223 0.02890625 0.07916666666666666
0 0.708203125 0.3923611111111111 0.02734375 0.0625
0 0.67890625 0.39652777777777776 0.0234375 0.06805555555555555
0 0.681640625 0.46319444444444446 0.02578125 0.0875
0 0.647265625 0.39444444444444443 0.02265625 0.06944444444444445
0 0.648046875 0.4625 0.02890625 0.075
0 0.615234375 0.46111111111111114 0.02578125 0.08333333333333333
0 0.584375 0.39652777777777776 0.025 0.06805555555555555
0 0.583203125 0.4652777777777778 0.02890625 0.07777777777777778
0 0.552734375 0.39305555555555555 0.02421875 0.08333333333333333
0 0.55390625 0.4666666666666667 0.03125 0.07777777777777778
0 0.52421875 0.4013888888888889 0.025 0.058333333333333334
0 0.52109375 0.4625 0.0265625 0.075
0 0.495703125 0.40347222222222223 0.02578125 0.06527777777777778
0 0.46640625 0.39861111111111114 0.028125 0.06111111111111111
0 0.43828125 0.3993055555555556 0.0296875 0.06527777777777778
0 0.459375 0.46458333333333335 0.0296875 0.07361111111111111
0 0.42890625 0.46319444444444446 0.0328125 0.07361111111111111
0 0.3984375 0.46319444444444446 0.0328125 0.0763888888888889
0 0.36953125 0.46319444444444446 0.0359375 0.07916666666666666
0 0.351171875 0.39444444444444443 0.03359375 0.06944444444444445
0 0.33671875 0.4652777777777778 0.0328125 0.07777777777777778
0 0.310546875 0.40347222222222223 0.03203125 0.059722222222222225
0 0.29140625 0.4618055555555556 0.0359375 0.0625
0 0.261328125 0.4652777777777778 0.03515625 0.06388888888888888
0 0.23203125 0.46458333333333335 0.034375 0.06805555555555555
0 0.203125 0.4652777777777778 0.0390625 0.06944444444444445
0 0.252734375 0.3972222222222222 0.03671875 0.07777777777777778
0 0.22265625 0.4027777777777778 0.0359375 0.05277777777777778
0 0.19609375 0.4048611111111111 0.034375 0.05416666666666667
0 0.168359375 0.4041666666666667 0.03203125 0.06666666666666667
0 0.118359375 0.4013888888888889 0.04140625 0.05555555555555555
0 0.090234375 0.4013888888888889 0.03671875 0.06944444444444445
0 0.062109375 0.40347222222222223 0.03671875 0.06527777777777778
0 0.036328125 0.40208333333333335 0.03359375 0.05416666666666667
0 0.014453125 0.45902777777777776 0.02890625 0.06527777777777778
0 0.0359375 0.4618055555555556 0.0359375 0.06805555555555555
0 0.065625 0.46319444444444446 0.0390625 0.0625
0 0.09296875 0.46458333333333335 0.0359375 0.06527777777777778
0 0.121875 0.4625 0.0375 0.075
0 0.79296875 0.2881944444444444 0.028125 0.0625
0 0.81171875 0.2263888888888889 0.0234375 0.06388888888888888
0 0.781640625 0.2263888888888889 0.02578125 0.05555555555555555
0 0.751953125 0.23125 0.02578125 0.0625
0 0.725 0.21875 0.0265625 0.05694444444444444
0 0.73125 0.2791666666666667 0.0265625 0.058333333333333334
0 0.7015625 0.27569444444444446 0.025 0.05694444444444444
0 0.671484375 0.22847222222222222 0.02265625 0.059722222222222225
0 0.644921875 0.2777777777777778 0.02265625 0.06944444444444445
0 0.616796875 0.22152777777777777 0.02265625 0.05138888888888889
0 0.61640625 0.2777777777777778 0.0234375 0.06944444444444445
0 0.58984375 0.2298611111111111 0.021875 0.0625
0 0.56484375 0.23333333333333334 0.01875 0.05277777777777778
0 0.56328125 0.2861111111111111 0.0234375 0.05555555555555555
0 0.5375 0.23541666666666666 0.0265625 0.05694444444444444
0 0.53359375 0.2875 0.025 0.058333333333333334
0 0.5109375 0.22916666666666666 0.025 0.06111111111111111
0 0.507421875 0.2875 0.02265625 0.06111111111111111
0 0.485546875 0.23541666666666666 0.02265625 0.05138888888888889
0 0.4640625 0.22847222222222222 0.0265625 0.05138888888888889
0 0.453515625 0.2833333333333333 0.02734375 0.06666666666666667
0 0.4375 0.2375 0.0296875 0.058333333333333334
0 0.38515625 0.23680555555555555 0.0296875 0.04861111111111111
0 0.376953125 0.28958333333333336 0.02890625 0.0625
0 0.33828125 0.2861111111111111 0.0328125 0.07222222222222222
0 0.34765625 0.22916666666666666 0.025 0.03888888888888889
0 0.321484375 0.2361111111111111 0.02734375 0.05277777777777778
0 0.312109375 0.28888888888888886 0.03046875 0.06388888888888888
0 0.294921875 0.23541666666666666 0.02890625 0.04861111111111111
0 0.28359375 0.28888888888888886 0.0296875 0.06388888888888888
0 0.271484375 0.24027777777777778 0.02734375 0.05555555555555555
0 0.249609375 0.23333333333333334 0.02734375 0.06111111111111111
0 0.21328125 0.29375 0.03125 0.0625
0 0.224609375 0.24097222222222223 0.03046875 0.05416666666666667
0 0.2015625 0.24027777777777778 0.028125 0.058333333333333334
0 0.18046875 0.2388888888888889 0.025 0.05
0 0.155078125 0.23680555555555555 0.02578125 0.059722222222222225
0 0.134765625 0.24027777777777778 0.02421875 0.05555555555555555
0 0.10859375 0.24375 0.03125 0.0625
0 0.084375 0.24583333333333332 0.0296875 0.058333333333333334
0 0.062109375 0.24722222222222223 0.03046875 0.04722222222222222
0 0.041015625 0.24513888888888888 0.02734375 0.0625
0 0.159375 0.29375 0.03125 0.0625
0 0.137109375 0.2902777777777778 0.02890625 0.058333333333333334
0 0.11484375 0.29444444444444445 0.03125 0.06111111111111111
0 0.089453125 0.30069444444444443 0.03046875 0.05138888888888889
0 0.044140625 0.2965277777777778 0.03515625 0.05138888888888889
0 0.01796875 0.29930555555555555 0.0359375 0.05694444444444444
0 0.794921875 0.14097222222222222 0.02421875 0.04861111111111111
0 0.787109375 0.09166666666666666 0.02734375 0.05555555555555555
0 0.7609375 0.09027777777777778 0.025 0.04722222222222222
0 0.740625 0.14305555555555555 0.0234375 0.04722222222222222
0 0.7390625 0.09166666666666666 0.021875 0.05277777777777778
0 0.71484375 0.13680555555555557 0.025 0.05694444444444444
0 0.715234375 0.08958333333333333 0.02265625 0.043055555555555555
0 0.693359375 0.09166666666666666 0.02421875 0.05
0 0.689453125 0.13958333333333334 0.02265625 0.05138888888888889
0 0.664453125 0.09513888888888888 0.02265625 0.05138888888888889
0 0.665625 0.13958333333333334 0.021875 0.04583333333333333
0 0.639453125 0.09513888888888888 0.02109375 0.04583333333333333
0 0.641015625 0.14375 0.02265625 0.05416666666666667
0 0.61640625 0.1 0.01875 0.03888888888888889
0 0.616796875 0.14583333333333334 0.01953125 0.05277777777777778
0 0.5921875 0.09513888888888888 0.01875 0.043055555555555555
0 0.594140625 0.14166666666666666 0.01953125 0.05555555555555555
0 0.571484375 0.09861111111111111 0.01953125 0.03888888888888889
0 0.569921875 0.14583333333333334 0.02109375 0.05277777777777778
0 0.54921875 0.10069444444444445 0.0203125 0.04583333333333333
0 0.5453125 0.1486111111111111 0.0234375 0.05277777777777778
0 0.526953125 0.10555555555555556 0.02265625 0.03888888888888889
0 0.521875 0.14791666666666667 0.025 0.05138888888888889
0 0.501171875 0.1125 0.02265625 0.05
0 0.45625 0.11041666666666666 0.021875 0.0375
0 0.448828125 0.15347222222222223 0.02421875 0.04861111111111111
0 0.437109375 0.10486111111111111 0.02109375 0.0375
0 0.429296875 0.14722222222222223 0.02734375 0.05277777777777778
0 0.4140625 0.10347222222222222 0.0265625 0.04861111111111111
0 0.40859375 0.14583333333333334 0.028125 0.05555555555555555
0 0.380859375 0.11180555555555556 0.02734375 0.05138888888888889
0 0.372265625 0.15833333333333333 0.03046875 0.044444444444444446
0 0.355078125 0.10902777777777778 0.02578125 0.043055555555555555
0 0.346875 0.14930555555555555 0.0265625 0.05416666666666667
0 0.33359375 0.11527777777777778 0.021875 0.03888888888888889
0 0.32265625 0.15138888888888888 0.025 0.04722222222222222
0 0.313671875 0.1111111111111111 0.02265625 0.044444444444444446
0 0.29375 0.1111111111111111 0.0234375 0.041666666666666664
0 0.3 0.15347222222222223 0.01875 0.04583333333333333
0 0.279296875 0.1527777777777778 0.02578125 0.05
0 0.26875 0.11527777777777778 0.025 0.05
0 0.2484375 0.11597222222222223 0.021875 0.04583333333333333
0 0.230078125 0.1125 0.02578125 0.05277777777777778
0 0.20625 0.12222222222222222 0.0234375 0.044444444444444446
0 0.185546875 0.12291666666666666 0.02734375 0.04861111111111111
0 0.1640625 0.12361111111111112 0.025 0.03333333333333333
0 0.255859375 0.15833333333333333 0.02734375 0.03888888888888889
0 0.23359375 0.15694444444444444 0.0234375 0.04722222222222222
0 0.213671875 0.15763888888888888 0.02421875 0.04861111111111111
0 0.18984375 0.1597222222222222 0.028125 0.03611111111111111
0 0.1484375 0.16111111111111112 0.034375 0.04722222222222222
0 0.128125 0.16458333333333333 0.0296875 0.05416666666666667
0 0.14375 0.12361111111111112 0.0234375 0.030555555555555555
0 0.1234375 0.125 0.025 0.030555555555555555
0 0.10546875 0.13055555555555556 0.0265625 0.03333333333333333
0 0.080078125 0.14027777777777778 0.03515625 0.05555555555555555
0 0.0859375 0.16458333333333333 0.025 0.04583333333333333
0 0.10546875 0.16666666666666666 0.025 0.044444444444444446
0 0.01328125 0.1763888888888889 0.0265625 0.03333333333333333
0 0.01953125 0.15763888888888888 0.0390625 0.03194444444444444
0 0.031640625 0.13958333333333334 0.03046875 0.029166666666666667
0 0.046875 0.11180555555555556 0.0359375 0.029166666666666667
0 0.0578125 0.09444444444444444 0.03125 0.025
0 0.068359375 0.07916666666666666 0.03203125 0.025
0 0.076953125 0.06111111111111111 0.03359375 0.022222222222222223
0 0.093359375 0.034722222222222224 0.03515625 0.03333333333333333
0 0.10234375 0.02361111111111111 0.0296875 0.019444444444444445
0 0.108984375 0.006944444444444444 0.02734375 0.013888888888888888
0 0.12734375 0.059027777777777776 0.028125 0.03194444444444444
0 0.17265625 0.02638888888888889 0.025 0.03888888888888889
0 0.179296875 0.059027777777777776 0.02578125 0.04027777777777778
0 0.2 0.05763888888888889 0.0265625 0.043055555555555555
0 0.21171875 0.020833333333333332 0.01875 0.03333333333333333
0 0.228125 0.019444444444444445 0.0203125 0.03611111111111111
0 0.216796875 0.05625 0.02265625 0.034722222222222224
0 0.234765625 0.05347222222222222 0.01640625 0.0375
0 0.24609375 0.018055555555555554 0.015625 0.03611111111111111
0 0.263671875 0.016666666666666666 0.02265625 0.03333333333333333
0 0.28515625 0.014583333333333334 0.025 0.029166666666666667
0 0.320703125 0.015277777777777777 0.02265625 0.030555555555555555
0 0.2546875 0.05347222222222222 0.025 0.043055555555555555
0 0.2734375 0.049305555555555554 0.025 0.04027777777777778
0 0.292578125 0.052083333333333336 0.02421875 0.034722222222222224
0 0.3125 0.050694444444444445 0.0203125 0.03194444444444444
0 0.334765625 0.05138888888888889 0.02265625 0.03611111111111111
0 0.341796875 0.015277777777777777 0.02109375 0.030555555555555555
0 0.35390625 0.04722222222222222 0.021875 0.03888888888888889
0 0.373828125 0.04722222222222222 0.02421875 0.03333333333333333
0 0.380078125 0.014583333333333334 0.01796875 0.029166666666666667
0 0.403125 0.015277777777777777 0.01875 0.030555555555555555
0 0.39609375 0.04861111111111111 0.01875 0.041666666666666664
0 0.43203125 0.011805555555555555 0.0203125 0.02361111111111111
0 0.429296875 0.043055555555555555 0.01640625 0.03611111111111111
0 0.4515625 0.013888888888888888 0.01875 0.027777777777777776
0 0.448046875 0.04375 0.01796875 0.0375
0 0.4703125 0.010416666666666666 0.01875 0.020833333333333332
0 0.467578125 0.04097222222222222 0.01953125 0.043055555555555555
0 0.48828125 0.041666666666666664 0.021875 0.041666666666666664
0 0.491015625 0.011111111111111112 0.01328125 0.022222222222222223
0 0.513671875 0.011805555555555555 0.01640625 0.02361111111111111
0 0.533984375 0.009722222222222222 0.01484375 0.019444444444444445
0 0.55390625 0.010416666666666666 0.01875 0.020833333333333332
0 0.512109375 0.04097222222222222 0.01796875 0.04027777777777778
0 0.533984375 0.034722222222222224 0.01640625 0.041666666666666664
0 0.55390625 0.03819444444444445 0.0203125 0.0375
0 0.595703125 0.03611111111111111 0.02109375 0.03888888888888889
0 0.6390625 0.027083333333333334 0.0203125 0.04583333333333333
0 0.662890625 0.03194444444444444 0.01953125 0.04722222222222222
0 0.7296875 0.025 0.0203125 0.05
0 0.75234375 0.025 0.0203125 0.05
0 0.775390625 0.02638888888888889 0.02109375 0.05277777777777778
0 0.81953125 0.021527777777777778 0.021875 0.043055555555555555
0 0.84296875 0.019444444444444445 0.021875 0.03888888888888889
0 0.594140625 0.010416666666666666 0.01796875 0.020833333333333332
0 0.617578125 0.011111111111111112 0.01953125 0.022222222222222223
