0 0.33046875 0.8222222222222222 0.0765625 0.058333333333333334
0 0.3953125 0.9541666666666667 0.040625 0.08888888888888889
0 0.449609375 0.9534722222222223 0.04140625 0.09027777777777778
0 0.829296875 0.7458333333333333 0.04453125 0.11666666666666667
0 0.901953125 0.7361111111111112 0.07421875 0.06111111111111111
0 0.91875 0.80625 0.075 0.059722222222222225
0 0.72890625 0.7368055555555556 0.034375 0.1125
0 0.59296875 0.7305555555555555 0.0375 0.1
0 0.507421875 0.7354166666666667 0.03515625 0.12361111111111112
0 0.13984375 0.7236111111111111 0.046875 0.09722222222222222
0 0.060546875 0.7270833333333333 0.05078125 0.10694444444444444
0 0.0234375 0.73125 0.046875 0.09583333333333334
0 0.950390625 0.4409722222222222 0.03828125 0.09027777777777778
0 0.969140625 0.5208333333333334 0.03515625 0.075
0 0.983984375 0.5958333333333333 0.03046875 0.07777777777777778
0 0.878125 0.6333333333333333 0.0390625 0.09722222222222222
0 0.84140625 0.6284722222222222 0.0390625 0.09861111111111111
0 0.80546875 0.6347222222222222 0.034375 0.08888888888888889
0 0.77109375 0.6326388888888889 0.034375 0.09583333333333334
0 0.731640625 0.63125 0.03359375 0.09027777777777778
0 0.69296875 0.6284722222222222 0.03125 0.10138888888888889
0 0.65390625 0.6319444444444444 0.03125 0.09444444444444444
0 0.613671875 0.6298611111111111 0.02890625 0.0875
0 0.576953125 0.6180555555555556 0.03046875 0.10277777777777777
0 0.543359375 0.625 0.02890625 0.09444444444444444
0 0.508203125 0.6145833333333334 0.02890625 0.09861111111111111
0 0.47109375 0.6263888888888889 0.03125 0.08888888888888889
0 0.4390625 0.625 0.0328125 0.09166666666666666
0 0.40546875 0.6277777777777778 0.034375 0.08611111111111111
0 0.369140625 0.6208333333333333 0.03515625 0.09166666666666666
0 0.33515625 0.6229166666666667 0.0375 0.08194444444444444
0 0.301171875 0.6194444444444445 0.03671875 0.08333333333333333
0 0.323828125 0.5590277777777778 0.05390625 0.04027777777777778
0 0.405859375 0.5326388888888889 0.05546875 0.05416666666666667
0 0.249609375 0.6256944444444444 0.03984375 0.08194444444444444
0 0.216015625 0.6229166666666667 0.03984375 0.0875
0 0.185546875 0.61875 0.04296875 0.07916666666666666
0 0.15078125 0.6208333333333333 0.0421875 0.075
0 0.119140625 0.6173611111111111 0.04140625 0.09305555555555556
0 0.090625 0.6138888888888889 0.0375 0.08611111111111111
0 0.059765625 0.6138888888888889 0.04765625 0.09444444444444444
0 0.028515625 0.6125 0.05390625 0.08333333333333333
0 0.012890625 0.6069444444444444 0.02578125 0.08055555555555556
0 0.851171875 0.46319444444444446 0.03203125 0.07916666666666666
0 0.8421875 0.39861111111111114 0.034375 0.058333333333333334
0 0.81171875 0.39444444444444443 0.034375 0.06111111111111111
0 0.813671875 0.46458333333333335 0.03046875 0.0763888888888889
0 0.77265625 0.39166666666666666 0.028125 0.058333333333333334
0 0.78125 0.46111111111111114 0.03125 0.08333333333333333
0 0.740234375 0.39166666666666666 0.02734375 0.058333333333333334
0 0.74765625 0.4618055555555556 0.0296875 0.07361111111111111
0 0.709375 0.39305555555555555 0.0265625 0.05555555555555555
0 0.71171875 0.4618055555555556 0.028125 0.08194444444444444
0 0.67421875 0.3854166666666667 0.0265625 0.07361111111111111
0 0.6796875 0.46041666666666664 0.028125 0.08472222222222223
0 0.644140625 0.39652777777777776 0.02265625 0.0625
0 0.6453125 0.46319444444444446 0.028125 0.0763888888888889
0 0.6125 0.39375 0.025 0.0625
0 0.6140625 0.46319444444444446 0.028125 0.08194444444444444
0 0.58125 0.4638888888888889 0.025 0.07777777777777778
0 0.548828125 0.4625 0.02578125 0.08055555555555556
0 0.51796875 0.4638888888888889 0.0265625 0.08055555555555556
0 0.4875 0.46111111111111114 0.025 0.07222222222222222
0 0.45859375 0.4652777777777778 0.0265625 0.07222222222222222
0 0.428125 0.4666666666666667 0.025 0.07777777777777778
0 0.4 0.46111111111111114 0.028125 0.07777777777777778
0 0.36796875 0.46875 0.0328125 0.08194444444444444
0 0.33671875 0.46805555555555556 0.0296875 0.06944444444444445
0 0.29609375 0.46458333333333335 0.034375 0.07083333333333333
0 0.26328125 0.4618055555555556 0.0375 0.07361111111111111
0 0.233984375 0.4638888888888889 0.03515625 0.075
0 0.20234375 0.46458333333333335 0.034375 0.07083333333333333
0 0.174609375 0.4638888888888889 0.03515625 0.07777777777777778
0 0.145703125 0.46458333333333335 0.03359375 0.07361111111111111
0 0.119921875 0.4638888888888889 0.03671875 0.06388888888888888
0 0.093359375 0.46041666666666664 0.03515625 0.0763888888888889
0 0.0640625 0.4625 0.03125 0.06944444444444445
0 0.038671875 0.4652777777777778 0.03984375 0.06666666666666667
0 0.017578125 0.46319444444444446 0.03515625 0.059722222222222225
0 0.5828125 0.3909722222222222 0.025 0.05416666666666667
0 0.554296875 0.39305555555555555 0.02734375 0.058333333333333334
0 0.523046875 0.39791666666666664 0.02734375 0.04861111111111111
0 0.49453125 0.39652777777777776 0.0234375 0.059722222222222225
0 0.465625 0.3993055555555556 0.0265625 0.05416666666666667
0 0.43984375 0.40069444444444446 0.0265625 0.05416666666666667
0 0.412890625 0.4041666666666667 0.03046875 0.05555555555555555
0 0.38125 0.3993055555555556 0.0296875 0.05694444444444444
0 0.34921875 0.4027777777777778 0.0328125 0.06388888888888888
0 0.31015625 0.39791666666666664 0.0328125 0.06805555555555555
0 0.28046875 0.3951388888888889 0.0359375 0.0625
0 0.25 0.4013888888888889 0.03125 0.058333333333333334
0 0.222265625 0.40208333333333335 0.03671875 0.05416666666666667
0 0.19296875 0.4 0.0328125 0.05
0 0.16796875 0.4 0.0265625 0.05555555555555555
0 0.14453125 0.39652777777777776 0.0390625 0.06527777777777778
0 0.11328125 0.4 0.0328125 0.05
0 0.08828125 0.4013888888888889 0.0421875 0.06388888888888888
0 0.05703125 0.40555555555555556 0.0390625 0.058333333333333334
0 0.037109375 0.40625 0.03984375 0.0625
0 0.017578125 0.3993055555555556 0.03515625 0.059722222222222225
0 0.819140625 0.27847222222222223 0.02734375 0.0625
0 0.787109375 0.27847222222222223 0.02578125 0.06805555555555555
0 0.809375 0.22291666666666668 0.025 0.04861111111111111
0 0.78046875 0.2222222222222222 0.028125 0.05277777777777778
0 0.748046875 0.22361111111111112 0.02109375 0.06388888888888888
0 0.759375 0.28125 0.0234375 0.05694444444444444
0 0.72421875 0.2263888888888889 0.01875 0.04722222222222222
0 0.730078125 0.2847222222222222 0.02734375 0.06388888888888888
0 0.700390625 0.225 0.02265625 0.044444444444444446
0 0.701953125 0.27569444444444446 0.02578125 0.06805555555555555
0 0.6734375 0.21666666666666667 0.0265625 0.05555555555555555
0 0.676171875 0.27847222222222223 0.02421875 0.0625
0 0.645703125 0.2222222222222222 0.02109375 0.05277777777777778
0 0.64609375 0.275 0.0234375 0.07222222222222222
0 0.61640625 0.22777777777777777 0.0234375 0.05
0 0.61484375 0.2833333333333333 0.025 0.058333333333333334
0 0.587109375 0.22708333333333333 0.02109375 0.04583333333333333
0 0.586328125 0.28402777777777777 0.02421875 0.06805555555555555
0 0.56328125 0.22430555555555556 0.0203125 0.05138888888888889
0 0.56171875 0.28402777777777777 0.025 0.0625
0 0.5375 0.22847222222222222 0.021875 0.05138888888888889
0 0.533984375 0.28125 0.02265625 0.06527777777777778
0 0.511328125 0.22708333333333333 0.02578125 0.05694444444444444
0 0.50703125 0.2861111111111111 0.0265625 0.06388888888888888
0 0.484765625 0.23402777777777778 0.02421875 0.04583333333333333
0 0.479296875 0.2861111111111111 0.02421875 0.04722222222222222
0 0.46171875 0.2298611111111111 0.028125 0.05416666666666667
0 0.45234375 0.28680555555555554 0.0265625 0.06805555555555555
0 0.436328125 0.23472222222222222 0.02734375 0.044444444444444446
0 0.428515625 0.28680555555555554 0.02734375 0.06527777777777778
0 0.412109375 0.23402777777777778 0.02734375 0.043055555555555555
0 0.401171875 0.28958333333333336 0.02578125 0.0625
0 0.38828125 0.23402777777777778 0.03125 0.04861111111111111
0 0.375390625 0.2881944444444444 0.03203125 0.07083333333333333
0 0.34765625 0.2375 0.0296875 0.05277777777777778
0 0.33828125 0.2923611111111111 0.0296875 0.0625
0 0.321875 0.23402777777777778 0.028125 0.04583333333333333
0 0.310546875 0.29305555555555557 0.03046875 0.06388888888888888
0 0.298828125 0.2375 0.02890625 0.03888888888888889
0 0.284765625 0.29097222222222224 0.02890625 0.05694444444444444
0 0.271484375 0.2375 0.02734375 0.03888888888888889
0 0.257421875 0.29305555555555557 0.03046875 0.06111111111111111
0 0.24765625 0.2326388888888889 0.03125 0.04861111111111111
0 0.23203125 0.2902777777777778 0.0328125 0.06388888888888888
0 0.208984375 0.2881944444444444 0.03203125 0.0625
0 0.18515625 0.28958333333333336 0.034375 0.059722222222222225
0 0.15859375 0.2916666666666667 0.0328125 0.05555555555555555
0 0.134765625 0.29097222222222224 0.03203125 0.05694444444444444
0 0.110546875 0.29305555555555557 0.02734375 0.03888888888888889
0 0.090234375 0.29375 0.03203125 0.059722222222222225
0 0.064453125 0.2951388888888889 0.03046875 0.05694444444444444
0 0.041015625 0.2972222222222222 0.03203125 0.058333333333333334
0 0.01953125 0.2951388888888889 0.034375 0.059722222222222225
0 0.0453125 0.25 0.0328125 0.044444444444444446
0 0.066015625 0.24861111111111112 0.03203125 0.044444444444444446
0 0.08828125 0.24513888888888888 0.03125 0.034722222222222224
0 0.107421875 0.24375 0.03046875 0.04027777777777778
0 0.13359375 0.24166666666666667 0.034375 0.03888888888888889
0 0.153125 0.24166666666666667 0.028125 0.03611111111111111
0 0.175390625 0.23958333333333334 0.02578125 0.04027777777777778
0 0.200390625 0.2375 0.03203125 0.041666666666666664
0 0.223828125 0.2361111111111111 0.02734375 0.03888888888888889
0 0.821484375 0.1284722222222222 0.02734375 0.05416666666666667
0 0.812109375 0.08194444444444444 0.02421875 0.044444444444444446
0 0.788671875 0.08263888888888889 0.02265625 0.04861111111111111
0 0.795703125 0.13333333333333333 0.02578125 0.058333333333333334
0 0.765625 0.13541666666666666 0.028125 0.043055555555555555
0 0.760546875 0.09375 0.02265625 0.04027777777777778
0 0.733203125 0.09097222222222222 0.02265625 0.04027777777777778
0 0.742578125 0.13819444444444445 0.02578125 0.05138888888888889
0 0.718359375 0.13958333333333334 0.02421875 0.04583333333333333
0 0.690625 0.1388888888888889 0.0234375 0.05
0 0.68828125 0.09583333333333334 0.0234375 0.03888888888888889
0 0.7109375 0.09930555555555555 0.01875 0.04027777777777778
0 0.66484375 0.09722222222222222 0.0234375 0.03888888888888889
0 0.6640625 0.14444444444444443 0.021875 0.05
0 0.64140625 0.09791666666666667 0.0234375 0.0375
0 0.641796875 0.13819444444444445 0.02421875 0.04861111111111111
0 0.616796875 0.09375 0.01953125 0.04583333333333333
0 0.6171875 0.1423611111111111 0.0203125 0.05138888888888889
0 0.592578125 0.09791666666666667 0.02265625 0.04027777777777778
0 0.591796875 0.14375 0.01953125 0.05694444444444444
0 0.569921875 0.09652777777777778 0.02109375 0.03194444444444444
0 0.56875 0.14027777777777778 0.021875 0.05555555555555555
0 0.546484375 0.10069444444444445 0.02109375 0.034722222222222224
0 0.54453125 0.14444444444444443 0.0234375 0.05555555555555555
0 0.524609375 0.09930555555555555 0.01796875 0.043055555555555555
0 0.5203125 0.14375 0.01875 0.04861111111111111
0 0.503515625 0.1 0.01796875 0.041666666666666664
0 0.497265625 0.14583333333333334 0.02421875 0.05277777777777778
0 0.480859375 0.10208333333333333 0.02265625 0.04027777777777778
0 0.471875 0.14583333333333334 0.0234375 0.05277777777777778
0 0.45859375 0.1111111111111111 0.01875 0.030555555555555555
0 0.4515625 0.14583333333333334 0.0234375 0.05555555555555555
0 0.435546875 0.1076388888888889 0.02421875 0.04027777777777778
0 0.426953125 0.15416666666666667 0.02109375 0.05555555555555555
0 0.4109375 0.10555555555555556 0.025 0.03611111111111111
0 0.402734375 0.15069444444444444 0.02421875 0.05416666666666667
0 0.380078125 0.11041666666666666 0.02109375 0.034722222222222224
0 0.372265625 0.15069444444444444 0.02578125 0.05416666666666667
0 0.357421875 0.10625 0.02265625 0.029166666666666667
0 0.34765625 0.1486111111111111 0.028125 0.058333333333333334
0 0.333984375 0.10833333333333334 0.02265625 0.030555555555555555
0 0.3234375 0.15555555555555556 0.0234375 0.05555555555555555
0 0.311328125 0.11041666666666666 0.02421875 0.029166666666666667
0 0.3015625 0.1486111111111111 0.025 0.05277777777777778
0 0.29140625 0.1125 0.0234375 0.03333333333333333
0 0.269140625 0.11458333333333333 0.02890625 0.03194444444444444
0 0.278515625 0.1527777777777778 0.02578125 0.05555555555555555
0 0.25546875 0.15208333333333332 0.0265625 0.04583333333333333
0 0.24921875 0.11388888888888889 0.021875 0.027777777777777776
0 0.226953125 0.11527777777777778 0.02890625 0.030555555555555555
0 0.2328125 0.1527777777777778 0.0265625 0.04722222222222222
0 0.213671875 0.1527777777777778 0.02734375 0.05
0 0.190625 0.15694444444444444 0.028125 0.04722222222222222
0 0.172265625 0.15486111111111112 0.02734375 0.04861111111111111
0 0.150390625 0.16319444444444445 0.02421875 0.043055555555555555
0 0.126953125 0.1625 0.02734375 0.05277777777777778
0 0.1078125 0.16527777777777777 0.0265625 0.04722222222222222
0 0.0859375 0.16805555555555557 0.028125 0.044444444444444446
0 0.20546875 0.11805555555555555 0.021875 0.025
0 0.18671875 0.11805555555555555 0.0234375 0.03611111111111111
0 0.166796875 0.11736111111111111 0.02109375 0.029166666666666667
0 0.145703125 0.12430555555555556 0.02265625 0.029166666666666667
0 0.125 0.12430555555555556 0.025 0.02638888888888889
0 0.105078125 0.1284722222222222 0.02265625 0.02638888888888889
0 0.06875 0.11944444444444445 0.0265625 0.041666666666666664
0 0.011328125 0.17708333333333334 0.02265625 0.03194444444444444
0 0.01875 0.15763888888888888 0.034375 0.029166666666666667
0 0.030859375 0.14027777777777778 0.03046875 0.022222222222222223
0 0.039453125 0.12152777777777778 0.03359375 0.02638888888888889
0 0.0484375 0.10069444444444445 0.0296875 0.015277777777777777
0 0.05546875 0.08819444444444445 0.0375 0.02361111111111111
0 0.073046875 0.06597222222222222 0.03046875 0.029166666666666667
0 0.08046875 0.05138888888888889 0.03125 0.022222222222222223
0 0.08984375 0.03333333333333333 0.0359375 0.025
0 0.101953125 0.01875 0.02890625 0.029166666666666667
0 0.111328125 0.009027777777777777 0.03203125 0.018055555555555554
0 0.143359375 0.06458333333333334 0.02421875 0.0375
0 0.16171875 0.059027777777777776 0.0234375 0.0375
0 0.17890625 0.05763888888888889 0.01875 0.0375
0 0.198828125 0.05486111111111111 0.02265625 0.0375
0 0.216796875 0.05347222222222222 0.02265625 0.0375
0 0.234375 0.052083333333333336 0.0203125 0.0375
0 0.2515625 0.05555555555555555 0.021875 0.03888888888888889
0 0.27421875 0.049305555555555554 0.0234375 0.0375
0 0.29296875 0.05138888888888889 0.0203125 0.03888888888888889
0 0.31328125 0.05 0.0203125 0.03888888888888889
0 0.33515625 0.050694444444444445 0.01875 0.034722222222222224
0 0.354296875 0.04861111111111111 0.02265625 0.044444444444444446
0 0.3765625 0.04791666666666667 0.021875 0.04027777777777778
0 0.39765625 0.04097222222222222 0.021875 0.034722222222222224
0 0.408984375 0.06944444444444445 0.03359375 0.027777777777777776
0 0.427734375 0.04375 0.01796875 0.0375
0 0.448828125 0.04375 0.02109375 0.04027777777777778
0 0.46953125 0.03958333333333333 0.01875 0.043055555555555555
0 0.490625 0.041666666666666664 0.0171875 0.03888888888888889
0 0.5125 0.0375 0.01875 0.044444444444444446
0 0.530078125 0.03611111111111111 0.01953125 0.04722222222222222
0 0.553125 0.03263888888888889 0.0171875 0.04861111111111111
0 0.576953125 0.0375 0.01640625 0.03888888888888889
0 0.596484375 0.034722222222222224 0.01640625 0.041666666666666664
0 0.6171875 0.029166666666666667 0.0171875 0.041666666666666664
0 0.6390625 0.027777777777777776 0.0171875 0.044444444444444446
0 0.664453125 0.025 0.01484375 0.04722222222222222
0 0.6859375 0.025694444444444443 0.0203125 0.043055555555555555
0 0.70703125 0.02361111111111111 0.01875 0.044444444444444446
0 0.72890625 0.02361111111111111 0.01875 0.044444444444444446
0 0.749609375 0.02361111111111111 0.01484375 0.041666666666666664
0 0.771875 0.024305555555555556 0.01875 0.0375
0 0.797265625 0.024305555555555556 0.02265625 0.043055555555555555
0 0.8203125 0.02361111111111111 0.01875 0.03888888888888889
0 0.84375 0.022916666666666665 0.01875 0.04027777777777778
0 0.15546875 0.02847222222222222 0.025 0.03194444444444444
0 0.17109375 0.02638888888888889 0.021875 0.022222222222222223
0 0.191015625 0.027083333333333334 0.02421875 0.02361111111111111
0 0.2078125 0.025 0.021875 0.027777777777777776
0 0.226171875 0.019444444444444445 0.02109375 0.025
0 0.248828125 0.018055555555555554 0.01953125 0.022222222222222223
0 0.266796875 0.014583333333333334 0.01796875 0.029166666666666667
0 0.283984375 0.014583333333333334 0.01953125 0.02361111111111111
0 0.30390625 0.0125 0.021875 0.025
0 0.321875 0.014583333333333334 0.0203125 0.029166666666666667
0 0.33984375 0.013888888888888888 0.0203125 0.027777777777777776
0 0.361328125 0.013888888888888888 0.01796875 0.027777777777777776
0 0.38046875 0.0125 0.021875 0.025
0 0.403125 0.011805555555555555 0.0203125 0.02361111111111111
0 0.43046875 0.0125 0.01875 0.025
0 0.455078125 0.009027777777777777 0.01953125 0.018055555555555554
0 0.492578125 0.009722222222222222 0.01796875 0.019444444444444445
0 0.652734375 0.9486111111111111 0.03828125 0.1
0 0.54375 0.9520833333333333 0.0296875 0.08472222222222223
0 0.163671875 0.9381944444444444 0.04140625 0.0763888888888889
0 0.11875 0.925 0.0390625 0.09722222222222222
0 0.86640625 0.017361111111111112 0.0234375 0.034722222222222224
0 0.9234375 0.35 0.0328125 0.06388888888888888
0 0.9125 0.28541666666666665 0.0328125 0.05138888888888889
0 0.89765625 0.24097222222222223 0.0234375 0.05138888888888889
