0 0.1765625 0.7388888888888889 0.059375 0.08888888888888889
0 0.063671875 0.7319444444444444 0.05234375 0.10833333333333334
0 0.026171875 0.7326388888888888 0.04609375 0.09305555555555556
0 0.426953125 0.7409722222222223 0.03671875 0.09027777777777778
0 0.3953125 0.9555555555555556 0.0421875 0.08611111111111111
0 0.46796875 0.7388888888888889 0.0375 0.1
0 0.510546875 0.7333333333333333 0.03671875 0.1111111111111111
0 0.594140625 0.7333333333333333 0.03515625 0.1111111111111111
0 0.90234375 0.7319444444444444 0.06875 0.06944444444444445
0 0.9125 0.8041666666666667 0.0734375 0.06388888888888888
0 0.95625 0.9604166666666667 0.0671875 0.0763888888888889
0 0.934765625 0.8708333333333333 0.07734375 0.07222222222222222
0 0.98359375 0.59375 0.03125 0.10416666666666667
0 0.95078125 0.4409722222222222 0.0375 0.09583333333333334
0 0.92421875 0.3458333333333333 0.0359375 0.06944444444444445
0 0.840625 0.40069444444444446 0.028125 0.07916666666666666
0 0.80625 0.3972222222222222 0.0328125 0.07777777777777778
0 0.771875 0.39444444444444443 0.03125 0.06944444444444445
0 0.78046875 0.4597222222222222 0.0296875 0.08055555555555556
0 0.770703125 0.6368055555555555 0.03359375 0.10138888888888889
0 0.690234375 0.6256944444444444 0.03203125 0.10694444444444444
0 0.7109375 0.4583333333333333 0.0265625 0.08055555555555556
0 0.6484375 0.4638888888888889 0.0296875 0.07777777777777778
0 0.6125 0.4 0.0265625 0.07222222222222222
0 0.58359375 0.39791666666666664 0.0234375 0.059722222222222225
0 0.58125 0.46458333333333335 0.0265625 0.07916666666666666
0 0.579296875 0.6291666666666667 0.02734375 0.08333333333333333
0 0.6140625 0.63125 0.0265625 0.09305555555555556
0 0.54375 0.6236111111111111 0.0296875 0.09722222222222222
0 0.406640625 0.6243055555555556 0.03203125 0.08194444444444444
0 0.3703125 0.625 0.034375 0.09722222222222222
0 0.334765625 0.6229166666666667 0.03671875 0.08194444444444444
0 0.302734375 0.6208333333333333 0.03671875 0.08333333333333333
0 0.218359375 0.6243055555555556 0.04453125 0.09305555555555556
0 0.1859375 0.6243055555555556 0.0390625 0.07916666666666666
0 0.153125 0.6194444444444445 0.0390625 0.08611111111111111
0 0.062890625 0.61875 0.05234375 0.09305555555555556
0 0.5203125 0.4652777777777778 0.0296875 0.07777777777777778
0 0.487109375 0.46111111111111114 0.02734375 0.07777777777777778
0 0.4609375 0.46041666666666664 0.028125 0.07916666666666666
0 0.428515625 0.4652777777777778 0.02890625 0.08055555555555556
0 0.41171875 0.40625 0.0296875 0.06527777777777778
0 0.36875 0.46805555555555556 0.0375 0.08611111111111111
0 0.335546875 0.4638888888888889 0.03203125 0.07222222222222222
0 0.262890625 0.4638888888888889 0.03671875 0.07777777777777778
0 0.233203125 0.4666666666666667 0.03828125 0.07777777777777778
0 0.223828125 0.4076388888888889 0.03671875 0.07083333333333333
0 0.14296875 0.4048611111111111 0.040625 0.0763888888888889
0 0.148828125 0.46597222222222223 0.03671875 0.06805555555555555
0 0.062890625 0.4638888888888889 0.04140625 0.075
0 0.1140625 0.4097222222222222 0.034375 0.06388888888888888
0 0.069921875 0.2965277777777778 0.03515625 0.05694444444444444
0 0.04609375 0.25069444444444444 0.0359375 0.05138888888888889
0 0.110546875 0.24930555555555556 0.03359375 0.04861111111111111
0 0.112890625 0.29791666666666666 0.03203125 0.05138888888888889
0 0.13671875 0.29444444444444445 0.0328125 0.05277777777777778
0 0.178515625 0.24583333333333332 0.03203125 0.06111111111111111
0 0.185546875 0.2902777777777778 0.03046875 0.058333333333333334
0 0.209765625 0.2881944444444444 0.03203125 0.06527777777777778
0 0.250390625 0.2423611111111111 0.03359375 0.05694444444444444
0 0.286328125 0.29444444444444445 0.03046875 0.06111111111111111
0 0.348828125 0.2423611111111111 0.03203125 0.059722222222222225
0 0.536328125 0.23541666666666666 0.02421875 0.05416666666666667
0 0.564453125 0.22777777777777777 0.02265625 0.05555555555555555
0 0.55859375 0.2826388888888889 0.025 0.0625
0 0.615234375 0.27847222222222223 0.02109375 0.06527777777777778
0 0.643359375 0.23333333333333334 0.02109375 0.06388888888888888
0 0.75703125 0.2798611111111111 0.0265625 0.0625
0 0.787109375 0.27291666666666664 0.02578125 0.07083333333333333
0 0.80703125 0.2263888888888889 0.0265625 0.06111111111111111
0 0.8390625 0.025 0.025 0.041666666666666664
0 0.7484375 0.025 0.021875 0.04722222222222222
0 0.72734375 0.02638888888888889 0.0203125 0.041666666666666664
0 0.71484375 0.14027777777777778 0.0234375 0.05277777777777778
0 0.68671875 0.09791666666666667 0.01875 0.04861111111111111
0 0.684765625 0.030555555555555555 0.02109375 0.04722222222222222
0 0.637890625 0.029861111111111113 0.02109375 0.04861111111111111
0 0.5765625 0.03611111111111111 0.01875 0.03611111111111111
0 0.553515625 0.03611111111111111 0.02109375 0.05
0 0.56875 0.14375 0.021875 0.05416666666666667
0 0.4515625 0.1486111111111111 0.0234375 0.05555555555555555
0 0.429296875 0.1486111111111111 0.02265625 0.058333333333333334
0 0.355859375 0.11597222222222223 0.02734375 0.05138888888888889
0 0.472265625 0.01875 0.02265625 0.0375
0 0.3328125 0.12152777777777778 0.025 0.043055555555555555
0 0.337109375 0.049305555555555554 0.02265625 0.04027777777777778
0 0.341015625 0.01597222222222222 0.02421875 0.03194444444444444
0 0.303125 0.022222222222222223 0.025 0.03333333333333333
0 0.26796875 0.017361111111111112 0.021875 0.034722222222222224
0 0.2109375 0.027777777777777776 0.025 0.03333333333333333
0 0.2375 0.05763888888888889 0.0234375 0.034722222222222224
0 0.259765625 0.05347222222222222 0.02734375 0.04583333333333333
0 0.293359375 0.11805555555555555 0.02734375 0.041666666666666664
0 0.26953125 0.12083333333333333 0.028125 0.044444444444444446
0 0.228515625 0.12083333333333333 0.03203125 0.03888888888888889
0 0.21328125 0.15763888888888888 0.0296875 0.043055555555555555
0 0.19140625 0.15625 0.028125 0.05138888888888889
0 0.205078125 0.12152777777777778 0.02421875 0.03194444444444444
0 0.18671875 0.12361111111111112 0.025 0.04722222222222222
0 0.166015625 0.12638888888888888 0.02421875 0.05
0 0.18046875 0.059722222222222225 0.025 0.03888888888888889
0 0.198828125 0.05555555555555555 0.02265625 0.05
0 0.157421875 0.03125 0.02734375 0.034722222222222224
0 0.14453125 0.06180555555555556 0.028125 0.04027777777777778
0 0.090234375 0.034722222222222224 0.03359375 0.030555555555555555
0 0.0828125 0.05277777777777778 0.034375 0.027777777777777776
0 0.126953125 0.1326388888888889 0.03203125 0.04027777777777778
0 0.104296875 0.13472222222222222 0.02734375 0.044444444444444446
0 0.058203125 0.09375 0.03671875 0.03194444444444444
0 0.038671875 0.12708333333333333 0.03828125 0.03194444444444444
0 0.01796875 0.15625 0.0359375 0.034722222222222224
0 0.013671875 0.17777777777777778 0.02734375 0.030555555555555555
0 0.1609375 0.9361111111111111 0.05 0.09444444444444444
0 0.11484375 0.9284722222222223 0.046875 0.10694444444444444
0 0.74921875 0.9409722222222222 0.0375 0.10138888888888889
0 0.8171875 0.9340277777777778 0.0453125 0.09583333333333334
0 0.541796875 0.9458333333333333 0.03203125 0.09166666666666666
0 0.5 0.95 0.034375 0.08611111111111111
