0 0.23515625 0.2881944444444444 0.0359375 0.0625
0 0.232421875 0.4597222222222222 0.03984375 0.08333333333333333
0 0.335546875 0.46875 0.03046875 0.08472222222222223
0 0.613671875 0.4666666666666667 0.02890625 0.07222222222222222
0 0.71171875 0.4652777777777778 0.0359375 0.06666666666666667
0 0.405078125 0.6201388888888889 0.04140625 0.07916666666666666
0 0.837109375 0.6236111111111111 0.04140625 0.08888888888888889
0 0.751171875 0.2298611111111111 0.03046875 0.05694444444444444
0 0.72578125 0.027083333333333334 0.021875 0.043055555555555555
0 0.511328125 0.03263888888888889 0.02421875 0.05694444444444444
0 0.4890625 0.04513888888888889 0.021875 0.0375
0 0.425 0.04722222222222222 0.01875 0.041666666666666664
0 0.414453125 0.10972222222222222 0.02265625 0.05277777777777778
0 0.35546875 0.05138888888888889 0.0203125 0.044444444444444446
0 0.401171875 0.017361111111111112 0.02734375 0.034722222222222224
0 0.2859375 0.018055555555555554 0.0234375 0.03611111111111111
0 0.245703125 0.11944444444444445 0.03046875 0.041666666666666664
0 0.1109375 0.24861111111111112 0.0359375 0.05277777777777778
0 0.06328125 0.30277777777777776 0.0390625 0.06111111111111111
0 0.01953125 0.29583333333333334 0.0390625 0.06666666666666667
0 0.0578125 0.4027777777777778 0.0375 0.06666666666666667
0 0.118359375 0.46319444444444446 0.04296875 0.07916666666666666
0 0.08828125 0.16527777777777777 0.0265625 0.044444444444444446
0 0.1046875 0.13194444444444445 0.025 0.044444444444444446
0 0.12578125 0.13055555555555556 0.028125 0.05277777777777778
0 0.19765625 0.05694444444444444 0.025 0.03888888888888889
0 0.212109375 0.02638888888888889 0.02578125 0.03888888888888889
0 0.155078125 0.03125 0.02890625 0.0375
0 0.14296875 0.06527777777777778 0.03125 0.03611111111111111
0 0.09765625 0.02361111111111111 0.0359375 0.030555555555555555
0 0.075 0.06388888888888888 0.0390625 0.030555555555555555
0 0.04765625 0.10972222222222222 0.0390625 0.030555555555555555
