0 0.617578125 0.46319444444444446 0.02890625 0.08472222222222223
0 0.751171875 0.23055555555555557 0.03203125 0.06666666666666667
0 0.883203125 0.34791666666666665 0.05546875 0.0625
0 0.973828125 0.6666666666666666 0.05078125 0.10277777777777777
0 0.23359375 0.4597222222222222 0.040625 0.075
0 0.198046875 0.4708333333333333 0.03828125 0.07777777777777778
0 0.118359375 0.4652777777777778 0.04296875 0.075
0 0.08515625 0.4736111111111111 0.0359375 0.06666666666666667
0 0.057421875 0.40208333333333335 0.03984375 0.0625
0 0.155859375 0.24166666666666667 0.03359375 0.06111111111111111
0 0.109765625 0.2465277777777778 0.03515625 0.05694444444444444
0 0.087109375 0.23958333333333334 0.03671875 0.06805555555555555
0 0.062109375 0.3020833333333333 0.03671875 0.05694444444444444
0 0.019921875 0.2972222222222222 0.03671875 0.06388888888888888
0 0.035546875 0.1284722222222222 0.04609375 0.03194444444444444
0 0.048828125 0.11041666666666666 0.03828125 0.020833333333333332
0 0.05546875 0.09097222222222222 0.034375 0.02638888888888889
0 0.075390625 0.06319444444444444 0.03515625 0.03194444444444444
0 0.09921875 0.02361111111111111 0.0359375 0.025
0 0.112109375 0.004166666666666667 0.03984375 0.008333333333333333
0 0.15625 0.034027777777777775 0.028125 0.034722222222222224
0 0.14140625 0.06527777777777778 0.025 0.03888888888888889
0 0.16171875 0.06388888888888888 0.0265625 0.03611111111111111
0 0.1984375 0.058333333333333334 0.025 0.03888888888888889
0 0.2125 0.02361111111111111 0.028125 0.03333333333333333
0 0.248828125 0.01875 0.02578125 0.0375
0 0.2859375 0.01875 0.021875 0.0375
0 0.295703125 0.05138888888888889 0.02109375 0.041666666666666664
0 0.246484375 0.12083333333333333 0.02421875 0.03888888888888889
0 0.125390625 0.13055555555555556 0.02734375 0.05
0 0.1046875 0.13055555555555556 0.0265625 0.041666666666666664
0 0.08984375 0.16666666666666666 0.028125 0.044444444444444446
0 0.269140625 0.11736111111111111 0.03203125 0.05416666666666667
0 0.315234375 0.11944444444444445 0.02890625 0.044444444444444446
0 0.35546875 0.05 0.021875 0.041666666666666664
0 0.401171875 0.01597222222222222 0.02578125 0.03194444444444444
0 0.426953125 0.04791666666666667 0.02421875 0.04027777777777778
0 0.4140625 0.11180555555555556 0.025 0.05138888888888889
0 0.488671875 0.043055555555555555 0.02109375 0.044444444444444446
0 0.509375 0.034027777777777775 0.021875 0.05694444444444444
0 0.554296875 0.04027777777777778 0.01796875 0.044444444444444446
0 0.72734375 0.027777777777777776 0.021875 0.044444444444444446
