0 0.3109375 0.28888888888888886 0.0359375 0.06666666666666667
0 0.3765625 0.2875 0.0328125 0.06388888888888888
0 0.48125 0.28888888888888886 0.028125 0.06111111111111111
0 0.50625 0.28680555555555554 0.025 0.05416666666666667
0 0.5609375 0.28194444444444444 0.025 0.05277777777777778
0 0.701171875 0.27847222222222223 0.02734375 0.05138888888888889
0 0.350390625 0.40208333333333335 0.03515625 0.05694444444444444
0 0.409765625 0.3958333333333333 0.03359375 0.058333333333333334
0 0.465234375 0.39652777777777776 0.03515625 0.0625
0 0.521875 0.39652777777777776 0.03125 0.059722222222222225
0 0.205078125 0.4638888888888889 0.04453125 0.08055555555555556
0 0.232421875 0.4597222222222222 0.03984375 0.08333333333333333
0 0.42734375 0.4638888888888889 0.0375 0.08333333333333333
0 0.456640625 0.46805555555555556 0.03046875 0.075
0 0.55234375 0.46597222222222223 0.0265625 0.07083333333333333
0 0.646875 0.4638888888888889 0.03125 0.07222222222222222
0 0.74609375 0.46597222222222223 0.0328125 0.07361111111111111
0 0.121875 0.6152777777777778 0.0453125 0.08333333333333333
0 0.187109375 0.61875 0.04453125 0.07916666666666666
0 0.2515625 0.6222222222222222 0.0421875 0.075
0 0.405078125 0.6201388888888889 0.04140625 0.07916666666666666
0 0.47109375 0.6222222222222222 0.0359375 0.08055555555555556
0 0.651953125 0.6256944444444444 0.03671875 0.08194444444444444
0 0.801171875 0.6277777777777778 0.04453125 0.09166666666666666
0 0.875 0.6215277777777778 0.0484375 0.0875
0 0.3359375 0.6243055555555556 0.0375 0.08472222222222223
0 0.0265625 0.7229166666666667 0.05 0.10416666666666667
0 0.904296875 0.7319444444444444 0.07265625 0.075
0 0.9171875 0.8048611111111111 0.0828125 0.06805555555555555
0 0.932421875 0.8756944444444444 0.07890625 0.06527777777777778
0 0.5421875 0.95 0.0390625 0.09722222222222222
0 0.93984375 0.4111111111111111 0.0390625 0.075
0 0.776953125 0.2263888888888889 0.03203125 0.06111111111111111
0 0.738671875 0.09444444444444444 0.02578125 0.05277777777777778
0 0.717578125 0.13819444444444445 0.02265625 0.04861111111111111
0 0.691796875 0.13680555555555557 0.02421875 0.043055555555555555
0 0.664453125 0.09375 0.02578125 0.05416666666666667
0 0.70546875 0.025 0.021875 0.05
0 0.642578125 0.035416666666666666 0.02265625 0.03194444444444444
0 0.591015625 0.2326388888888889 0.02734375 0.05694444444444444
0 0.145703125 0.46458333333333335 0.03984375 0.06805555555555555
0 0.12109375 0.45902777777777776 0.03125 0.08194444444444444
0 0.1734375 0.40347222222222223 0.040625 0.05694444444444444
0 0.0703125 0.46111111111111114 0.040625 0.075
0 0.0421875 0.46597222222222223 0.040625 0.059722222222222225
0 0.018359375 0.4625 0.03671875 0.06666666666666667
0 0.0984375 0.6166666666666667 0.0421875 0.08055555555555556
0 0.065234375 0.6118055555555556 0.04609375 0.07916666666666666
0 0.031640625 0.6118055555555556 0.04453125 0.08194444444444444
0 0.01015625 0.6118055555555556 0.0203125 0.0763888888888889
0 0.0203125 0.40694444444444444 0.040625 0.05555555555555555
0 0.209765625 0.29583333333333334 0.03515625 0.05277777777777778
0 0.226953125 0.23680555555555555 0.02734375 0.05694444444444444
0 0.181640625 0.23333333333333334 0.03046875 0.05277777777777778
0 0.348828125 0.23819444444444443 0.03203125 0.0625
0 0.4875 0.23194444444444445 0.021875 0.058333333333333334
0 0.460546875 0.2361111111111111 0.02265625 0.05555555555555555
0 0.438671875 0.23333333333333334 0.02734375 0.06388888888888888
0 0.50546875 0.10347222222222222 0.0234375 0.04861111111111111
0 0.43203125 0.11319444444444444 0.021875 0.05416666666666667
0 0.38203125 0.11666666666666667 0.0234375 0.03888888888888889
0 0.37265625 0.15138888888888888 0.025 0.044444444444444446
0 0.3375 0.11805555555555555 0.0265625 0.041666666666666664
0 0.293359375 0.11805555555555555 0.02734375 0.05277777777777778
0 0.238671875 0.15902777777777777 0.02890625 0.043055555555555555
0 0.21484375 0.15763888888888888 0.025 0.043055555555555555
0 0.211328125 0.11875 0.03203125 0.05138888888888889
0 0.173046875 0.15902777777777777 0.02734375 0.04583333333333333
0 0.118359375 0.2916666666666667 0.03359375 0.05277777777777778
0 0.071484375 0.2923611111111111 0.03828125 0.0625
0 0.044921875 0.2916666666666667 0.02890625 0.06388888888888888
0 0.071484375 0.24305555555555555 0.03828125 0.05277777777777778
0 0.044140625 0.2520833333333333 0.03359375 0.05138888888888889
0 0.01015625 0.19305555555555556 0.0203125 0.03333333333333333
0 0.016796875 0.17430555555555555 0.03359375 0.029166666666666667
0 0.020703125 0.15555555555555556 0.03828125 0.030555555555555555
0 0.051171875 0.11041666666666666 0.04140625 0.029166666666666667
0 0.06171875 0.09236111111111112 0.0359375 0.02361111111111111
0 0.069140625 0.07152777777777777 0.03515625 0.02638888888888889
0 0.0921875 0.03611111111111111 0.034375 0.03333333333333333
0 0.10703125 0.011111111111111112 0.0359375 0.022222222222222223
0 0.14609375 0.06319444444444444 0.0265625 0.0375
0 0.11171875 0.12708333333333333 0.028125 0.05138888888888889
0 0.091796875 0.16597222222222222 0.03203125 0.043055555555555555
0 0.148046875 0.11875 0.02890625 0.05694444444444444
0 0.1578125 0.030555555555555555 0.028125 0.03333333333333333
0 0.192578125 0.029861111111111113 0.02578125 0.034722222222222224
0 0.2125 0.025 0.0265625 0.03888888888888889
0 0.230078125 0.022916666666666665 0.02109375 0.04583333333333333
0 0.2484375 0.02013888888888889 0.0265625 0.04027777777777778
0 0.237890625 0.05763888888888889 0.02578125 0.034722222222222224
0 0.315234375 0.050694444444444445 0.02265625 0.034722222222222224
0 0.3046875 0.016666666666666666 0.0171875 0.03333333333333333
0 0.324609375 0.017361111111111112 0.02109375 0.034722222222222224
0 0.345703125 0.01597222222222222 0.02109375 0.03194444444444444
0 0.364453125 0.016666666666666666 0.02890625 0.03333333333333333
0 0.35546875 0.05138888888888889 0.025 0.03333333333333333
0 0.398046875 0.04583333333333333 0.02421875 0.03888888888888889
0 0.43203125 0.01597222222222222 0.0234375 0.03194444444444444
0 0.455859375 0.014583333333333334 0.01953125 0.029166666666666667
0 0.4484375 0.04652777777777778 0.021875 0.04027777777777778
0 0.46953125 0.041666666666666664 0.0203125 0.044444444444444446
0 0.488671875 0.03888888888888889 0.01953125 0.041666666666666664
0 0.5546875 0.015277777777777777 0.021875 0.030555555555555555
0 0.617578125 0.009027777777777777 0.01953125 0.018055555555555554
0 0.640625 0.008333333333333333 0.0203125 0.016666666666666666
