0 0.30546875 0.9472222222222222 0.05 0.10277777777777777
0 0.35546875 0.9527777777777777 0.0421875 0.09166666666666666
0 0.75 0.94375 0.03125 0.10972222222222222
0 0.9109375 0.7944444444444444 0.065625 0.06666666666666667
0 0.958203125 0.9590277777777778 0.07109375 0.07916666666666666
0 0.2125 0.9430555555555555 0.0390625 0.10555555555555556
0 0.952734375 0.46944444444444444 0.03359375 0.06666666666666667
0 0.8828125 0.6361111111111111 0.0375 0.09444444444444444
0 0.83984375 0.6326388888888889 0.0390625 0.0875
0 0.7609375 0.6305555555555555 0.0375 0.08888888888888889
0 0.72421875 0.7256944444444444 0.0359375 0.09305555555555556
0 0.682421875 0.7319444444444444 0.03203125 0.09444444444444444
0 0.594140625 0.7284722222222222 0.03671875 0.09861111111111111
0 0.5078125 0.7305555555555555 0.03125 0.1
0 0.46953125 0.7319444444444444 0.0359375 0.10277777777777777
0 0.40703125 0.7819444444444444 0.0 0.0
0 0.426171875 0.7270833333333333 0.03828125 0.10972222222222222
0 0.385546875 0.7319444444444444 0.03828125 0.10555555555555556
0 0.297265625 0.7361111111111112 0.04140625 0.08888888888888889
0 0.259765625 0.7326388888888888 0.04765625 0.10138888888888889
0 0.17890625 0.7270833333333333 0.0453125 0.08472222222222223
0 0.136328125 0.7305555555555555 0.04296875 0.09166666666666666
0 0.101171875 0.7277777777777777 0.04453125 0.08611111111111111
0 0.059765625 0.7236111111111111 0.04453125 0.08055555555555556
0 0.02734375 0.7243055555555555 0.053125 0.09861111111111111
0 0.05390625 0.675 0.0 0.0
0 0.649609375 0.6277777777777778 0.03359375 0.08611111111111111
0 0.542578125 0.625 0.02734375 0.09166666666666666
0 0.471484375 0.625 0.03203125 0.1
0 0.4375 0.6243055555555556 0.0359375 0.08194444444444444
0 0.404296875 0.6222222222222222 0.03359375 0.08055555555555556
0 0.36953125 0.6229166666666667 0.034375 0.09027777777777778
0 0.337109375 0.6215277777777778 0.03671875 0.08194444444444444
0 0.303125 0.6208333333333333 0.0375 0.08611111111111111
0 0.219921875 0.6215277777777778 0.04140625 0.09027777777777778
0 0.181640625 0.6236111111111111 0.03828125 0.08611111111111111
0 0.1484375 0.6243055555555556 0.04375 0.08472222222222223
0 0.11796875 0.6173611111111111 0.0390625 0.07361111111111111
0 0.08828125 0.6194444444444445 0.04375 0.075
0 0.06015625 0.6131944444444445 0.0453125 0.09583333333333334
0 0.030078125 0.6145833333333334 0.04453125 0.07916666666666666
0 0.844140625 0.4041666666666667 0.03359375 0.075
0 0.805078125 0.39652777777777776 0.03046875 0.06527777777777778
0 0.747265625 0.4625 0.02421875 0.07222222222222222
0 0.71171875 0.46041666666666664 0.0265625 0.07916666666666666
0 0.67578125 0.39444444444444443 0.0234375 0.06388888888888888
0 0.676953125 0.4625 0.02578125 0.07777777777777778
0 0.644140625 0.45902777777777776 0.02578125 0.0763888888888889
0 0.553125 0.39166666666666666 0.0265625 0.06944444444444445
0 0.5390625 0.49722222222222223 0.0 0.0
0 0.551171875 0.46041666666666664 0.02421875 0.07361111111111111
0 0.51953125 0.46041666666666664 0.028125 0.07361111111111111
0 0.4921875 0.3972222222222222 0.0265625 0.075
0 0.45859375 0.4618055555555556 0.03125 0.07916666666666666
0 0.425390625 0.4652777777777778 0.03515625 0.08055555555555556
0 0.39921875 0.46111111111111114 0.03125 0.07777777777777778
0 0.36875 0.46597222222222223 0.034375 0.06527777777777778
0 0.378515625 0.4013888888888889 0.02890625 0.05555555555555555
0 0.347265625 0.4048611111111111 0.03046875 0.05694444444444444
0 0.337890625 0.4666666666666667 0.03359375 0.075
0 0.307421875 0.40208333333333335 0.02890625 0.0625
0 0.290625 0.46458333333333335 0.0296875 0.0625
0 0.27890625 0.40208333333333335 0.0328125 0.05694444444444444
0 0.26015625 0.4666666666666667 0.034375 0.07222222222222222
0 0.2484375 0.40208333333333335 0.03125 0.05416666666666667
0 0.2328125 0.4638888888888889 0.0328125 0.06944444444444445
0 0.22109375 0.3993055555555556 0.0359375 0.05138888888888889
0 0.2046875 0.46458333333333335 0.0359375 0.07083333333333333
0 0.176953125 0.46041666666666664 0.03671875 0.07083333333333333
0 0.195703125 0.40069444444444446 0.03359375 0.05138888888888889
0 0.167578125 0.40069444444444446 0.03515625 0.05416666666666667
0 0.141015625 0.40555555555555556 0.03671875 0.06111111111111111
0 0.146875 0.46597222222222223 0.0421875 0.07361111111111111
0 0.091015625 0.4625 0.03984375 0.075
0 0.1140625 0.4013888888888889 0.0375 0.05555555555555555
0 0.0890625 0.40694444444444444 0.0390625 0.06111111111111111
0 0.063671875 0.40208333333333335 0.04140625 0.059722222222222225
0 0.039453125 0.4041666666666667 0.03671875 0.058333333333333334
0 0.016015625 0.4041666666666667 0.03203125 0.06111111111111111
0 0.04140625 0.4625 0.04375 0.07222222222222222
0 0.03203125 0.42916666666666664 0.0 0.0
0 0.016015625 0.46458333333333335 0.03203125 0.07083333333333333
0 0.0109375 0.6013888888888889 0.021875 0.06944444444444445
0 0.81796875 0.2798611111111111 0.0328125 0.059722222222222225
0 0.756640625 0.27847222222222223 0.02890625 0.05416666666666667
0 0.722265625 0.22777777777777777 0.02578125 0.05277777777777778
0 0.69765625 0.275 0.0234375 0.06944444444444445
0 0.61484375 0.23055555555555557 0.0265625 0.06388888888888888
0 0.5875 0.2798611111111111 0.021875 0.06527777777777778
0 0.5109375 0.23194444444444445 0.025 0.05555555555555555
0 0.47890625 0.28541666666666665 0.028125 0.06527777777777778
0 0.46015625 0.24027777777777778 0.025 0.05555555555555555
0 0.43515625 0.23541666666666666 0.0296875 0.05694444444444444
0 0.428515625 0.28958333333333336 0.02890625 0.059722222222222225
0 0.383984375 0.23680555555555555 0.02890625 0.05138888888888889
0 0.377734375 0.2881944444444444 0.02734375 0.059722222222222225
0 0.346875 0.23680555555555555 0.0296875 0.04861111111111111
0 0.333203125 0.2902777777777778 0.02890625 0.06388888888888888
0 0.29765625 0.23819444444444443 0.0296875 0.05138888888888889
0 0.289453125 0.20416666666666666 0.04453125 0.03888888888888889
0 0.31015625 0.28958333333333336 0.0265625 0.05694444444444444
0 0.283984375 0.2902777777777778 0.02890625 0.058333333333333334
0 0.258203125 0.28958333333333336 0.03046875 0.059722222222222225
0 0.248828125 0.2375 0.03046875 0.03888888888888889
0 0.222265625 0.23958333333333334 0.03359375 0.04861111111111111
0 0.2328125 0.2916666666666667 0.0296875 0.058333333333333334
0 0.209375 0.29305555555555557 0.0296875 0.05555555555555555
0 0.199609375 0.24097222222222223 0.03359375 0.04861111111111111
0 0.178515625 0.24444444444444444 0.03046875 0.044444444444444446
0 0.18515625 0.2916666666666667 0.0328125 0.058333333333333334
0 0.162109375 0.29305555555555557 0.02890625 0.05555555555555555
0 0.15703125 0.24305555555555555 0.028125 0.044444444444444446
0 0.134375 0.24513888888888888 0.034375 0.05416666666666667
0 0.11328125 0.2465277777777778 0.028125 0.04583333333333333
0 0.091015625 0.24444444444444444 0.03203125 0.05277777777777778
0 0.06640625 0.25 0.0296875 0.044444444444444446
0 0.040625 0.25277777777777777 0.03125 0.03611111111111111
0 0.13828125 0.2916666666666667 0.03125 0.05555555555555555
0 0.113671875 0.2972222222222222 0.03046875 0.05
0 0.09140625 0.29583333333333334 0.034375 0.05277777777777778
0 0.06640625 0.29791666666666666 0.034375 0.05416666666666667
0 0.04375 0.30069444444444443 0.028125 0.05416666666666667
0 0.02109375 0.29791666666666666 0.0359375 0.05138888888888889
0 0.5671875 0.1423611111111111 0.0234375 0.05416666666666667
0 0.51875 0.1451388888888889 0.0234375 0.05416666666666667
0 0.68984375 0.06527777777777778 0.0390625 0.03333333333333333
0 0.7109375 0.09930555555555555 0.025 0.04861111111111111
0 0.66875 0.10069444444444445 0.025 0.043055555555555555
0 0.640234375 0.10069444444444445 0.02265625 0.043055555555555555
0 0.61640625 0.10277777777777777 0.021875 0.041666666666666664
0 0.5921875 0.10347222222222222 0.021875 0.04583333333333333
0 0.566015625 0.06180555555555556 0.04140625 0.043055555555555555
0 0.570703125 0.10208333333333333 0.01953125 0.034722222222222224
0 0.548046875 0.10694444444444444 0.02265625 0.044444444444444446
0 0.5265625 0.1 0.021875 0.041666666666666664
0 0.50078125 0.10972222222222222 0.0234375 0.041666666666666664
0 0.478125 0.11319444444444444 0.025 0.05138888888888889
0 0.45625 0.11458333333333333 0.025 0.04583333333333333
0 0.43359375 0.11388888888888889 0.025 0.03888888888888889
0 0.42421875 0.1527777777777778 0.021875 0.05
0 0.409765625 0.11666666666666667 0.02578125 0.03888888888888889
0 0.4015625 0.1597222222222222 0.0265625 0.044444444444444446
0 0.369140625 0.15416666666666667 0.02734375 0.05277777777777778
0 0.38046875 0.11527777777777778 0.0234375 0.03333333333333333
0 0.355078125 0.11666666666666667 0.02734375 0.041666666666666664
0 0.334765625 0.11736111111111111 0.02578125 0.04027777777777778
0 0.312890625 0.11666666666666667 0.02265625 0.027777777777777776
0 0.290625 0.11666666666666667 0.0234375 0.030555555555555555
0 0.267578125 0.11805555555555555 0.02734375 0.030555555555555555
0 0.2484375 0.11180555555555556 0.025 0.04027777777777778
0 0.226171875 0.12013888888888889 0.02421875 0.03194444444444444
0 0.207421875 0.12013888888888889 0.02734375 0.034722222222222224
0 0.18671875 0.11875 0.025 0.03194444444444444
0 0.165625 0.12569444444444444 0.025 0.04027777777777778
0 0.1453125 0.12430555555555556 0.0234375 0.0375
0 0.11015625 0.15 0.0 0.0
0 0.12421875 0.13055555555555556 0.028125 0.03888888888888889
0 0.10390625 0.12777777777777777 0.025 0.03611111111111111
0 0.0875 0.16875 0.028125 0.04861111111111111
0 0.10859375 0.17152777777777778 0.03125 0.04027777777777778
0 0.13828125 0.1638888888888889 0.0328125 0.05
0 0.184375 0.12916666666666668 0.0 0.0
0 0.171875 0.15486111111111112 0.025 0.05138888888888889
0 0.20234375 0.1361111111111111 0.0 0.0
0 0.18984375 0.15763888888888888 0.025 0.043055555555555555
0 0.22734375 0.14027777777777778 0.0 0.0
0 0.21328125 0.1625 0.028125 0.044444444444444446
0 0.2359375 0.15347222222222223 0.0234375 0.04861111111111111
0 0.2578125 0.15555555555555556 0.0265625 0.044444444444444446
0 0.281640625 0.15069444444444444 0.02734375 0.043055555555555555
0 0.302734375 0.15347222222222223 0.02734375 0.04861111111111111
0 0.3234375 0.15555555555555556 0.025 0.03888888888888889
0 0.82109375 0.025694444444444443 0.025 0.043055555555555555
0 0.748828125 0.025 0.02265625 0.041666666666666664
0 0.726953125 0.027083333333333334 0.02109375 0.04583333333333333
0 0.705078125 0.025694444444444443 0.02109375 0.04027777777777778
0 0.68359375 0.027083333333333334 0.0203125 0.043055555555555555
0 0.66015625 0.030555555555555555 0.0203125 0.044444444444444446
0 0.639453125 0.029861111111111113 0.01796875 0.04027777777777778
0 0.61875 0.03194444444444444 0.0203125 0.03888888888888889
0 0.596484375 0.0375 0.01953125 0.03888888888888889
0 0.576171875 0.029861111111111113 0.01796875 0.029166666666666667
0 0.5546875 0.03333333333333333 0.01875 0.03333333333333333
0 0.530859375 0.03958333333333333 0.02421875 0.043055555555555555
0 0.51015625 0.0375 0.021875 0.04722222222222222
0 0.489453125 0.03888888888888889 0.02109375 0.04722222222222222
0 0.468359375 0.04236111111111111 0.02265625 0.043055555555555555
0 0.44609375 0.04791666666666667 0.0171875 0.043055555555555555
0 0.424609375 0.04722222222222222 0.01796875 0.03888888888888889
0 0.395703125 0.04791666666666667 0.02109375 0.043055555555555555
0 0.374609375 0.05347222222222222 0.02265625 0.043055555555555555
0 0.353125 0.049305555555555554 0.025 0.04027777777777778
0 0.33359375 0.050694444444444445 0.021875 0.04583333333333333
0 0.315234375 0.04722222222222222 0.02265625 0.044444444444444446
0 0.294140625 0.04513888888888889 0.02265625 0.04861111111111111
0 0.275390625 0.05138888888888889 0.02421875 0.03888888888888889
0 0.25625 0.05347222222222222 0.025 0.043055555555555555
0 0.235546875 0.05486111111111111 0.02421875 0.043055555555555555
0 0.21796875 0.05555555555555555 0.025 0.041666666666666664
0 0.199609375 0.05763888888888889 0.02265625 0.034722222222222224
0 0.179296875 0.059027777777777776 0.02578125 0.043055555555555555
0 0.16015625 0.06388888888888888 0.0234375 0.041666666666666664
0 0.139453125 0.0625 0.02265625 0.041666666666666664
0 0.154296875 0.03263888888888889 0.01953125 0.03194444444444444
0 0.1734375 0.029166666666666667 0.0203125 0.030555555555555555
0 0.19375 0.024305555555555556 0.025 0.029166666666666667
0 0.21171875 0.025 0.021875 0.027777777777777776
0 0.228125 0.022222222222222223 0.0203125 0.025
0 0.2484375 0.018055555555555554 0.0234375 0.027777777777777776
0 0.266796875 0.017361111111111112 0.02265625 0.02638888888888889
0 0.27734375 0.030555555555555555 0.0 0.0
0 0.2875 0.016666666666666666 0.0203125 0.025
0 0.305859375 0.013194444444444444 0.02421875 0.02638888888888889
0 0.324609375 0.015277777777777777 0.02265625 0.025
0 0.3421875 0.0125 0.0234375 0.022222222222222223
0 0.362109375 0.013194444444444444 0.02109375 0.02638888888888889
0 0.38125 0.013194444444444444 0.025 0.02638888888888889
0 0.402734375 0.0125 0.02421875 0.025
0 0.0140625 0.17152777777777778 0.028125 0.03194444444444444
0 0.017578125 0.16111111111111112 0.03515625 0.03333333333333333
0 0.02890625 0.14305555555555555 0.0390625 0.03611111111111111
0 0.041015625 0.12569444444444444 0.03984375 0.03194444444444444
0 0.053515625 0.10902777777777778 0.03359375 0.020833333333333332
0 0.058203125 0.09305555555555556 0.03203125 0.025
0 0.069921875 0.07847222222222222 0.03359375 0.02361111111111111
0 0.07734375 0.06319444444444444 0.0328125 0.02361111111111111
0 0.08359375 0.05 0.0328125 0.027777777777777776
0 0.092578125 0.03611111111111111 0.03359375 0.022222222222222223
0 0.1 0.021527777777777778 0.03125 0.02361111111111111
0 0.10703125 0.011111111111111112 0.03125 0.022222222222222223
0 0.433203125 0.0125 0.02109375 0.025
0 0.01015625 0.19583333333333333 0.0203125 0.03333333333333333
0 0.023828125 0.9555555555555556 0.03828125 0.08333333333333333
0 0.543359375 0.9472222222222222 0.03203125 0.09166666666666666
