0 0.703515625 0.9555555555555556 0.02890625 0.08611111111111111
0 0.5453125 0.9541666666666667 0.0375 0.08888888888888889
0 0.498046875 0.9569444444444445 0.03671875 0.08333333333333333
0 0.448046875 0.95 0.03671875 0.09722222222222222
0 0.394921875 0.9569444444444445 0.03984375 0.08333333333333333
0 0.25390625 0.9444444444444444 0.0484375 0.10555555555555556
0 0.2109375 0.925 0.0515625 0.1111111111111111
0 0.16015625 0.9347222222222222 0.0484375 0.08888888888888889
0 0.11328125 0.9319444444444445 0.040625 0.09444444444444444
0 0.07109375 0.9388888888888889 0.0546875 0.08611111111111111
0 0.3 0.73125 0.0375 0.08194444444444444
0 0.25859375 0.73125 0.046875 0.10972222222222222
0 0.177734375 0.7201388888888889 0.04453125 0.10138888888888889
0 0.13828125 0.7229166666666667 0.0453125 0.09583333333333334
0 0.02734375 0.7229166666666667 0.053125 0.10138888888888889
0 0.466015625 0.7354166666666667 0.03515625 0.09305555555555556
0 0.50703125 0.7340277777777777 0.0328125 0.10138888888888889
0 0.5921875 0.7305555555555555 0.0296875 0.1
0 0.728515625 0.7305555555555555 0.03515625 0.1
0 0.77734375 0.7354166666666667 0.0390625 0.09861111111111111
0 0.827734375 0.7402777777777778 0.04140625 0.1
0 0.898828125 0.7354166666666667 0.07734375 0.0625
0 0.9171875 0.7972222222222223 0.08125 0.05277777777777778
0 0.928515625 0.8527777777777777 0.07890625 0.06388888888888888
0 0.95078125 0.9375 0.0734375 0.08611111111111111
0 0.983203125 0.6097222222222223 0.03203125 0.09444444444444444
0 0.953515625 0.4576388888888889 0.03828125 0.07916666666666666
0 0.92734375 0.3548611111111111 0.0359375 0.0625
0 0.8203125 0.2798611111111111 0.0375 0.059722222222222225
0 0.850390625 0.46944444444444444 0.03671875 0.075
0 0.812109375 0.4597222222222222 0.03515625 0.06111111111111111
0 0.776953125 0.4618055555555556 0.03671875 0.08472222222222223
0 0.741796875 0.4597222222222222 0.03046875 0.07222222222222222
0 0.709375 0.39791666666666664 0.03125 0.06805555555555555
0 0.7125 0.4652777777777778 0.0296875 0.06666666666666667
0 0.67890625 0.39444444444444443 0.028125 0.06944444444444445
0 0.6796875 0.46111111111111114 0.0296875 0.06944444444444445
0 0.648046875 0.4625 0.02578125 0.07222222222222222
0 0.61640625 0.4597222222222222 0.0203125 0.07222222222222222
0 0.6171875 0.3993055555555556 0.0265625 0.04861111111111111
0 0.5859375 0.3972222222222222 0.0265625 0.06388888888888888
0 0.583984375 0.45694444444444443 0.02265625 0.075
0 0.55625 0.39375 0.0265625 0.05416666666666667
0 0.5515625 0.46041666666666664 0.025 0.06805555555555555
0 0.51953125 0.46041666666666664 0.028125 0.06527777777777778
0 0.5234375 0.3951388888888889 0.028125 0.06805555555555555
0 0.487109375 0.4597222222222222 0.02890625 0.075
0 0.462109375 0.40069444444444446 0.02734375 0.05694444444444444
0 0.456640625 0.46041666666666664 0.03046875 0.0763888888888889
0 0.436328125 0.3923611111111111 0.03046875 0.06805555555555555
0 0.429296875 0.46041666666666664 0.03046875 0.07083333333333333
0 0.39921875 0.4597222222222222 0.0328125 0.08055555555555556
0 0.3828125 0.3993055555555556 0.03125 0.0625
0 0.367578125 0.46111111111111114 0.02890625 0.07222222222222222
0 0.336328125 0.45625 0.03046875 0.07361111111111111
0 0.3109375 0.4041666666666667 0.034375 0.06666666666666667
0 0.296484375 0.46041666666666664 0.03828125 0.07083333333333333
0 0.279296875 0.3958333333333333 0.03359375 0.06666666666666667
0 0.26484375 0.45902777777777776 0.0328125 0.07083333333333333
0 0.234765625 0.4638888888888889 0.04140625 0.07222222222222222
0 0.20078125 0.46944444444444444 0.03125 0.05555555555555555
0 0.176171875 0.4625 0.03515625 0.06944444444444445
0 0.14609375 0.46111111111111114 0.0375 0.07222222222222222
0 0.119921875 0.46041666666666664 0.03203125 0.0625
0 0.09453125 0.45902777777777776 0.0375 0.06805555555555555
0 0.066796875 0.4618055555555556 0.04140625 0.07361111111111111
0 0.041015625 0.46041666666666664 0.03671875 0.06527777777777778
0 0.01796875 0.45902777777777776 0.0359375 0.0625
0 0.221875 0.3993055555555556 0.034375 0.06527777777777778
0 0.19453125 0.39444444444444443 0.0359375 0.058333333333333334
0 0.14375 0.40347222222222223 0.0359375 0.0625
0 0.116796875 0.3993055555555556 0.03984375 0.05138888888888889
0 0.089453125 0.4013888888888889 0.03515625 0.05555555555555555
0 0.065234375 0.4013888888888889 0.03984375 0.05555555555555555
0 0.03984375 0.40555555555555556 0.0421875 0.05555555555555555
0 0.019140625 0.39652777777777776 0.03828125 0.059722222222222225
0 0.879296875 0.6361111111111111 0.04453125 0.08055555555555556
0 0.83984375 0.6284722222222222 0.040625 0.09027777777777778
0 0.80078125 0.6305555555555555 0.0375 0.10277777777777777
0 0.7625 0.6326388888888889 0.0359375 0.09583333333333334
0 0.728515625 0.6284722222222222 0.03515625 0.09305555555555556
0 0.688671875 0.63125 0.03203125 0.09305555555555556
0 0.653125 0.6270833333333333 0.03125 0.09027777777777778
0 0.615625 0.6222222222222222 0.0296875 0.09444444444444444
0 0.57734375 0.6256944444444444 0.028125 0.08194444444444444
0 0.5421875 0.6263888888888889 0.03125 0.08888888888888889
0 0.5046875 0.6222222222222222 0.0296875 0.09444444444444444
0 0.470703125 0.6270833333333333 0.03046875 0.09027777777777778
0 0.43828125 0.6215277777777778 0.028125 0.0875
0 0.405078125 0.6201388888888889 0.03515625 0.08472222222222223
0 0.37265625 0.6180555555555556 0.0375 0.09722222222222222
0 0.333984375 0.625 0.03671875 0.08055555555555556
0 0.300390625 0.6194444444444445 0.03671875 0.08611111111111111
0 0.2546875 0.6194444444444445 0.0375 0.08611111111111111
0 0.21796875 0.6215277777777778 0.0375 0.08194444444444444
0 0.1859375 0.6173611111111111 0.046875 0.08194444444444444
0 0.152734375 0.6166666666666667 0.03515625 0.08888888888888889
0 0.122265625 0.6152777777777778 0.03359375 0.08611111111111111
0 0.093359375 0.6145833333333334 0.04453125 0.08472222222222223
0 0.065625 0.6131944444444445 0.040625 0.09027777777777778
0 0.033984375 0.6097222222222223 0.03671875 0.07777777777777778
0 0.011328125 0.6090277777777777 0.02265625 0.08472222222222223
0 0.788671875 0.27847222222222223 0.02421875 0.07361111111111111
0 0.758203125 0.2743055555555556 0.02890625 0.06805555555555555
0 0.72734375 0.2777777777777778 0.0265625 0.05
0 0.596875 0.3111111111111111 0.028125 0.05555555555555555
0 0.590625 0.23125 0.021875 0.05416666666666667
0 0.5609375 0.28125 0.028125 0.0625
0 0.5078125 0.28194444444444444 0.028125 0.06388888888888888
0 0.4890625 0.22708333333333333 0.025 0.05694444444444444
0 0.430078125 0.2861111111111111 0.02734375 0.058333333333333334
0 0.403125 0.2916666666666667 0.03125 0.06388888888888888
0 0.384765625 0.2388888888888889 0.03046875 0.05
0 0.337890625 0.2847222222222222 0.02890625 0.06388888888888888
0 0.309375 0.2916666666666667 0.03125 0.06111111111111111
0 0.2828125 0.2916666666666667 0.0296875 0.058333333333333334
0 0.259375 0.2902777777777778 0.0359375 0.058333333333333334
0 0.18203125 0.2951388888888889 0.0328125 0.059722222222222225
0 0.158203125 0.2951388888888889 0.03515625 0.0625
0 0.178125 0.24166666666666667 0.0328125 0.044444444444444446
0 0.13515625 0.2923611111111111 0.028125 0.05694444444444444
0 0.1109375 0.2951388888888889 0.0375 0.0625
0 0.090625 0.29097222222222224 0.0328125 0.0625
0 0.06796875 0.29930555555555555 0.034375 0.04861111111111111
0 0.044140625 0.29583333333333334 0.03046875 0.044444444444444446
0 0.021484375 0.2965277777777778 0.03203125 0.04583333333333333
0 0.044140625 0.2465277777777778 0.03671875 0.04583333333333333
0 0.065625 0.2513888888888889 0.0328125 0.04722222222222222
0 0.767578125 0.13402777777777777 0.02890625 0.05416666666666667
0 0.7171875 0.1326388888888889 0.0234375 0.05694444444444444
0 0.751171875 0.022222222222222223 0.02265625 0.044444444444444446
0 0.708203125 0.027083333333333334 0.02265625 0.0375
0 0.508203125 0.035416666666666666 0.01953125 0.04583333333333333
0 0.354296875 0.05 0.02734375 0.04722222222222222
0 0.412109375 0.11597222222222223 0.02578125 0.04027777777777778
0 0.40390625 0.15694444444444444 0.0265625 0.044444444444444446
0 0.3828125 0.11319444444444444 0.021875 0.0375
0 0.3734375 0.15 0.0296875 0.04722222222222222
0 0.535546875 0.013888888888888888 0.02265625 0.027777777777777776
0 0.725 0.006944444444444444 0.01875 0.013888888888888888
0 0.290625 0.12013888888888889 0.0296875 0.0375
0 0.229296875 0.12013888888888889 0.02734375 0.04027777777777778
0 0.207421875 0.12222222222222222 0.02265625 0.041666666666666664
0 0.17421875 0.15625 0.0265625 0.04861111111111111
0 0.16796875 0.12638888888888888 0.028125 0.03888888888888889
0 0.148046875 0.12430555555555556 0.02421875 0.04583333333333333
0 0.12578125 0.12986111111111112 0.028125 0.04583333333333333
0 0.10546875 0.1326388888888889 0.028125 0.04583333333333333
0 0.08671875 0.1638888888888889 0.0234375 0.044444444444444446
0 0.1078125 0.16597222222222222 0.025 0.0375
0 0.134375 0.16111111111111112 0.028125 0.04722222222222222
0 0.29765625 0.05 0.025 0.044444444444444446
0 0.274609375 0.04861111111111111 0.01796875 0.041666666666666664
0 0.255859375 0.05347222222222222 0.02265625 0.04027777777777778
0 0.2359375 0.05347222222222222 0.025 0.04861111111111111
0 0.198828125 0.05486111111111111 0.02578125 0.04583333333333333
0 0.18046875 0.058333333333333334 0.0203125 0.03333333333333333
0 0.161328125 0.06111111111111111 0.02421875 0.04722222222222222
0 0.14140625 0.06458333333333334 0.025 0.04027777777777778
0 0.15625 0.034027777777777775 0.0234375 0.03194444444444444
0 0.1765625 0.027083333333333334 0.021875 0.03194444444444444
0 0.19140625 0.025 0.0203125 0.030555555555555555
0 0.212109375 0.025694444444444443 0.02421875 0.03194444444444444
0 0.247265625 0.020833333333333332 0.02109375 0.025
0 0.266796875 0.019444444444444445 0.02109375 0.030555555555555555
0 0.28515625 0.018055555555555554 0.021875 0.030555555555555555
0 0.306640625 0.016666666666666666 0.02421875 0.030555555555555555
0 0.108203125 0.009722222222222222 0.03046875 0.019444444444444445
0 0.098828125 0.01875 0.03359375 0.02638888888888889
0 0.091796875 0.0375 0.03515625 0.022222222222222223
0 0.072265625 0.06180555555555556 0.04453125 0.04027777777777778
0 0.04765625 0.11041666666666666 0.0359375 0.03194444444444444
0 0.020703125 0.15486111111111112 0.03671875 0.03194444444444444
0 0.01484375 0.17291666666666666 0.0296875 0.034722222222222224
0 0.616796875 0.14027777777777778 0.02109375 0.05277777777777778
0 0.642578125 0.13819444444444445 0.02265625 0.05416666666666667
0 0.6171875 0.09722222222222222 0.0203125 0.041666666666666664
0 0.9109375 0.2923611111111111 0.0375 0.059722222222222225
0 0.887109375 0.18958333333333333 0.03203125 0.059722222222222225
