0 0.259765625 0.2902777777777778 0.03515625 0.06666666666666667
0 0.404296875 0.2881944444444444 0.02734375 0.059722222222222225
0 0.4546875 0.2875 0.0265625 0.06388888888888888
0 0.50625 0.28680555555555554 0.025 0.05416666666666667
0 0.61796875 0.2826388888888889 0.025 0.059722222222222225
0 0.7609375 0.27708333333333335 0.028125 0.0625
0 0.78671875 0.27708333333333335 0.03125 0.05416666666666667
0 0.19765625 0.40069444444444446 0.0421875 0.059722222222222225
0 0.350390625 0.40208333333333335 0.03515625 0.05694444444444444
0 0.409765625 0.3958333333333333 0.03359375 0.058333333333333334
0 0.495703125 0.3958333333333333 0.03203125 0.06111111111111111
0 0.521875 0.39652777777777776 0.03125 0.059722222222222225
0 0.553125 0.3951388888888889 0.0296875 0.06805555555555555
0 0.58359375 0.39652777777777776 0.0296875 0.059722222222222225
0 0.709375 0.38958333333333334 0.0359375 0.07361111111111111
0 0.7734375 0.39166666666666666 0.0375 0.075
0 0.839453125 0.39166666666666666 0.03671875 0.06666666666666667
0 0.232421875 0.4597222222222222 0.03984375 0.08333333333333333
0 0.3671875 0.4666666666666667 0.0421875 0.08333333333333333
0 0.39453125 0.46805555555555556 0.0375 0.07777777777777778
0 0.55234375 0.46597222222222223 0.0265625 0.07083333333333333
0 0.613671875 0.4666666666666667 0.02890625 0.07222222222222222
0 0.646875 0.4638888888888889 0.03125 0.07222222222222222
0 0.68046875 0.4673611111111111 0.03125 0.07083333333333333
0 0.74609375 0.46597222222222223 0.0328125 0.07361111111111111
0 0.77890625 0.46319444444444446 0.0390625 0.07361111111111111
0 0.812109375 0.46597222222222223 0.03515625 0.06805555555555555
0 0.121875 0.6152777777777778 0.0453125 0.08333333333333333
0 0.187109375 0.61875 0.04453125 0.07916666666666666
0 0.219140625 0.6166666666666667 0.04140625 0.07777777777777778
0 0.2515625 0.6222222222222222 0.0421875 0.075
0 0.30234375 0.61875 0.0390625 0.07083333333333333
0 0.33671875 0.6166666666666667 0.040625 0.07777777777777778
0 0.37265625 0.6201388888888889 0.0484375 0.08472222222222223
0 0.405078125 0.6201388888888889 0.04140625 0.07916666666666666
0 0.438671875 0.6236111111111111 0.04140625 0.08055555555555556
0 0.47109375 0.6222222222222222 0.0359375 0.08055555555555556
0 0.506640625 0.6243055555555556 0.03671875 0.0875
0 0.54140625 0.6208333333333333 0.0375 0.07777777777777778
0 0.689453125 0.6277777777777778 0.04140625 0.08333333333333333
0 0.7265625 0.6256944444444444 0.0421875 0.08194444444444444
0 0.7640625 0.625 0.040625 0.08888888888888889
0 0.801171875 0.6277777777777778 0.04453125 0.09166666666666666
0 0.1375 0.7388888888888889 0.0546875 0.08611111111111111
0 0.1765625 0.7388888888888889 0.059375 0.08888888888888889
0 0.25703125 0.7368055555555556 0.053125 0.0875
0 0.429296875 0.7409722222222223 0.04921875 0.08194444444444444
0 0.470703125 0.7444444444444445 0.04140625 0.08611111111111111
0 0.510546875 0.7479166666666667 0.04609375 0.0875
0 0.245703125 0.9472222222222222 0.04921875 0.10277777777777777
0 0.3046875 0.9444444444444444 0.04375 0.1
0 0.39453125 0.9534722222222223 0.0390625 0.09027777777777778
0 0.54453125 0.9520833333333333 0.0359375 0.09305555555555556
0 0.7578125 0.9597222222222223 0.046875 0.075
0 0.948046875 0.9527777777777777 0.06953125 0.09166666666666666
0 0.902734375 0.7354166666666667 0.07421875 0.06527777777777778
0 0.728515625 0.7298611111111111 0.04140625 0.1125
0 0.97109375 0.54375 0.04375 0.07916666666666666
0 0.953515625 0.4701388888888889 0.04453125 0.07083333333333333
0 0.170703125 0.40625 0.03515625 0.059722222222222225
0 0.1453125 0.3972222222222222 0.0328125 0.06944444444444445
0 0.123828125 0.46111111111111114 0.03359375 0.07222222222222222
0 0.06953125 0.4625 0.04375 0.06666666666666667
0 0.0171875 0.4618055555555556 0.034375 0.07083333333333333
0 0.016796875 0.40069444444444446 0.03359375 0.05416666666666667
0 0.190234375 0.2902777777777778 0.03203125 0.05555555555555555
0 0.163671875 0.29305555555555557 0.03046875 0.058333333333333334
0 0.137890625 0.28888888888888886 0.03046875 0.058333333333333334
0 0.09609375 0.29375 0.0328125 0.059722222222222225
0 0.04921875 0.29583333333333334 0.0390625 0.058333333333333334
0 0.78046875 0.22777777777777777 0.0296875 0.044444444444444446
0 0.751953125 0.225 0.02890625 0.04722222222222222
0 0.6421875 0.2298611111111111 0.0265625 0.05694444444444444
0 0.5171875 0.2375 0.0234375 0.05277777777777778
0 0.486328125 0.23680555555555555 0.02421875 0.059722222222222225
0 0.35 0.2388888888888889 0.03125 0.06388888888888888
0 0.228515625 0.24444444444444444 0.03203125 0.05555555555555555
0 0.20234375 0.24444444444444444 0.025 0.05277777777777778
0 0.11484375 0.24722222222222223 0.034375 0.05
0 0.091796875 0.24513888888888888 0.02734375 0.05694444444444444
0 0.065234375 0.2465277777777778 0.02578125 0.043055555555555555
0 0.79375 0.13402777777777777 0.028125 0.05416666666666667
0 0.7671875 0.13402777777777777 0.0296875 0.04861111111111111
0 0.762109375 0.09375 0.02890625 0.043055555555555555
0 0.7375 0.09930555555555555 0.0265625 0.05138888888888889
0 0.6890625 0.13958333333333334 0.0265625 0.05416666666666667
0 0.570703125 0.10277777777777777 0.02109375 0.041666666666666664
0 0.5703125 0.14375 0.0234375 0.05694444444444444
0 0.546484375 0.14375 0.02109375 0.05694444444444444
0 0.502734375 0.11180555555555556 0.02265625 0.043055555555555555
0 0.437109375 0.11319444444444444 0.02578125 0.05138888888888889
0 0.3703125 0.15625 0.0265625 0.05138888888888889
0 0.3125 0.11944444444444445 0.025 0.03611111111111111
0 0.305078125 0.15069444444444444 0.02578125 0.05694444444444444
0 0.2921875 0.11875 0.0234375 0.04861111111111111
0 0.27109375 0.11527777777777778 0.0265625 0.04722222222222222
0 0.257421875 0.1527777777777778 0.02578125 0.05277777777777778
0 0.250390625 0.11666666666666667 0.02578125 0.044444444444444446
0 0.23125 0.1125 0.0234375 0.044444444444444446
0 0.23671875 0.15694444444444444 0.0296875 0.05
0 0.217578125 0.15347222222222223 0.02734375 0.05416666666666667
0 0.189453125 0.12361111111111112 0.03046875 0.03888888888888889
0 0.16875 0.12430555555555556 0.0234375 0.034722222222222224
0 0.19453125 0.15694444444444444 0.028125 0.05
0 0.1734375 0.1597222222222222 0.025 0.041666666666666664
0 0.152734375 0.1597222222222222 0.02578125 0.05277777777777778
0 0.114453125 0.1638888888888889 0.03203125 0.05277777777777778
0 0.10859375 0.1326388888888889 0.0296875 0.04583333333333333
0 0.816015625 0.02361111111111111 0.02890625 0.03888888888888889
0 0.75 0.025 0.025 0.04722222222222222
0 0.728515625 0.025694444444444443 0.02265625 0.04583333333333333
0 0.702734375 0.02847222222222222 0.02265625 0.0375
0 0.63984375 0.027777777777777776 0.021875 0.05
0 0.616015625 0.029166666666666667 0.01953125 0.05
0 0.595703125 0.03194444444444444 0.02109375 0.05555555555555555
0 0.47109375 0.043055555555555555 0.021875 0.044444444444444446
0 0.454296875 0.04097222222222222 0.01796875 0.04583333333333333
0 0.357421875 0.04583333333333333 0.02421875 0.04722222222222222
0 0.335546875 0.04513888888888889 0.02109375 0.05138888888888889
0 0.26953125 0.019444444444444445 0.025 0.03333333333333333
0 0.2703125 0.030555555555555555 0.0 0.0
0 0.258203125 0.050694444444444445 0.02421875 0.04027777777777778
0 0.202734375 0.05625 0.02421875 0.04583333333333333
0 0.147265625 0.06180555555555556 0.02734375 0.043055555555555555
0 0.49453125 0.013888888888888888 0.01875 0.027777777777777776
0 0.51484375 0.015277777777777777 0.0203125 0.030555555555555555
0 0.01953125 0.15833333333333333 0.0375 0.03611111111111111
0 0.0328125 0.14027777777777778 0.0328125 0.025
0 0.042578125 0.12430555555555556 0.03359375 0.029166666666666667
0 0.050390625 0.10416666666666667 0.03515625 0.027777777777777776
0 0.0671875 0.08263888888888889 0.0359375 0.02638888888888889
0 0.078125 0.06319444444444444 0.0328125 0.029166666666666667
0 0.0921875 0.0375 0.0359375 0.027777777777777776
0 0.10234375 0.02013888888888889 0.0328125 0.02638888888888889
0 0.1015625 0.007638888888888889 0.0265625 0.015277777777777777
0 0.0703125 0.6152777777777778 0.046875 0.08888888888888889
0 0.03671875 0.6131944444444445 0.0453125 0.07916666666666666
0 0.0140625 0.6083333333333333 0.028125 0.09166666666666666
