0 0.144921875 0.5368055555555555 0.03046875 0.07916666666666666
0 0.15390625 0.6173611111111111 0.0453125 0.09583333333333334
0 0.221875 0.6208333333333333 0.04375 0.08611111111111111
0 0.25625 0.6222222222222222 0.0421875 0.08333333333333333
0 0.302734375 0.6208333333333333 0.03828125 0.08333333333333333
0 0.334375 0.6229166666666667 0.0375 0.08194444444444444
0 0.369921875 0.6229166666666667 0.03671875 0.08472222222222223
0 0.40390625 0.6243055555555556 0.0328125 0.08472222222222223
0 0.437109375 0.6243055555555556 0.03515625 0.0875
0 0.476171875 0.6208333333333333 0.03046875 0.08888888888888889
0 0.541796875 0.6256944444444444 0.02734375 0.09861111111111111
0 0.5765625 0.6256944444444444 0.028125 0.09305555555555556
0 0.615625 0.6236111111111111 0.028125 0.1
0 0.651171875 0.6277777777777778 0.02734375 0.09722222222222222
0 0.68671875 0.6291666666666667 0.0296875 0.08888888888888889
0 0.722265625 0.63125 0.02734375 0.08194444444444444
0 0.765625 0.6305555555555555 0.0265625 0.09166666666666666
0 0.80390625 0.6361111111111111 0.0296875 0.08333333333333333
0 0.840234375 0.6305555555555555 0.03828125 0.08888888888888889
0 0.8796875 0.6361111111111111 0.04375 0.09166666666666666
0 0.82890625 0.5458333333333333 0.059375 0.05277777777777778
0 0.9125 0.7895833333333333 0.078125 0.06805555555555555
0 0.919140625 0.8534722222222222 0.07890625 0.07083333333333333
0 0.779296875 0.7368055555555556 0.04296875 0.10416666666666667
0 0.72421875 0.7319444444444444 0.0359375 0.10277777777777777
0 0.748046875 0.9402777777777778 0.03984375 0.10277777777777777
0 0.594921875 0.7305555555555555 0.03359375 0.09444444444444444
0 0.506640625 0.7361111111111112 0.03203125 0.09722222222222222
0 0.430078125 0.7291666666666666 0.03046875 0.08888888888888889
0 0.55 0.9451388888888889 0.0375 0.08472222222222223
0 0.449609375 0.9416666666666667 0.03515625 0.08888888888888889
0 0.308984375 0.9381944444444444 0.03515625 0.09305555555555556
0 0.253125 0.9361111111111111 0.040625 0.09444444444444444
0 0.11796875 0.9340277777777778 0.046875 0.10138888888888889
0 0.138671875 0.7236111111111111 0.04921875 0.10277777777777777
0 0.1796875 0.7229166666666667 0.046875 0.09861111111111111
0 0.066796875 0.6152777777777778 0.04296875 0.08333333333333333
0 0.03515625 0.6138888888888889 0.040625 0.08611111111111111
0 0.0140625 0.6041666666666666 0.028125 0.07777777777777778
0 0.81796875 0.46805555555555556 0.0390625 0.08333333333333333
0 0.853125 0.4638888888888889 0.0296875 0.08055555555555556
0 0.982421875 0.5944444444444444 0.03046875 0.09166666666666666
0 0.94375 0.42986111111111114 0.0390625 0.07083333333333333
0 0.912890625 0.3111111111111111 0.03828125 0.06388888888888888
0 0.816796875 0.27708333333333335 0.03359375 0.06527777777777778
0 0.837109375 0.39444444444444443 0.03203125 0.06666666666666667
0 0.8046875 0.39444444444444443 0.034375 0.06666666666666667
0 0.73828125 0.3909722222222222 0.028125 0.06805555555555555
0 0.78046875 0.4618055555555556 0.034375 0.07361111111111111
0 0.747265625 0.46111111111111114 0.03046875 0.08055555555555556
0 0.71171875 0.4618055555555556 0.0296875 0.07361111111111111
0 0.709375 0.3958333333333333 0.0265625 0.07222222222222222
0 0.678125 0.3958333333333333 0.0265625 0.05277777777777778
0 0.678515625 0.4576388888888889 0.02578125 0.0763888888888889
0 0.645703125 0.45902777777777776 0.02734375 0.06527777777777778
0 0.644140625 0.39375 0.02578125 0.06805555555555555
0 0.6125 0.39652777777777776 0.025 0.059722222222222225
0 0.61640625 0.4618055555555556 0.025 0.0763888888888889
0 0.58359375 0.4625 0.0265625 0.08055555555555556
0 0.554296875 0.39166666666666666 0.02578125 0.06944444444444445
0 0.550390625 0.46041666666666664 0.02421875 0.06805555555555555
0 0.461328125 0.4618055555555556 0.02734375 0.06805555555555555
0 0.438671875 0.4 0.02578125 0.058333333333333334
0 0.4265625 0.4625 0.0328125 0.07222222222222222
0 0.396875 0.4625 0.03125 0.075
0 0.3671875 0.4638888888888889 0.0359375 0.08055555555555556
0 0.3515625 0.4041666666666667 0.034375 0.06666666666666667
0 0.29375 0.46875 0.0359375 0.0763888888888889
0 0.307421875 0.4027777777777778 0.03046875 0.06666666666666667
0 0.26171875 0.46597222222222223 0.0375 0.07361111111111111
0 0.17890625 0.46458333333333335 0.0359375 0.0763888888888889
0 0.092578125 0.4638888888888889 0.04296875 0.07777777777777778
0 0.041796875 0.4652777777777778 0.04140625 0.07777777777777778
0 0.278515625 0.4041666666666667 0.03046875 0.05277777777777778
0 0.251171875 0.40555555555555556 0.03203125 0.06388888888888888
0 0.222265625 0.4041666666666667 0.03203125 0.06944444444444445
0 0.19375 0.40208333333333335 0.0359375 0.0625
0 0.166015625 0.4076388888888889 0.03515625 0.07083333333333333
0 0.11875 0.4013888888888889 0.0390625 0.058333333333333334
0 0.0890625 0.4083333333333333 0.028125 0.05555555555555555
0 0.75546875 0.2798611111111111 0.0265625 0.06805555555555555
0 0.812109375 0.22708333333333333 0.02265625 0.05416666666666667
0 0.78671875 0.09513888888888888 0.021875 0.059722222222222225
0 0.75234375 0.22569444444444445 0.0234375 0.0625
0 0.722265625 0.22777777777777777 0.02265625 0.06388888888888888
0 0.69921875 0.27847222222222223 0.025 0.07361111111111111
0 0.66796875 0.2263888888888889 0.021875 0.05555555555555555
0 0.642578125 0.2791666666666667 0.02265625 0.07222222222222222
0 0.61875 0.23125 0.021875 0.05416666666666667
0 0.615625 0.27847222222222223 0.0234375 0.06805555555555555
0 0.587109375 0.2798611111111111 0.02734375 0.0625
0 0.559375 0.2791666666666667 0.0265625 0.07777777777777778
0 0.533203125 0.2847222222222222 0.02265625 0.06111111111111111
0 0.534765625 0.23125 0.02265625 0.059722222222222225
0 0.510546875 0.2361111111111111 0.02265625 0.06111111111111111
0 0.475 0.26666666666666666 0.0 0.0
0 0.485546875 0.23402777777777778 0.02109375 0.06527777777777778
0 0.4671875 0.32222222222222224 0.0 0.0
0 0.479296875 0.2881944444444444 0.02421875 0.06805555555555555
0 0.461328125 0.24166666666666667 0.02265625 0.05555555555555555
0 0.435546875 0.23958333333333334 0.03046875 0.0625
0 0.410546875 0.2423611111111111 0.02734375 0.05416666666666667
0 0.3765625 0.2916666666666667 0.028125 0.058333333333333334
0 0.334375 0.28958333333333336 0.034375 0.06527777777777778
0 0.31015625 0.29097222222222224 0.03125 0.06805555555555555
0 0.28359375 0.29097222222222224 0.03125 0.06805555555555555
0 0.258203125 0.29305555555555557 0.03203125 0.06388888888888888
0 0.234765625 0.2951388888888889 0.02890625 0.05694444444444444
0 0.208203125 0.2916666666666667 0.03046875 0.06388888888888888
0 0.091015625 0.3 0.03828125 0.05277777777777778
0 0.06953125 0.29583333333333334 0.028125 0.05277777777777778
0 0.04453125 0.29930555555555555 0.034375 0.0625
0 0.021484375 0.29583333333333334 0.03203125 0.05555555555555555
0 0.178125 0.23958333333333334 0.0296875 0.05694444444444444
0 0.199609375 0.24375 0.02421875 0.05694444444444444
0 0.225 0.23958333333333334 0.0265625 0.05416666666666667
0 0.249609375 0.2375 0.02421875 0.06111111111111111
0 0.0875 0.16875 0.0296875 0.05694444444444444
0 0.108984375 0.16527777777777777 0.02109375 0.04722222222222222
0 0.130859375 0.1638888888888889 0.03203125 0.05555555555555555
0 0.216015625 0.16111111111111112 0.03203125 0.05
0 0.25703125 0.15694444444444444 0.021875 0.05555555555555555
0 0.276953125 0.15625 0.02265625 0.05416666666666667
0 0.301953125 0.15208333333333332 0.02890625 0.04583333333333333
0 0.344921875 0.15555555555555556 0.02421875 0.05555555555555555
0 0.369921875 0.1527777777777778 0.02421875 0.058333333333333334
0 0.49609375 0.14930555555555555 0.0234375 0.05694444444444444
0 0.54453125 0.14375 0.0234375 0.05416666666666667
0 0.56875 0.1451388888888889 0.0203125 0.05138888888888889
0 0.591015625 0.14166666666666666 0.02109375 0.05555555555555555
0 0.617578125 0.1423611111111111 0.01953125 0.06805555555555555
0 0.666015625 0.14027777777777778 0.02265625 0.06111111111111111
0 0.74140625 0.1388888888888889 0.0234375 0.04722222222222222
0 0.66171875 0.1 0.021875 0.04722222222222222
0 0.637890625 0.10347222222222222 0.02265625 0.05138888888888889
0 0.5921875 0.10138888888888889 0.021875 0.05
0 0.4375 0.11736111111111111 0.025 0.04861111111111111
0 0.409765625 0.11597222222222223 0.02421875 0.04027777777777778
0 0.35234375 0.11527777777777778 0.0234375 0.03611111111111111
0 0.3328125 0.12152777777777778 0.0265625 0.04861111111111111
0 0.292578125 0.11875 0.02265625 0.04583333333333333
0 0.207421875 0.12361111111111112 0.03203125 0.044444444444444446
0 0.151953125 0.12430555555555556 0.02578125 0.04027777777777778
0 0.128125 0.13125 0.0265625 0.04027777777777778
0 0.107421875 0.1326388888888889 0.03046875 0.043055555555555555
0 0.015625 0.17569444444444443 0.0265625 0.034722222222222224
0 0.021875 0.1527777777777778 0.0296875 0.027777777777777776
0 0.03125 0.13958333333333334 0.034375 0.029166666666666667
0 0.03984375 0.12430555555555556 0.0359375 0.02638888888888889
0 0.05078125 0.10416666666666667 0.0390625 0.027777777777777776
0 0.062890625 0.08888888888888889 0.02265625 0.027777777777777776
0 0.077734375 0.06041666666666667 0.03671875 0.029166666666666667
0 0.108984375 0.013888888888888888 0.03203125 0.025
0 0.1625 0.0625 0.025 0.044444444444444446
0 0.1984375 0.058333333333333334 0.0265625 0.041666666666666664
0 0.218359375 0.05694444444444444 0.02421875 0.044444444444444446
0 0.193359375 0.027777777777777776 0.02578125 0.04722222222222222
0 0.2109375 0.02638888888888889 0.025 0.03888888888888889
0 0.3234375 0.021527777777777778 0.025 0.04027777777777778
0 0.334765625 0.05555555555555555 0.02421875 0.044444444444444446
0 0.360546875 0.01875 0.02109375 0.034722222222222224
0 0.381640625 0.019444444444444445 0.01953125 0.03611111111111111
0 0.44765625 0.04583333333333333 0.01875 0.04722222222222222
0 0.471484375 0.016666666666666666 0.02109375 0.03333333333333333
0 0.50859375 0.04791666666666667 0.021875 0.043055555555555555
0 0.57578125 0.03611111111111111 0.0203125 0.05277777777777778
0 0.61875 0.0375 0.01875 0.04722222222222222
0 0.640234375 0.029861111111111113 0.01953125 0.05138888888888889
0 0.68203125 0.03263888888888889 0.0234375 0.05138888888888889
0 0.816015625 0.027777777777777776 0.02421875 0.04722222222222222
0 0.51484375 0.011805555555555555 0.0234375 0.02361111111111111
0 0.9890625 0.7159722222222222 0.0203125 0.0763888888888889
0 0.1140625 0.24791666666666667 0.034375 0.04583333333333333
0 0.090234375 0.24722222222222223 0.03046875 0.044444444444444446
