0 0.0578125 0.7284722222222222 0.05 0.10138888888888889
0 0.094921875 0.7354166666666667 0.05234375 0.09861111111111111
0 0.1375 0.7263888888888889 0.046875 0.10555555555555556
0 0.175 0.7361111111111112 0.0453125 0.10555555555555556
0 0.255859375 0.7402777777777778 0.04609375 0.10833333333333334
0 0.30078125 0.7347222222222223 0.0390625 0.1
0 0.44609375 0.6888888888888889 0.0 0.0
0 0.428125 0.7361111111111112 0.0359375 0.09444444444444444
0 0.250390625 0.9465277777777777 0.04453125 0.09583333333333334
0 0.212109375 0.9270833333333334 0.03984375 0.10416666666666667
0 0.40078125 0.9548611111111112 0.040625 0.0875
0 0.4484375 0.9451388888888889 0.0421875 0.09305555555555556
0 0.903515625 0.7263888888888889 0.07578125 0.05277777777777778
0 0.918359375 0.7875 0.07265625 0.05555555555555555
0 0.932421875 0.8458333333333333 0.07109375 0.06111111111111111
0 0.952734375 0.9395833333333333 0.07578125 0.10416666666666667
0 0.88359375 0.6395833333333333 0.0390625 0.08472222222222223
0 0.725 0.7277777777777777 0.0390625 0.09722222222222222
0 0.59453125 0.7333333333333333 0.0375 0.10555555555555556
0 0.5125 0.73125 0.0328125 0.10972222222222222
0 0.5515625 0.7347222222222223 0.0328125 0.09166666666666666
0 0.80078125 0.6333333333333333 0.034375 0.10555555555555556
0 0.769921875 0.6347222222222222 0.03359375 0.10277777777777777
0 0.728515625 0.6277777777777778 0.03671875 0.10555555555555556
0 0.6890625 0.6326388888888889 0.034375 0.0875
0 0.654296875 0.6326388888888889 0.03046875 0.10138888888888889
0 0.613671875 0.6347222222222222 0.02890625 0.09722222222222222
0 0.57578125 0.6298611111111111 0.03125 0.09583333333333334
0 0.542578125 0.6291666666666667 0.02734375 0.09166666666666666
0 0.509375 0.6277777777777778 0.028125 0.09444444444444444
0 0.440234375 0.6291666666666667 0.03515625 0.09722222222222222
0 0.406640625 0.6222222222222222 0.03671875 0.10833333333333334
0 0.371875 0.6270833333333333 0.0390625 0.08472222222222223
0 0.33828125 0.6194444444444445 0.0375 0.09444444444444444
0 0.302734375 0.6243055555555556 0.03671875 0.09305555555555556
0 0.25390625 0.6215277777777778 0.040625 0.09861111111111111
0 0.216796875 0.6236111111111111 0.04453125 0.1
0 0.15390625 0.6222222222222222 0.0390625 0.08888888888888889
0 0.096484375 0.6180555555555556 0.04765625 0.08888888888888889
0 0.0625 0.6152777777777778 0.04375 0.09444444444444444
0 0.0296875 0.6097222222222223 0.0578125 0.1
0 0.958203125 0.47847222222222224 0.03671875 0.0763888888888889
0 0.942578125 0.40555555555555556 0.03671875 0.07777777777777778
0 0.92734375 0.3347222222222222 0.0375 0.06944444444444445
0 0.85078125 0.4673611111111111 0.034375 0.0875
0 0.835546875 0.4 0.03359375 0.08055555555555556
0 0.80390625 0.40208333333333335 0.0328125 0.07083333333333333
0 0.816796875 0.46875 0.03515625 0.07361111111111111
0 0.77109375 0.40208333333333335 0.0296875 0.07083333333333333
0 0.784765625 0.4618055555555556 0.03046875 0.08472222222222223
0 0.74609375 0.4638888888888889 0.03125 0.08611111111111111
0 0.707421875 0.4027777777777778 0.02578125 0.08055555555555556
0 0.677734375 0.3951388888888889 0.02265625 0.059722222222222225
0 0.68203125 0.4638888888888889 0.034375 0.09722222222222222
0 0.647265625 0.39444444444444443 0.02578125 0.07777777777777778
0 0.6484375 0.4638888888888889 0.028125 0.07222222222222222
0 0.61875 0.4618055555555556 0.0296875 0.08472222222222223
0 0.5859375 0.4618055555555556 0.0265625 0.07916666666666666
0 0.554296875 0.40069444444444446 0.02421875 0.059722222222222225
0 0.553515625 0.46111111111111114 0.02578125 0.08611111111111111
0 0.524609375 0.4666666666666667 0.02890625 0.08333333333333333
0 0.491015625 0.4652777777777778 0.02265625 0.08333333333333333
0 0.47109375 0.4263888888888889 0.0 0.0
0 0.458203125 0.46805555555555556 0.02578125 0.08333333333333333
0 0.53671875 0.36527777777777776 0.0 0.0
0 0.5234375 0.39861111111111114 0.0265625 0.06111111111111111
0 0.49375 0.40069444444444446 0.0203125 0.05138888888888889
0 0.4640625 0.4 0.0234375 0.06111111111111111
0 0.4375 0.40069444444444446 0.028125 0.07916666666666666
0 0.406640625 0.39861111111111114 0.02890625 0.06388888888888888
0 0.3828125 0.39652777777777776 0.0328125 0.06527777777777778
0 0.39921875 0.4652777777777778 0.0296875 0.08333333333333333
0 0.36875 0.4673611111111111 0.0328125 0.0875
0 0.339453125 0.4625 0.03359375 0.07777777777777778
0 0.2921875 0.4652777777777778 0.0375 0.08055555555555556
0 0.28125 0.4041666666666667 0.0359375 0.06388888888888888
0 0.2671875 0.36527777777777776 0.0 0.0
0 0.25078125 0.4027777777777778 0.0328125 0.06111111111111111
0 0.233203125 0.4618055555555556 0.03359375 0.07083333333333333
0 0.259765625 0.46458333333333335 0.03515625 0.07916666666666666
0 0.1984375 0.4076388888888889 0.034375 0.06527777777777778
0 0.2046875 0.4625 0.0328125 0.07777777777777778
0 0.121875 0.46597222222222223 0.0421875 0.08194444444444444
0 0.13359375 0.37083333333333335 0.0 0.0
0 0.11484375 0.40208333333333335 0.0375 0.0625
0 0.09296875 0.46597222222222223 0.0421875 0.0763888888888889
0 0.0828125 0.4166666666666667 0.0 0.0
0 0.0640625 0.4597222222222222 0.0375 0.08611111111111111
0 0.040625 0.4048611111111111 0.0375 0.05694444444444444
0 0.01328125 0.4027777777777778 0.0265625 0.06111111111111111
0 0.01796875 0.46875 0.0359375 0.08472222222222223
0 0.81640625 0.28194444444444444 0.028125 0.06388888888888888
0 0.81015625 0.225 0.028125 0.04722222222222222
0 0.783203125 0.22847222222222222 0.02734375 0.059722222222222225
0 0.755078125 0.22430555555555556 0.02421875 0.059722222222222225
0 0.760546875 0.28125 0.02578125 0.06805555555555555
0 0.723828125 0.21944444444444444 0.02734375 0.05555555555555555
0 0.7296875 0.27847222222222223 0.025 0.06805555555555555
0 0.703125 0.2777777777777778 0.025 0.06944444444444445
0 0.67265625 0.22847222222222222 0.021875 0.05694444444444444
0 0.670703125 0.27708333333333335 0.02109375 0.06527777777777778
0 0.64609375 0.22569444444444445 0.021875 0.04861111111111111
0 0.64375 0.275 0.021875 0.075
0 0.616015625 0.2263888888888889 0.02421875 0.05555555555555555
0 0.615234375 0.27708333333333335 0.02109375 0.07361111111111111
0 0.5609375 0.2798611111111111 0.0203125 0.07083333333333333
0 0.538671875 0.23541666666666666 0.02578125 0.05416666666666667
0 0.53515625 0.2875 0.025 0.06111111111111111
0 0.482421875 0.2861111111111111 0.02734375 0.058333333333333334
0 0.458203125 0.28680555555555554 0.02578125 0.06527777777777778
0 0.43203125 0.2875 0.0265625 0.07222222222222222
0 0.4109375 0.23541666666666666 0.0265625 0.0625
0 0.404296875 0.2881944444444444 0.02734375 0.07083333333333333
0 0.34921875 0.24166666666666667 0.03125 0.05277777777777778
0 0.3203125 0.24097222222222223 0.0265625 0.04861111111111111
0 0.31171875 0.28888888888888886 0.03125 0.06944444444444445
0 0.283984375 0.2881944444444444 0.02890625 0.0625
0 0.248046875 0.23958333333333334 0.03046875 0.05138888888888889
0 0.235546875 0.29097222222222224 0.02890625 0.06805555555555555
0 0.20390625 0.2423611111111111 0.0328125 0.0625
0 0.176953125 0.24375 0.03203125 0.05694444444444444
0 0.155078125 0.24444444444444444 0.03203125 0.05277777777777778
0 0.13828125 0.2923611111111111 0.0328125 0.06805555555555555
0 0.088671875 0.25 0.03515625 0.05277777777777778
0 0.065625 0.25069444444444444 0.0296875 0.04861111111111111
0 0.040234375 0.2534722222222222 0.03203125 0.04583333333333333
0 0.06484375 0.2951388888888889 0.0296875 0.059722222222222225
0 0.04140625 0.2986111111111111 0.0359375 0.06666666666666667
0 0.0203125 0.29444444444444445 0.0359375 0.06666666666666667
0 0.10703125 0.1638888888888889 0.0296875 0.05277777777777778
0 0.013671875 0.17916666666666667 0.02734375 0.03333333333333333
0 0.02734375 0.14166666666666666 0.0375 0.03888888888888889
0 0.081640625 0.04861111111111111 0.03515625 0.03333333333333333
0 0.09453125 0.02638888888888889 0.0328125 0.03333333333333333
0 0.141796875 0.06111111111111111 0.02578125 0.041666666666666664
0 0.130859375 0.16527777777777777 0.02734375 0.04722222222222222
0 0.191796875 0.15833333333333333 0.02890625 0.05
0 0.276953125 0.15347222222222223 0.02734375 0.05694444444444444
0 0.299609375 0.15208333333333332 0.02421875 0.05416666666666667
0 0.321875 0.15555555555555556 0.0265625 0.04722222222222222
0 0.347265625 0.15208333333333332 0.02265625 0.04861111111111111
0 0.369921875 0.15347222222222223 0.02109375 0.059722222222222225
0 0.404296875 0.1527777777777778 0.02109375 0.05
0 0.450390625 0.15208333333333332 0.02265625 0.05694444444444444
0 0.545703125 0.1451388888888889 0.01953125 0.0625
0 0.1015625 0.13125 0.0296875 0.043055555555555555
0 0.1265625 0.125 0.0234375 0.03888888888888889
0 0.148046875 0.12708333333333333 0.03359375 0.043055555555555555
0 0.203125 0.10416666666666667 0.0 0.0
0 0.187109375 0.12361111111111112 0.03203125 0.03888888888888889
0 0.207421875 0.12430555555555556 0.03046875 0.034722222222222224
0 0.249609375 0.11875 0.02890625 0.04583333333333333
0 0.291796875 0.1125 0.03046875 0.03611111111111111
0 0.31640625 0.11041666666666666 0.0203125 0.043055555555555555
0 0.3359375 0.11527777777777778 0.021875 0.03888888888888889
0 0.38125 0.11388888888888889 0.0265625 0.05
0 0.433984375 0.11597222222222223 0.02109375 0.04861111111111111
0 0.45703125 0.10833333333333334 0.01875 0.05
0 0.479296875 0.11388888888888889 0.02109375 0.05277777777777778
0 0.502734375 0.11180555555555556 0.01796875 0.05138888888888889
0 0.52421875 0.10972222222222222 0.021875 0.05
0 0.569140625 0.14305555555555555 0.01953125 0.058333333333333334
0 0.595703125 0.09444444444444444 0.01953125 0.05555555555555555
0 0.59609375 0.14305555555555555 0.0171875 0.05555555555555555
0 0.61875 0.10208333333333333 0.0203125 0.05416666666666667
0 0.69140625 0.09861111111111111 0.01875 0.05277777777777778
0 0.715234375 0.09097222222222222 0.01484375 0.05416666666666667
0 0.740234375 0.13472222222222222 0.01953125 0.06111111111111111
0 0.159375 0.06111111111111111 0.0234375 0.044444444444444446
0 0.178125 0.059722222222222225 0.0234375 0.03888888888888889
0 0.20078125 0.05625 0.025 0.043055555555555555
0 0.15390625 0.030555555555555555 0.028125 0.027777777777777776
0 0.1734375 0.029166666666666667 0.025 0.030555555555555555
0 0.210546875 0.024305555555555556 0.02578125 0.029166666666666667
0 0.234765625 0.05416666666666667 0.02421875 0.03611111111111111
0 0.252734375 0.05138888888888889 0.02265625 0.044444444444444446
0 0.244921875 0.018055555555555554 0.02578125 0.03611111111111111
0 0.26953125 0.016666666666666666 0.01875 0.03333333333333333
0 0.273828125 0.05 0.02109375 0.044444444444444446
0 0.29375 0.04791666666666667 0.0265625 0.043055555555555555
0 0.333203125 0.04861111111111111 0.02421875 0.04722222222222222
0 0.353515625 0.04722222222222222 0.02109375 0.044444444444444446
0 0.373828125 0.05138888888888889 0.02109375 0.041666666666666664
0 0.428515625 0.04513888888888889 0.02109375 0.043055555555555555
0 0.449609375 0.04097222222222222 0.01953125 0.04583333333333333
0 0.470703125 0.041666666666666664 0.01953125 0.03611111111111111
0 0.476171875 0.013194444444444444 0.01640625 0.02638888888888889
0 0.512109375 0.03819444444444445 0.01953125 0.04861111111111111
0 0.553125 0.03611111111111111 0.0203125 0.05277777777777778
0 0.57421875 0.034027777777777775 0.01875 0.05138888888888889
0 0.5953125 0.034027777777777775 0.0171875 0.04861111111111111
0 0.728125 0.02638888888888889 0.0171875 0.04722222222222222
0 0.7515625 0.022916666666666665 0.0171875 0.04583333333333333
0 0.775 0.024305555555555556 0.0203125 0.04861111111111111
0 0.795703125 0.021527777777777778 0.01796875 0.043055555555555555
0 0.841796875 0.021527777777777778 0.02109375 0.043055555555555555
0 0.798046875 0.13125 0.02265625 0.05694444444444444
0 0.54765625 0.9541666666666667 0.0359375 0.08888888888888889
0 0.498046875 0.9534722222222223 0.03515625 0.0875
0 0.64765625 0.9534722222222223 0.0375 0.09027777777777778
0 0.704296875 0.9576388888888889 0.03203125 0.08194444444444444
0 0.866015625 0.01875 0.02109375 0.0375
0 0.662890625 0.013194444444444444 0.01953125 0.02638888888888889
0 0.70390625 0.009722222222222222 0.01875 0.019444444444444445
