0 0.259765625 0.2902777777777778 0.03515625 0.06666666666666667
0 0.3109375 0.28888888888888886 0.0359375 0.06666666666666667
0 0.336328125 0.29097222222222224 0.03359375 0.0625
0 0.3765625 0.2875 0.0328125 0.06388888888888888
0 0.404296875 0.2881944444444444 0.02734375 0.059722222222222225
0 0.430078125 0.2902777777777778 0.02578125 0.06388888888888888
0 0.50625 0.28680555555555554 0.025 0.05416666666666667
0 0.5609375 0.28194444444444444 0.025 0.05277777777777778
0 0.61796875 0.2826388888888889 0.025 0.059722222222222225
0 0.673046875 0.28125 0.02734375 0.05416666666666667
0 0.701171875 0.27847222222222223 0.02734375 0.05138888888888889
0 0.78671875 0.27708333333333335 0.03125 0.05416666666666667
0 0.81640625 0.2743055555555556 0.0359375 0.0625
0 0.19765625 0.40069444444444446 0.0421875 0.059722222222222225
0 0.223046875 0.3993055555555556 0.04140625 0.0625
0 0.249609375 0.4013888888888889 0.03828125 0.06388888888888888
0 0.281640625 0.4013888888888889 0.03984375 0.058333333333333334
0 0.312890625 0.4027777777777778 0.03671875 0.06111111111111111
0 0.350390625 0.40208333333333335 0.03515625 0.05694444444444444
0 0.375390625 0.4013888888888889 0.03515625 0.06111111111111111
0 0.409765625 0.3958333333333333 0.03359375 0.058333333333333334
0 0.436328125 0.39791666666666664 0.03359375 0.05694444444444444
0 0.465234375 0.39652777777777776 0.03515625 0.0625
0 0.521875 0.39652777777777776 0.03125 0.059722222222222225
0 0.709375 0.38958333333333334 0.0359375 0.07361111111111111
0 0.741015625 0.39166666666666666 0.03203125 0.06944444444444445
0 0.7734375 0.39166666666666666 0.0375 0.075
0 0.839453125 0.39166666666666666 0.03671875 0.06666666666666667
0 0.176171875 0.4618055555555556 0.03671875 0.07916666666666666
0 0.205078125 0.4638888888888889 0.04453125 0.08055555555555556
0 0.232421875 0.4597222222222222 0.03984375 0.08333333333333333
0 0.26015625 0.4673611111111111 0.040625 0.07916666666666666
0 0.291015625 0.4652777777777778 0.03671875 0.08055555555555556
0 0.335546875 0.46875 0.03046875 0.08472222222222223
0 0.3671875 0.4666666666666667 0.0421875 0.08333333333333333
0 0.39453125 0.46805555555555556 0.0375 0.07777777777777778
0 0.42734375 0.4638888888888889 0.0375 0.08333333333333333
0 0.456640625 0.46805555555555556 0.03046875 0.075
0 0.48984375 0.46805555555555556 0.0328125 0.075
0 0.51875 0.46875 0.0328125 0.07083333333333333
0 0.55234375 0.46597222222222223 0.0265625 0.07083333333333333
0 0.582421875 0.4673611111111111 0.03203125 0.07083333333333333
0 0.613671875 0.4666666666666667 0.02890625 0.07222222222222222
0 0.646875 0.4638888888888889 0.03125 0.07222222222222222
0 0.68046875 0.4673611111111111 0.03125 0.07083333333333333
0 0.71171875 0.4652777777777778 0.0359375 0.06666666666666667
0 0.74609375 0.46597222222222223 0.0328125 0.07361111111111111
0 0.77890625 0.46319444444444446 0.0390625 0.07361111111111111
0 0.812109375 0.46597222222222223 0.03515625 0.06805555555555555
0 0.121875 0.6152777777777778 0.0453125 0.08333333333333333
0 0.1515625 0.6180555555555556 0.0453125 0.07777777777777778
0 0.187109375 0.61875 0.04453125 0.07916666666666666
0 0.219140625 0.6166666666666667 0.04140625 0.07777777777777778
0 0.2515625 0.6222222222222222 0.0421875 0.075
0 0.30234375 0.61875 0.0390625 0.07083333333333333
0 0.33671875 0.6166666666666667 0.040625 0.07777777777777778
0 0.37265625 0.6201388888888889 0.0484375 0.08472222222222223
0 0.405078125 0.6201388888888889 0.04140625 0.07916666666666666
0 0.438671875 0.6236111111111111 0.04140625 0.08055555555555556
0 0.47109375 0.6222222222222222 0.0359375 0.08055555555555556
0 0.506640625 0.6243055555555556 0.03671875 0.0875
0 0.54140625 0.6208333333333333 0.0375 0.07777777777777778
0 0.57890625 0.6222222222222222 0.0359375 0.08611111111111111
0 0.6140625 0.6201388888888889 0.0359375 0.08194444444444444
0 0.651953125 0.6256944444444444 0.03671875 0.08194444444444444
0 0.689453125 0.6277777777777778 0.04140625 0.08333333333333333
0 0.7265625 0.6256944444444444 0.0421875 0.08194444444444444
0 0.7640625 0.625 0.040625 0.08888888888888889
0 0.801171875 0.6277777777777778 0.04453125 0.09166666666666666
0 0.837109375 0.6236111111111111 0.04140625 0.08888888888888889
0 0.875 0.6215277777777778 0.0484375 0.0875
0 0.059375 0.7333333333333333 0.053125 0.075
0 0.1375 0.7388888888888889 0.0546875 0.08611111111111111
0 0.25703125 0.7368055555555556 0.053125 0.0875
0 0.300390625 0.7354166666666667 0.05234375 0.07916666666666666
0 0.510546875 0.7479166666666667 0.04609375 0.0875
0 0.30234375 0.9444444444444444 0.040625 0.10555555555555556
0 0.249609375 0.9458333333333333 0.04453125 0.10555555555555556
0 0.209765625 0.9291666666666667 0.04296875 0.1111111111111111
0 0.159375 0.94375 0.0421875 0.09305555555555556
0 0.54453125 0.9541666666666667 0.034375 0.08888888888888889
0 0.70078125 0.9583333333333334 0.03125 0.08055555555555556
0 0.9 0.7333333333333333 0.071875 0.06666666666666667
0 0.9140625 0.7875 0.075 0.06111111111111111
0 0.927734375 0.8486111111111111 0.07734375 0.06111111111111111
0 0.954296875 0.9416666666666667 0.05703125 0.10833333333333334
0 0.982421875 0.6034722222222222 0.03359375 0.10694444444444444
0 0.95625 0.48125 0.0375 0.0763888888888889
0 0.940625 0.41388888888888886 0.034375 0.07222222222222222
0 0.9203125 0.33194444444444443 0.034375 0.07777777777777778
0 0.595703125 0.7326388888888888 0.03515625 0.10416666666666667
0 0.7234375 0.7319444444444444 0.0359375 0.10277777777777777
0 0.78046875 0.7326388888888888 0.0375 0.0875
0 0.066015625 0.6166666666666667 0.05078125 0.08333333333333333
0 0.03359375 0.6145833333333334 0.0484375 0.09305555555555556
0 0.0125 0.6138888888888889 0.025 0.07777777777777778
0 0.147265625 0.4652777777777778 0.03828125 0.06666666666666667
0 0.12109375 0.46319444444444446 0.0359375 0.06527777777777778
0 0.09453125 0.4618055555555556 0.0390625 0.08194444444444444
0 0.068359375 0.4625 0.03671875 0.06666666666666667
0 0.043359375 0.46319444444444446 0.03828125 0.07083333333333333
0 0.019140625 0.4618055555555556 0.03671875 0.08472222222222223
0 0.015625 0.40555555555555556 0.03125 0.06388888888888888
0 0.037890625 0.40208333333333335 0.03984375 0.059722222222222225
0 0.0640625 0.4041666666666667 0.0359375 0.06388888888888888
0 0.091796875 0.4027777777777778 0.04140625 0.06388888888888888
0 0.112890625 0.4 0.03359375 0.05277777777777778
0 0.141796875 0.39791666666666664 0.03203125 0.07361111111111111
0 0.166015625 0.40347222222222223 0.03515625 0.06527777777777778
0 0.721875 0.22430555555555556 0.021875 0.05416666666666667
0 0.66953125 0.23125 0.025 0.059722222222222225
0 0.34921875 0.2361111111111111 0.03125 0.05277777777777778
0 0.29765625 0.23680555555555555 0.0328125 0.06805555555555555
0 0.2703125 0.23958333333333334 0.03125 0.0625
0 0.21015625 0.29375 0.0328125 0.05694444444444444
0 0.161328125 0.2881944444444444 0.03828125 0.07083333333333333
0 0.134765625 0.24166666666666667 0.03203125 0.05277777777777778
0 0.116015625 0.29444444444444445 0.03515625 0.05555555555555555
0 0.089453125 0.2972222222222222 0.03359375 0.06388888888888888
0 0.067578125 0.29375 0.03515625 0.059722222222222225
0 0.044140625 0.29375 0.03515625 0.059722222222222225
0 0.02109375 0.2951388888888889 0.0375 0.06527777777777778
0 0.044140625 0.24375 0.03046875 0.04583333333333333
0 0.06640625 0.2465277777777778 0.0375 0.043055555555555555
0 0.37109375 0.1527777777777778 0.0296875 0.06388888888888888
0 0.425390625 0.1486111111111111 0.02265625 0.05
0 0.4953125 0.1486111111111111 0.0203125 0.05555555555555555
0 0.66328125 0.09861111111111111 0.0203125 0.044444444444444446
0 0.61640625 0.10069444444444445 0.021875 0.05416666666666667
0 0.478515625 0.1111111111111111 0.02421875 0.04722222222222222
0 0.4125 0.11319444444444444 0.028125 0.05416666666666667
0 0.310546875 0.12013888888888889 0.02890625 0.04583333333333333
0 0.250390625 0.11875 0.02734375 0.05416666666666667
0 0.188671875 0.12152777777777778 0.02890625 0.04583333333333333
0 0.17109375 0.15833333333333333 0.028125 0.05555555555555555
0 0.1671875 0.12013888888888889 0.028125 0.05416666666666667
0 0.128125 0.125 0.0296875 0.05
0 0.105859375 0.1284722222222222 0.02890625 0.04583333333333333
0 0.0875 0.16666666666666666 0.0296875 0.044444444444444446
0 0.1109375 0.15902777777777777 0.028125 0.05416666666666667
0 0.13125 0.15833333333333333 0.0296875 0.05
0 0.057421875 0.09513888888888888 0.03515625 0.029166666666666667
0 0.06953125 0.07569444444444444 0.034375 0.02638888888888889
0 0.091015625 0.034027777777777775 0.03828125 0.03194444444444444
0 0.10078125 0.018055555555555554 0.034375 0.022222222222222223
0 0.109375 0.011111111111111112 0.0296875 0.022222222222222223
0 0.153125 0.03125 0.0234375 0.034722222222222224
0 0.173828125 0.030555555555555555 0.02265625 0.03888888888888889
0 0.18125 0.06180555555555556 0.0234375 0.04583333333333333
0 0.27421875 0.05138888888888889 0.028125 0.03888888888888889
0 0.283984375 0.016666666666666666 0.01953125 0.030555555555555555
0 0.302734375 0.019444444444444445 0.02265625 0.03888888888888889
0 0.320703125 0.017361111111111112 0.02265625 0.034722222222222224
0 0.310546875 0.049305555555555554 0.02421875 0.043055555555555555
0 0.333984375 0.049305555555555554 0.02265625 0.043055555555555555
0 0.433984375 0.013888888888888888 0.02265625 0.027777777777777776
0 0.42890625 0.04513888888888889 0.0203125 0.043055555555555555
0 0.615234375 0.03194444444444444 0.02265625 0.05277777777777778
0 0.640234375 0.029166666666666667 0.01953125 0.05
0 0.77109375 0.025 0.025 0.04722222222222222
0 0.021875 0.7263888888888889 0.04375 0.09444444444444444
0 0.8609375 0.019444444444444445 0.028125 0.03888888888888889
