0 0.23515625 0.2881944444444444 0.0359375 0.0625
0 0.48125 0.28888888888888886 0.028125 0.06111111111111111
0 0.61796875 0.2826388888888889 0.025 0.059722222222222225
0 0.701171875 0.27847222222222223 0.02734375 0.05138888888888889
0 0.7609375 0.27708333333333335 0.028125 0.0625
0 0.78671875 0.27708333333333335 0.03125 0.05416666666666667
0 0.81640625 0.2743055555555556 0.0359375 0.0625
0 0.19765625 0.40069444444444446 0.0421875 0.059722222222222225
0 0.375390625 0.4013888888888889 0.03515625 0.06111111111111111
0 0.465234375 0.39652777777777776 0.03515625 0.0625
0 0.61328125 0.39305555555555555 0.034375 0.06388888888888888
0 0.176171875 0.4618055555555556 0.03671875 0.07916666666666666
0 0.205078125 0.4638888888888889 0.04453125 0.08055555555555556
0 0.26015625 0.4673611111111111 0.040625 0.07916666666666666
0 0.291015625 0.4652777777777778 0.03671875 0.08055555555555556
0 0.335546875 0.46875 0.03046875 0.08472222222222223
0 0.3671875 0.4666666666666667 0.0421875 0.08333333333333333
0 0.39453125 0.46805555555555556 0.0375 0.07777777777777778
0 0.456640625 0.46805555555555556 0.03046875 0.075
0 0.582421875 0.4673611111111111 0.03203125 0.07083333333333333
0 0.646875 0.4638888888888889 0.03125 0.07222222222222222
0 0.71171875 0.4652777777777778 0.0359375 0.06666666666666667
0 0.74609375 0.46597222222222223 0.0328125 0.07361111111111111
0 0.812109375 0.46597222222222223 0.03515625 0.06805555555555555
0 0.8484375 0.4597222222222222 0.0421875 0.075
0 0.121875 0.6152777777777778 0.0453125 0.08333333333333333
0 0.187109375 0.61875 0.04453125 0.07916666666666666
0 0.219140625 0.6166666666666667 0.04140625 0.07777777777777778
0 0.2515625 0.6222222222222222 0.0421875 0.075
0 0.30234375 0.61875 0.0390625 0.07083333333333333
0 0.33671875 0.6166666666666667 0.040625 0.07777777777777778
0 0.37265625 0.6201388888888889 0.0484375 0.08472222222222223
0 0.405078125 0.6201388888888889 0.04140625 0.07916666666666666
0 0.438671875 0.6236111111111111 0.04140625 0.08055555555555556
0 0.54140625 0.6208333333333333 0.0375 0.07777777777777778
0 0.6140625 0.6201388888888889 0.0359375 0.08194444444444444
0 0.837109375 0.6236111111111111 0.04140625 0.08888888888888889
0 0.875 0.6215277777777778 0.0484375 0.0875
0 0.1765625 0.7388888888888889 0.059375 0.08888888888888889
0 0.25703125 0.7368055555555556 0.053125 0.0875
0 0.031640625 0.7236111111111111 0.05078125 0.10555555555555556
0 0.12109375 0.9305555555555556 0.0484375 0.1111111111111111
0 0.1625 0.9347222222222222 0.0453125 0.09166666666666666
0 0.21171875 0.9277777777777778 0.053125 0.11666666666666667
0 0.253125 0.9298611111111111 0.0453125 0.1125
0 0.398828125 0.9486111111111111 0.04140625 0.1
0 0.498046875 0.9520833333333333 0.03359375 0.09305555555555556
0 0.54453125 0.9520833333333333 0.0390625 0.09305555555555556
0 0.95390625 0.9506944444444444 0.0734375 0.09583333333333334
0 0.91796875 0.8555555555555555 0.0765625 0.05555555555555555
0 0.910546875 0.7944444444444444 0.08359375 0.06666666666666667
0 0.899609375 0.7340277777777777 0.07421875 0.059722222222222225
0 0.725390625 0.7270833333333333 0.04296875 0.10972222222222222
0 0.937890625 0.40069444444444446 0.03828125 0.07083333333333333
0 0.95625 0.46944444444444444 0.0390625 0.07222222222222222
0 0.06796875 0.6083333333333333 0.0484375 0.09444444444444444
0 0.037109375 0.6034722222222222 0.04453125 0.09027777777777778
0 0.014453125 0.6069444444444444 0.02890625 0.09166666666666666
0 0.021484375 0.45625 0.04296875 0.08194444444444444
0 0.669921875 0.22569444444444445 0.03046875 0.06805555555555555
0 0.544140625 0.14166666666666666 0.02578125 0.05277777777777778
0 0.525 0.1076388888888889 0.0234375 0.05138888888888889
0 0.703515625 0.024305555555555556 0.02109375 0.04861111111111111
0 0.638671875 0.02638888888888889 0.02109375 0.05277777777777778
0 0.5953125 0.03125 0.0203125 0.05416666666666667
0 0.575 0.03611111111111111 0.0203125 0.044444444444444446
0 0.5546875 0.015277777777777777 0.0203125 0.030555555555555555
0 0.530859375 0.03611111111111111 0.02265625 0.05277777777777778
0 0.5140625 0.011111111111111112 0.0171875 0.022222222222222223
0 0.473828125 0.016666666666666666 0.01953125 0.03333333333333333
0 0.437109375 0.0125 0.02421875 0.025
0 0.446484375 0.04236111111111111 0.01953125 0.04583333333333333
0 0.412109375 0.11666666666666667 0.02734375 0.05
0 0.48359375 0.10694444444444444 0.021875 0.05
0 0.354296875 0.11527777777777778 0.02890625 0.044444444444444446
0 0.29140625 0.11736111111111111 0.0265625 0.04583333333333333
0 0.25 0.11736111111111111 0.028125 0.04027777777777778
0 0.16953125 0.39791666666666664 0.0359375 0.06527777777777778
0 0.1875 0.28680555555555554 0.0328125 0.059722222222222225
0 0.250390625 0.2375 0.03203125 0.05277777777777778
0 0.321875 0.23680555555555555 0.0296875 0.0625
0 0.212109375 0.11944444444444445 0.02890625 0.05
0 0.155859375 0.15555555555555556 0.03359375 0.04722222222222222
0 0.160546875 0.2375 0.03359375 0.05277777777777778
0 0.13515625 0.2361111111111111 0.034375 0.05555555555555555
0 0.13984375 0.2875 0.0375 0.06111111111111111
0 0.090625 0.2916666666666667 0.034375 0.05555555555555555
0 0.04453125 0.25 0.034375 0.04722222222222222
0 0.022265625 0.29305555555555557 0.03515625 0.05555555555555555
0 0.015625 0.17430555555555555 0.03125 0.03194444444444444
0 0.020703125 0.15555555555555556 0.04140625 0.027777777777777776
0 0.048828125 0.1111111111111111 0.03984375 0.03611111111111111
0 0.076171875 0.06180555555555556 0.03828125 0.02638888888888889
0 0.088671875 0.03611111111111111 0.03671875 0.025
0 0.103515625 0.024305555555555556 0.03515625 0.03194444444444444
0 0.091796875 0.1638888888888889 0.03359375 0.04722222222222222
0 0.10625 0.12430555555555556 0.0265625 0.03194444444444444
0 0.127734375 0.12708333333333333 0.02890625 0.043055555555555555
0 0.147265625 0.12638888888888888 0.03359375 0.044444444444444446
0 0.14140625 0.06041666666666667 0.0296875 0.04861111111111111
0 0.162890625 0.058333333333333334 0.01953125 0.041666666666666664
0 0.180859375 0.05694444444444444 0.02421875 0.041666666666666664
0 0.21484375 0.05277777777777778 0.0265625 0.041666666666666664
0 0.277734375 0.04722222222222222 0.02578125 0.03888888888888889
0 0.294921875 0.04861111111111111 0.02734375 0.044444444444444446
0 0.307421875 0.013194444444444444 0.01953125 0.02638888888888889
0 0.333203125 0.04583333333333333 0.02734375 0.044444444444444446
0 0.34296875 0.010416666666666666 0.0203125 0.020833333333333332
0 0.363671875 0.013888888888888888 0.01953125 0.027777777777777776
0 0.35546875 0.04513888888888889 0.0203125 0.04861111111111111
0 0.00859375 0.19375 0.0171875 0.03194444444444444
0 0.39453125 0.04513888888888889 0.0203125 0.04861111111111111
