0 0.308984375 0.9479166666666666 0.04453125 0.09861111111111111
0 0.253515625 0.9506944444444444 0.04453125 0.09583333333333334
0 0.21640625 0.9222222222222223 0.0375 0.10555555555555556
0 0.16796875 0.93125 0.04375 0.08194444444444444
0 0.40390625 0.9534722222222223 0.04375 0.09027777777777778
0 0.453515625 0.9479166666666666 0.04453125 0.10138888888888889
0 0.748046875 0.9472222222222222 0.03828125 0.10277777777777777
0 0.731640625 0.7263888888888889 0.03828125 0.1
0 0.8984375 0.7305555555555555 0.075 0.058333333333333334
0 0.91484375 0.79375 0.071875 0.07083333333333333
0 0.939453125 0.8652777777777778 0.08203125 0.05555555555555555
0 0.95546875 0.9618055555555556 0.0703125 0.07361111111111111
0 0.59765625 0.7284722222222222 0.034375 0.10138888888888889
0 0.98671875 0.6270833333333333 0.025 0.10138888888888889
0 0.975 0.5423611111111111 0.0421875 0.08194444444444444
0 0.9546875 0.46458333333333335 0.0390625 0.06805555555555555
0 0.937109375 0.40069444444444446 0.03984375 0.07916666666666666
0 0.9203125 0.3388888888888889 0.034375 0.07222222222222222
0 0.85390625 0.46875 0.0390625 0.08472222222222223
0 0.880078125 0.6340277777777777 0.04140625 0.09027777777777778
0 0.842578125 0.6319444444444444 0.04296875 0.09444444444444444
0 0.512890625 0.7263888888888889 0.03359375 0.10555555555555556
0 0.46953125 0.73125 0.034375 0.09861111111111111
0 0.42890625 0.7333333333333333 0.0359375 0.09166666666666666
0 0.298828125 0.7270833333333333 0.04140625 0.09583333333333334
0 0.26171875 0.7270833333333333 0.0453125 0.1125
0 0.177734375 0.7236111111111111 0.04296875 0.10277777777777777
0 0.139453125 0.7215277777777778 0.04609375 0.10972222222222222
0 0.059375 0.7236111111111111 0.053125 0.10277777777777777
0 0.025390625 0.7277777777777777 0.04453125 0.1
0 0.80625 0.6333333333333333 0.0390625 0.09166666666666666
0 0.7671875 0.6305555555555555 0.0328125 0.09444444444444444
0 0.725390625 0.6277777777777778 0.03046875 0.08611111111111111
0 0.689453125 0.6243055555555556 0.03203125 0.0875
0 0.654296875 0.6208333333333333 0.03359375 0.08888888888888889
0 0.6171875 0.6222222222222222 0.0265625 0.08888888888888889
0 0.5796875 0.6236111111111111 0.0296875 0.08333333333333333
0 0.507421875 0.6263888888888889 0.02734375 0.09444444444444444
0 0.471875 0.6229166666666667 0.0328125 0.09861111111111111
0 0.437890625 0.6256944444444444 0.02890625 0.0875
0 0.402734375 0.6243055555555556 0.03515625 0.08472222222222223
0 0.370703125 0.6236111111111111 0.03203125 0.08611111111111111
0 0.335546875 0.61875 0.03515625 0.08472222222222223
0 0.301171875 0.6208333333333333 0.03828125 0.08333333333333333
0 0.25546875 0.6208333333333333 0.040625 0.08611111111111111
0 0.2234375 0.6222222222222222 0.0421875 0.09722222222222222
0 0.18984375 0.6166666666666667 0.040625 0.08333333333333333
0 0.159375 0.6159722222222223 0.0421875 0.08194444444444444
0 0.1265625 0.61875 0.0390625 0.08472222222222223
0 0.096875 0.6152777777777778 0.0390625 0.08333333333333333
0 0.06484375 0.6145833333333334 0.0484375 0.09305555555555556
0 0.034765625 0.6090277777777777 0.04609375 0.09583333333333334
0 0.012890625 0.6118055555555556 0.02578125 0.09305555555555556
0 0.837109375 0.3958333333333333 0.03515625 0.06388888888888888
0 0.8046875 0.39652777777777776 0.034375 0.07361111111111111
0 0.816015625 0.46319444444444446 0.03359375 0.06805555555555555
0 0.774609375 0.3951388888888889 0.03203125 0.07361111111111111
0 0.779296875 0.4625 0.03203125 0.07777777777777778
0 0.742578125 0.40069444444444446 0.03203125 0.06527777777777778
0 0.745703125 0.46458333333333335 0.03046875 0.0763888888888889
0 0.7109375 0.39791666666666664 0.025 0.05694444444444444
0 0.714453125 0.46041666666666664 0.02890625 0.07361111111111111
0 0.678125 0.38958333333333334 0.028125 0.06805555555555555
0 0.680078125 0.46111111111111114 0.03046875 0.075
0 0.646875 0.39166666666666666 0.0265625 0.06666666666666667
0 0.6453125 0.4625 0.028125 0.075
0 0.61640625 0.3902777777777778 0.0234375 0.06388888888888888
0 0.61640625 0.46319444444444446 0.021875 0.07916666666666666
0 0.58359375 0.39861111111111114 0.0234375 0.06666666666666667
0 0.584765625 0.46319444444444446 0.02578125 0.0763888888888889
0 0.5515625 0.4597222222222222 0.025 0.06388888888888888
0 0.519140625 0.4625 0.02265625 0.06944444444444445
0 0.490234375 0.4618055555555556 0.02578125 0.0763888888888889
0 0.46015625 0.46319444444444446 0.025 0.06805555555555555
0 0.430078125 0.4638888888888889 0.03046875 0.08333333333333333
0 0.39765625 0.4666666666666667 0.0328125 0.08333333333333333
0 0.369140625 0.46319444444444446 0.03046875 0.06805555555555555
0 0.337890625 0.4625 0.03359375 0.07777777777777778
0 0.30859375 0.4013888888888889 0.034375 0.06388888888888888
0 0.29375 0.46319444444444446 0.034375 0.07361111111111111
0 0.281640625 0.4027777777777778 0.03515625 0.06111111111111111
0 0.260546875 0.4652777777777778 0.03515625 0.07777777777777778
0 0.23203125 0.4638888888888889 0.0375 0.07222222222222222
0 0.205859375 0.4625 0.03515625 0.06666666666666667
0 0.1765625 0.4673611111111111 0.0328125 0.07083333333333333
0 0.15234375 0.4618055555555556 0.034375 0.07361111111111111
0 0.124609375 0.4625 0.03828125 0.075
0 0.09609375 0.46597222222222223 0.0390625 0.07361111111111111
0 0.068359375 0.46458333333333335 0.04296875 0.0763888888888889
0 0.040234375 0.46319444444444446 0.03671875 0.07083333333333333
0 0.017578125 0.46111111111111114 0.03515625 0.07222222222222222
0 0.55546875 0.3972222222222222 0.025 0.05555555555555555
0 0.523828125 0.39375 0.02890625 0.0625
0 0.4953125 0.3993055555555556 0.0234375 0.05138888888888889
0 0.464453125 0.3993055555555556 0.03203125 0.06805555555555555
0 0.40859375 0.40069444444444446 0.03125 0.059722222222222225
0 0.381640625 0.39861111111111114 0.03203125 0.06111111111111111
0 0.353515625 0.4 0.03359375 0.05
0 0.254296875 0.39861111111111114 0.03515625 0.058333333333333334
0 0.22421875 0.4 0.034375 0.06111111111111111
0 0.196484375 0.40208333333333335 0.03359375 0.06805555555555555
0 0.169921875 0.40347222222222223 0.03203125 0.05416666666666667
0 0.1421875 0.40069444444444446 0.034375 0.059722222222222225
0 0.116796875 0.40208333333333335 0.03828125 0.059722222222222225
0 0.09140625 0.4027777777777778 0.0328125 0.05555555555555555
0 0.06796875 0.40208333333333335 0.040625 0.0625
0 0.0421875 0.3958333333333333 0.0421875 0.06944444444444445
0 0.016796875 0.3993055555555556 0.03359375 0.05416666666666667
0 0.820703125 0.275 0.03046875 0.06666666666666667
0 0.78984375 0.2798611111111111 0.028125 0.07083333333333333
0 0.761328125 0.2763888888888889 0.02421875 0.058333333333333334
0 0.728515625 0.28055555555555556 0.03046875 0.06111111111111111
0 0.701171875 0.27847222222222223 0.02578125 0.059722222222222225
0 0.69765625 0.22708333333333333 0.025 0.04861111111111111
0 0.725390625 0.22430555555555556 0.02578125 0.05416666666666667
0 0.75078125 0.22291666666666668 0.028125 0.05694444444444444
0 0.78046875 0.22361111111111112 0.025 0.05
0 0.81015625 0.2222222222222222 0.028125 0.04722222222222222
0 0.669921875 0.22430555555555556 0.02578125 0.05416666666666667
0 0.671484375 0.27708333333333335 0.02734375 0.05694444444444444
0 0.64375 0.27708333333333335 0.0234375 0.059722222222222225
0 0.644921875 0.225 0.02109375 0.05277777777777778
0 0.61953125 0.2263888888888889 0.0171875 0.05277777777777778
0 0.615234375 0.2791666666666667 0.02265625 0.06111111111111111
0 0.589453125 0.22708333333333333 0.01796875 0.04583333333333333
0 0.587109375 0.27708333333333335 0.01953125 0.06527777777777778
0 0.562890625 0.22708333333333333 0.02265625 0.04861111111111111
0 0.5609375 0.2875 0.025 0.07222222222222222
0 0.53671875 0.28125 0.025 0.06527777777777778
0 0.53671875 0.2326388888888889 0.0234375 0.04861111111111111
0 0.511328125 0.2263888888888889 0.02578125 0.058333333333333334
0 0.508984375 0.2826388888888889 0.02578125 0.059722222222222225
0 0.48515625 0.23472222222222222 0.0265625 0.044444444444444446
0 0.48046875 0.2847222222222222 0.0234375 0.06111111111111111
0 0.462109375 0.23402777777777778 0.02421875 0.043055555555555555
0 0.454296875 0.28125 0.02421875 0.0625
0 0.437890625 0.23333333333333334 0.02578125 0.05
0 0.426953125 0.2861111111111111 0.02578125 0.06111111111111111
0 0.412109375 0.2375 0.02734375 0.05277777777777778
0 0.4 0.28541666666666665 0.0234375 0.05694444444444444
0 0.376953125 0.28888888888888886 0.03203125 0.06666666666666667
0 0.383203125 0.23472222222222222 0.02734375 0.05
0 0.350390625 0.23055555555555557 0.02890625 0.058333333333333334
0 0.3390625 0.29305555555555557 0.034375 0.058333333333333334
0 0.321875 0.2388888888888889 0.0265625 0.04722222222222222
0 0.312890625 0.28680555555555554 0.02890625 0.06805555555555555
0 0.298828125 0.23680555555555555 0.02734375 0.04583333333333333
0 0.2875 0.28194444444444444 0.0265625 0.06944444444444445
0 0.27578125 0.24027777777777778 0.028125 0.04722222222222222
0 0.25859375 0.29305555555555557 0.0296875 0.05
0 0.249609375 0.2361111111111111 0.02890625 0.06111111111111111
0 0.234375 0.28888888888888886 0.0265625 0.06111111111111111
0 0.226953125 0.23819444444444443 0.02890625 0.04861111111111111
0 0.21171875 0.2881944444444444 0.0296875 0.05138888888888889
0 0.202734375 0.2375 0.02890625 0.04722222222222222
0 0.18515625 0.29583333333333334 0.0296875 0.05555555555555555
0 0.176953125 0.2388888888888889 0.02890625 0.04722222222222222
0 0.16171875 0.2916666666666667 0.03125 0.05555555555555555
0 0.15390625 0.2388888888888889 0.03125 0.05
0 0.13125 0.2423611111111111 0.03125 0.05416666666666667
0 0.10859375 0.24166666666666667 0.0328125 0.044444444444444446
0 0.139453125 0.2916666666666667 0.03359375 0.05555555555555555
0 0.1140625 0.29305555555555557 0.03125 0.06388888888888888
0 0.09140625 0.29305555555555557 0.0296875 0.06111111111111111
0 0.0671875 0.29444444444444445 0.0359375 0.06388888888888888
0 0.08671875 0.24791666666666667 0.0328125 0.05138888888888889
0 0.065625 0.25 0.0328125 0.05277777777777778
0 0.04140625 0.24930555555555556 0.028125 0.04027777777777778
0 0.020703125 0.29583333333333334 0.03359375 0.06388888888888888
0 0.0453125 0.29305555555555557 0.0328125 0.06111111111111111
0 0.795703125 0.13472222222222222 0.02265625 0.05277777777777778
0 0.766015625 0.1375 0.02421875 0.05
0 0.73984375 0.13194444444444445 0.025 0.05
0 0.715625 0.13819444444444445 0.01875 0.04861111111111111
0 0.691015625 0.13958333333333334 0.02421875 0.05694444444444444
0 0.666015625 0.1375 0.02109375 0.058333333333333334
0 0.640234375 0.13819444444444445 0.01796875 0.05138888888888889
0 0.616015625 0.13819444444444445 0.02109375 0.059722222222222225
0 0.591796875 0.14305555555555555 0.02109375 0.05555555555555555
0 0.567578125 0.14375 0.02109375 0.04861111111111111
0 0.54453125 0.14305555555555555 0.0234375 0.05
0 0.520703125 0.1451388888888889 0.02109375 0.04861111111111111
0 0.47421875 0.15138888888888888 0.0203125 0.05
0 0.4515625 0.15138888888888888 0.021875 0.05
0 0.427734375 0.1451388888888889 0.02421875 0.05416666666666667
0 0.403515625 0.14930555555555555 0.02421875 0.05694444444444444
0 0.787109375 0.09097222222222222 0.02265625 0.043055555555555555
0 0.76015625 0.09236111111111112 0.025 0.05138888888888889
0 0.7375 0.09513888888888888 0.0234375 0.0375
0 0.7125 0.09305555555555556 0.0234375 0.05277777777777778
0 0.6890625 0.09861111111111111 0.0203125 0.03888888888888889
0 0.662890625 0.09513888888888888 0.02265625 0.043055555555555555
0 0.640625 0.09861111111111111 0.0203125 0.03888888888888889
0 0.618359375 0.09583333333333334 0.01953125 0.03333333333333333
0 0.591796875 0.09583333333333334 0.01953125 0.03333333333333333
0 0.56953125 0.10277777777777777 0.01875 0.03611111111111111
0 0.546875 0.1 0.0203125 0.030555555555555555
0 0.525 0.10208333333333333 0.0234375 0.043055555555555555
0 0.5 0.10972222222222222 0.0234375 0.05277777777777778
0 0.4796875 0.10625 0.021875 0.034722222222222224
0 0.459375 0.11041666666666666 0.0234375 0.0375
0 0.43515625 0.1076388888888889 0.025 0.03194444444444444
0 0.410546875 0.1111111111111111 0.02265625 0.03333333333333333
0 0.380859375 0.11388888888888889 0.02890625 0.041666666666666664
0 0.36796875 0.15416666666666667 0.021875 0.05277777777777778
0 0.3578125 0.11597222222222223 0.025 0.043055555555555555
0 0.349609375 0.15347222222222223 0.02578125 0.043055555555555555
0 0.33515625 0.1125 0.0234375 0.03888888888888889
0 0.324609375 0.15069444444444444 0.02578125 0.059722222222222225
0 0.31484375 0.1125 0.0265625 0.05
0 0.29296875 0.11597222222222223 0.025 0.0375
0 0.302734375 0.15486111111111112 0.02734375 0.04583333333333333
0 0.28046875 0.15208333333333332 0.0234375 0.05416666666666667
0 0.2703125 0.11527777777777778 0.025 0.03611111111111111
0 0.251171875 0.11736111111111111 0.02421875 0.043055555555555555
0 0.23203125 0.11875 0.025 0.034722222222222224
0 0.258984375 0.1527777777777778 0.02578125 0.04722222222222222
0 0.237890625 0.1527777777777778 0.02734375 0.05
0 0.21328125 0.15347222222222223 0.0296875 0.05694444444444444
0 0.207421875 0.12083333333333333 0.02890625 0.05
0 0.187890625 0.12291666666666666 0.02578125 0.04583333333333333
0 0.16640625 0.12430555555555556 0.0265625 0.034722222222222224
0 0.146484375 0.12291666666666666 0.02421875 0.04027777777777778
0 0.12734375 0.12569444444444444 0.028125 0.043055555555555555
0 0.103125 0.13194444444444445 0.0296875 0.03611111111111111
0 0.192578125 0.15694444444444444 0.02578125 0.03888888888888889
0 0.1703125 0.1597222222222222 0.028125 0.041666666666666664
0 0.151171875 0.15902777777777777 0.02265625 0.04861111111111111
0 0.13203125 0.16319444444444445 0.0265625 0.04861111111111111
0 0.110546875 0.16666666666666666 0.03046875 0.04722222222222222
0 0.015234375 0.17916666666666667 0.03046875 0.03333333333333333
0 0.01875 0.15833333333333333 0.0375 0.030555555555555555
0 0.028515625 0.13958333333333334 0.03671875 0.03194444444444444
0 0.03984375 0.12083333333333333 0.03125 0.027777777777777776
0 0.05 0.10694444444444444 0.0359375 0.025
0 0.059375 0.09166666666666666 0.0328125 0.030555555555555555
0 0.07109375 0.07708333333333334 0.028125 0.029166666666666667
0 0.075390625 0.06111111111111111 0.02890625 0.027777777777777776
0 0.084375 0.049305555555555554 0.0328125 0.029166666666666667
0 0.09296875 0.034722222222222224 0.03125 0.027777777777777776
0 0.1 0.02013888888888889 0.0328125 0.02361111111111111
0 0.10703125 0.009722222222222222 0.0328125 0.019444444444444445
0 0.1390625 0.06597222222222222 0.028125 0.0375
0 0.16171875 0.05486111111111111 0.025 0.05416666666666667
0 0.18046875 0.06111111111111111 0.0203125 0.03888888888888889
0 0.196484375 0.05763888888888889 0.02265625 0.04027777777777778
0 0.21953125 0.05486111111111111 0.025 0.0375
0 0.2359375 0.05277777777777778 0.0234375 0.044444444444444446
0 0.255078125 0.05277777777777778 0.02265625 0.044444444444444446
0 0.274609375 0.05138888888888889 0.02421875 0.04722222222222222
0 0.295703125 0.04861111111111111 0.01953125 0.03333333333333333
0 0.312890625 0.049305555555555554 0.02265625 0.04583333333333333
0 0.3328125 0.04722222222222222 0.021875 0.03888888888888889
0 0.355078125 0.04583333333333333 0.02421875 0.05
0 0.374609375 0.050694444444444445 0.02421875 0.04583333333333333
0 0.399609375 0.04652777777777778 0.02265625 0.04027777777777778
0 0.426171875 0.04652777777777778 0.02265625 0.04583333333333333
0 0.44921875 0.04027777777777778 0.021875 0.044444444444444446
0 0.469921875 0.03958333333333333 0.02109375 0.05138888888888889
0 0.48671875 0.043055555555555555 0.021875 0.04722222222222222
0 0.511328125 0.03888888888888889 0.01953125 0.044444444444444446
0 0.53515625 0.035416666666666666 0.0203125 0.034722222222222224
0 0.553125 0.03958333333333333 0.0203125 0.04027777777777778
0 0.574609375 0.029861111111111113 0.01953125 0.05138888888888889
0 0.594140625 0.03194444444444444 0.01796875 0.04722222222222222
0 0.616015625 0.02847222222222222 0.01953125 0.04861111111111111
0 0.638671875 0.029166666666666667 0.01953125 0.05
0 0.6609375 0.027777777777777776 0.0171875 0.04722222222222222
0 0.683984375 0.027777777777777776 0.02109375 0.044444444444444446
0 0.705859375 0.027083333333333334 0.01953125 0.04583333333333333
0 0.728515625 0.022916666666666665 0.01953125 0.04583333333333333
0 0.751953125 0.02361111111111111 0.01796875 0.04722222222222222
0 0.77265625 0.021527777777777778 0.0203125 0.043055555555555555
0 0.7984375 0.025 0.0234375 0.044444444444444446
0 0.82109375 0.02013888888888889 0.0234375 0.04027777777777778
0 0.840234375 0.018055555555555554 0.02109375 0.03611111111111111
0 0.155078125 0.029166666666666667 0.02890625 0.022222222222222223
0 0.173046875 0.024305555555555556 0.02421875 0.02361111111111111
0 0.19296875 0.02638888888888889 0.028125 0.027777777777777776
0 0.209765625 0.024305555555555556 0.02578125 0.029166666666666667
0 0.226171875 0.022222222222222223 0.02421875 0.030555555555555555
0 0.246875 0.021527777777777778 0.025 0.02638888888888889
0 0.266015625 0.01875 0.01796875 0.03194444444444444
0 0.2859375 0.014583333333333334 0.0265625 0.029166666666666667
0 0.304296875 0.014583333333333334 0.01953125 0.02638888888888889
0 0.3234375 0.014583333333333334 0.021875 0.02638888888888889
0 0.341796875 0.01597222222222222 0.02265625 0.029166666666666667
0 0.362109375 0.013888888888888888 0.02109375 0.027777777777777776
0 0.383203125 0.014583333333333334 0.02421875 0.029166666666666667
0 0.40390625 0.011805555555555555 0.021875 0.02361111111111111
0 0.431640625 0.0125 0.01953125 0.025
0 0.703125 0.9576388888888889 0.0328125 0.07916666666666666
0 0.65 0.9548611111111112 0.0328125 0.0875
0 0.596875 0.9506944444444444 0.0359375 0.09583333333333334
0 0.544140625 0.9486111111111111 0.03828125 0.1
0 0.115625 0.9416666666666667 0.0453125 0.1
0 0.455078125 0.013888888888888888 0.01640625 0.027777777777777776
0 0.474609375 0.008333333333333333 0.01796875 0.016666666666666666
0 0.49453125 0.011805555555555555 0.0203125 0.02361111111111111
0 0.516015625 0.011111111111111112 0.01796875 0.022222222222222223
0 0.53359375 0.011111111111111112 0.0171875 0.022222222222222223
0 0.554296875 0.008333333333333333 0.01640625 0.016666666666666666
