0 0.140234375 0.7229166666666667 0.04765625 0.10138888888888889
0 0.11875 0.9270833333333334 0.05 0.10138888888888889
0 0.2515625 0.9479166666666666 0.0484375 0.0875
0 0.396484375 0.9576388888888889 0.04453125 0.07916666666666666
0 0.702734375 0.9583333333333334 0.03671875 0.08055555555555556
0 0.59375 0.7319444444444444 0.0375 0.11388888888888889
0 0.728515625 0.7291666666666666 0.03984375 0.1
0 0.901171875 0.7361111111111112 0.07578125 0.058333333333333334
0 0.9140625 0.7944444444444444 0.0859375 0.07222222222222222
0 0.927734375 0.8659722222222223 0.08359375 0.06527777777777778
0 0.950390625 0.9555555555555556 0.06796875 0.08611111111111111
0 0.984375 0.6298611111111111 0.0296875 0.09861111111111111
0 0.9765625 0.5402777777777777 0.0453125 0.08888888888888889
0 0.95390625 0.46944444444444444 0.0375 0.06666666666666667
0 0.93671875 0.40208333333333335 0.0359375 0.06527777777777778
0 0.921484375 0.33958333333333335 0.03671875 0.06527777777777778
0 0.0140625 0.6111111111111112 0.028125 0.06666666666666667
0 0.0359375 0.6145833333333334 0.04375 0.07361111111111111
0 0.06875 0.6166666666666667 0.0453125 0.08611111111111111
0 0.10703125 0.6180555555555556 0.0421875 0.07777777777777778
0 0.15859375 0.6166666666666667 0.04375 0.08333333333333333
0 0.1875 0.6194444444444445 0.0453125 0.08333333333333333
0 0.222265625 0.6243055555555556 0.03828125 0.07916666666666666
0 0.25625 0.625 0.0359375 0.08055555555555556
0 0.30078125 0.6208333333333333 0.0375 0.08333333333333333
0 0.339453125 0.6208333333333333 0.03203125 0.08333333333333333
0 0.37578125 0.6201388888888889 0.0390625 0.08194444444444444
0 0.4046875 0.6201388888888889 0.0328125 0.07916666666666666
0 0.441796875 0.6229166666666667 0.02890625 0.09583333333333334
0 0.475 0.6263888888888889 0.0265625 0.09722222222222222
0 0.51171875 0.6277777777777778 0.03125 0.09444444444444444
0 0.54375 0.6243055555555556 0.03125 0.09027777777777778
0 0.57578125 0.6284722222222222 0.0296875 0.09583333333333334
0 0.614453125 0.6298611111111111 0.02890625 0.09583333333333334
0 0.6578125 0.6208333333333333 0.034375 0.11388888888888889
0 0.692578125 0.6298611111111111 0.03203125 0.10416666666666667
0 0.72734375 0.6277777777777778 0.0328125 0.09722222222222222
0 0.76640625 0.6291666666666667 0.0359375 0.10555555555555556
0 0.805078125 0.6333333333333333 0.03671875 0.09722222222222222
0 0.84140625 0.6326388888888889 0.034375 0.10138888888888889
0 0.88203125 0.6368055555555555 0.040625 0.10416666666666667
0 0.852734375 0.46319444444444446 0.03671875 0.08472222222222223
0 0.818359375 0.46597222222222223 0.03359375 0.0875
0 0.840234375 0.39375 0.03203125 0.0625
0 0.8078125 0.39305555555555555 0.03125 0.075
0 0.775390625 0.39444444444444443 0.03359375 0.06111111111111111
0 0.74375 0.39375 0.03125 0.07361111111111111
0 0.7484375 0.46458333333333335 0.0328125 0.08472222222222223
0 0.7109375 0.39444444444444443 0.0328125 0.07222222222222222
0 0.7140625 0.4625 0.0296875 0.08611111111111111
0 0.67890625 0.3993055555555556 0.0296875 0.06527777777777778
0 0.68125 0.46111111111111114 0.0296875 0.07222222222222222
0 0.64765625 0.39375 0.025 0.05416666666666667
0 0.646875 0.4638888888888889 0.0296875 0.08333333333333333
0 0.616796875 0.39861111111111114 0.02109375 0.06388888888888888
0 0.61484375 0.46597222222222223 0.028125 0.07083333333333333
0 0.585546875 0.39305555555555555 0.02265625 0.06111111111111111
0 0.585546875 0.46111111111111114 0.02421875 0.08055555555555556
0 0.5546875 0.3972222222222222 0.025 0.06388888888888888
0 0.55625 0.4625 0.0265625 0.06944444444444445
0 0.52578125 0.3958333333333333 0.025 0.06111111111111111
0 0.525390625 0.46111111111111114 0.02890625 0.08333333333333333
0 0.497265625 0.39652777777777776 0.02421875 0.06527777777777778
0 0.491015625 0.46458333333333335 0.02890625 0.07916666666666666
0 0.467578125 0.3951388888888889 0.02421875 0.0763888888888889
0 0.458984375 0.46875 0.02890625 0.0875
0 0.43828125 0.39861111111111114 0.025 0.05555555555555555
0 0.428515625 0.4618055555555556 0.02890625 0.09027777777777778
0 0.409375 0.4 0.0296875 0.05277777777777778
0 0.396484375 0.4618055555555556 0.02734375 0.08194444444444444
0 0.38359375 0.3958333333333333 0.03125 0.06111111111111111
0 0.368359375 0.45902777777777776 0.03359375 0.08194444444444444
0 0.35 0.4027777777777778 0.0296875 0.05277777777777778
0 0.33984375 0.4597222222222222 0.034375 0.07777777777777778
0 0.312890625 0.40625 0.03203125 0.05694444444444444
0 0.29296875 0.4618055555555556 0.034375 0.07916666666666666
0 0.28125 0.39861111111111114 0.028125 0.058333333333333334
0 0.267578125 0.4597222222222222 0.03671875 0.075
0 0.25234375 0.4013888888888889 0.034375 0.06111111111111111
0 0.237890625 0.46111111111111114 0.04609375 0.07777777777777778
0 0.2234375 0.4041666666666667 0.0359375 0.05
0 0.205078125 0.4583333333333333 0.03515625 0.07777777777777778
0 0.180859375 0.4618055555555556 0.04140625 0.0763888888888889
0 0.1953125 0.4027777777777778 0.0359375 0.04722222222222222
0 0.170703125 0.4013888888888889 0.03359375 0.05555555555555555
0 0.14375 0.39791666666666664 0.0359375 0.059722222222222225
0 0.116796875 0.39861111111111114 0.03828125 0.06666666666666667
0 0.0921875 0.3993055555555556 0.0359375 0.059722222222222225
0 0.06640625 0.40069444444444446 0.034375 0.04583333333333333
0 0.035546875 0.4027777777777778 0.04140625 0.05555555555555555
0 0.018359375 0.40208333333333335 0.03671875 0.05694444444444444
0 0.125 0.46319444444444446 0.0328125 0.07361111111111111
0 0.150390625 0.46111111111111114 0.03359375 0.07222222222222222
0 0.09375 0.4638888888888889 0.0359375 0.06944444444444445
0 0.066796875 0.46041666666666664 0.03515625 0.0763888888888889
0 0.04140625 0.4583333333333333 0.0375 0.07777777777777778
0 0.0171875 0.46319444444444446 0.034375 0.08194444444444444
0 0.820703125 0.2861111111111111 0.02890625 0.06944444444444445
0 0.81171875 0.22152777777777777 0.0265625 0.07083333333333333
0 0.78046875 0.22291666666666668 0.0296875 0.05138888888888889
0 0.790234375 0.27847222222222223 0.02890625 0.07361111111111111
0 0.761328125 0.27361111111111114 0.02578125 0.07222222222222222
0 0.75234375 0.22013888888888888 0.0203125 0.04583333333333333
0 0.72578125 0.225 0.0234375 0.04722222222222222
0 0.7296875 0.2798611111111111 0.0296875 0.06805555555555555
0 0.699609375 0.22152777777777777 0.02421875 0.05138888888888889
0 0.701171875 0.2798611111111111 0.02578125 0.06527777777777778
0 0.6703125 0.22430555555555556 0.0234375 0.05416666666666667
0 0.672265625 0.2826388888888889 0.02421875 0.059722222222222225
0 0.646875 0.2798611111111111 0.025 0.07083333333333333
0 0.64375 0.22361111111111112 0.021875 0.041666666666666664
0 0.619140625 0.23125 0.01953125 0.05138888888888889
0 0.128125 0.3472222222222222 0.046875 0.03888888888888889
0 0.619140625 0.28402777777777777 0.02578125 0.06805555555555555
0 0.591796875 0.2263888888888889 0.02421875 0.05277777777777778
0 0.591015625 0.28194444444444444 0.02421875 0.06388888888888888
0 0.564453125 0.2298611111111111 0.02109375 0.04583333333333333
0 0.56171875 0.28680555555555554 0.0234375 0.06805555555555555
0 0.53984375 0.23055555555555557 0.0203125 0.04722222222222222
0 0.53515625 0.2875 0.0234375 0.06666666666666667
0 0.512890625 0.23055555555555557 0.02421875 0.05
0 0.5078125 0.2826388888888889 0.028125 0.07083333333333333
0 0.488671875 0.23541666666666666 0.02109375 0.04583333333333333
0 0.482421875 0.2902777777777778 0.03046875 0.075
0 0.46484375 0.23819444444444443 0.0265625 0.05138888888888889
0 0.45390625 0.2875 0.025 0.06666666666666667
0 0.4375 0.23472222222222222 0.0234375 0.044444444444444446
0 0.430078125 0.2861111111111111 0.02578125 0.06666666666666667
0 0.410546875 0.2375 0.02421875 0.044444444444444446
0 0.40390625 0.2875 0.0265625 0.07777777777777778
0 0.383984375 0.24027777777777778 0.02578125 0.03888888888888889
0 0.3765625 0.2923611111111111 0.028125 0.07083333333333333
0 0.350390625 0.2361111111111111 0.02734375 0.05277777777777778
0 0.33984375 0.28888888888888886 0.028125 0.06111111111111111
0 0.321875 0.23402777777777778 0.028125 0.04583333333333333
0 0.3140625 0.2875 0.03125 0.075
0 0.29921875 0.2388888888888889 0.025 0.04722222222222222
0 0.28984375 0.28888888888888886 0.028125 0.06944444444444445
0 0.27265625 0.2423611111111111 0.03125 0.04861111111111111
0 0.2515625 0.24097222222222223 0.028125 0.05138888888888889
0 0.26171875 0.2902777777777778 0.0296875 0.058333333333333334
0 0.237109375 0.28958333333333336 0.03046875 0.059722222222222225
0 0.2109375 0.2902777777777778 0.0328125 0.06944444444444445
0 0.230078125 0.23958333333333334 0.03046875 0.04583333333333333
0 0.2046875 0.24097222222222223 0.0296875 0.04027777777777778
0 0.18046875 0.24305555555555555 0.03125 0.04722222222222222
0 0.157421875 0.24305555555555555 0.02578125 0.04722222222222222
0 0.13515625 0.24583333333333332 0.03125 0.041666666666666664
0 0.111328125 0.24513888888888888 0.03046875 0.043055555555555555
0 0.0921875 0.24861111111111112 0.028125 0.041666666666666664
0 0.066796875 0.24583333333333332 0.03203125 0.05
0 0.045703125 0.2520833333333333 0.02734375 0.04583333333333333
0 0.022265625 0.29583333333333334 0.04140625 0.06388888888888888
0 0.046484375 0.2951388888888889 0.03203125 0.05416666666666667
0 0.069921875 0.2951388888888889 0.02578125 0.05694444444444444
0 0.091796875 0.29791666666666666 0.02890625 0.059722222222222225
0 0.114453125 0.2972222222222222 0.03515625 0.06111111111111111
0 0.139453125 0.2923611111111111 0.03046875 0.0625
0 0.164453125 0.29305555555555557 0.03515625 0.06111111111111111
0 0.190234375 0.2923611111111111 0.03203125 0.0625
0 0.794140625 0.1361111111111111 0.02421875 0.058333333333333334
0 0.76953125 0.13333333333333333 0.0265625 0.05277777777777778
0 0.78671875 0.08472222222222223 0.025 0.04722222222222222
0 0.76328125 0.09236111111111112 0.0234375 0.043055555555555555
0 0.737109375 0.08958333333333333 0.02421875 0.04027777777777778
0 0.742578125 0.13472222222222222 0.02265625 0.06111111111111111
0 0.716015625 0.13819444444444445 0.02265625 0.059722222222222225
0 0.71328125 0.09375 0.0203125 0.04027777777777778
0 0.6890625 0.09375 0.01875 0.034722222222222224
0 0.689453125 0.1361111111111111 0.02265625 0.06388888888888888
0 0.66484375 0.13680555555555557 0.021875 0.059722222222222225
0 0.665625 0.09097222222222222 0.021875 0.03194444444444444
0 0.64453125 0.10069444444444445 0.01875 0.059722222222222225
0 0.61953125 0.09652777777777778 0.021875 0.04861111111111111
0 0.619921875 0.14375 0.01953125 0.06527777777777778
0 0.595703125 0.09861111111111111 0.02109375 0.03611111111111111
0 0.59609375 0.14375 0.0234375 0.059722222222222225
0 0.5703125 0.14027777777777778 0.025 0.07222222222222222
0 0.571875 0.09375 0.0171875 0.029166666666666667
0 0.5484375 0.10555555555555556 0.0203125 0.041666666666666664
0 0.548046875 0.14652777777777778 0.01796875 0.0625
0 0.52578125 0.10486111111111111 0.0203125 0.0375
0 0.524609375 0.1486111111111111 0.02421875 0.058333333333333334
0 0.50234375 0.10694444444444444 0.021875 0.041666666666666664
0 0.498828125 0.15347222222222223 0.02109375 0.05416666666666667
0 0.480078125 0.1076388888888889 0.02109375 0.04027777777777778
0 0.47578125 0.15069444444444444 0.021875 0.059722222222222225
0 0.459375 0.10902777777777778 0.0203125 0.04027777777777778
0 0.45390625 0.14930555555555555 0.0234375 0.05694444444444444
0 0.43515625 0.11458333333333333 0.025 0.04027777777777778
0 0.413671875 0.11458333333333333 0.02421875 0.034722222222222224
0 0.42890625 0.15347222222222223 0.025 0.05138888888888889
0 0.405078125 0.15208333333333332 0.01953125 0.05694444444444444
0 0.38203125 0.11666666666666667 0.025 0.03888888888888889
0 0.371484375 0.1527777777777778 0.02734375 0.05277777777777778
0 0.357421875 0.11180555555555556 0.02578125 0.03194444444444444
0 0.34609375 0.15416666666666667 0.0265625 0.058333333333333334
0 0.335546875 0.1076388888888889 0.02109375 0.03194444444444444
0 0.32734375 0.14930555555555555 0.025 0.06527777777777778
0 0.31328125 0.11388888888888889 0.0296875 0.03611111111111111
0 0.304296875 0.15069444444444444 0.02734375 0.04861111111111111
0 0.29140625 0.11666666666666667 0.025 0.03333333333333333
0 0.281640625 0.15555555555555556 0.02578125 0.04722222222222222
0 0.271875 0.11388888888888889 0.025 0.03888888888888889
0 0.251171875 0.11527777777777778 0.02890625 0.03333333333333333
0 0.258984375 0.15208333333333332 0.02578125 0.04861111111111111
0 0.238671875 0.15208333333333332 0.02421875 0.05416666666666667
0 0.23125 0.11597222222222223 0.0265625 0.029166666666666667
0 0.218359375 0.15763888888888888 0.02578125 0.059722222222222225
0 0.21015625 0.11666666666666667 0.0296875 0.05
0 0.18671875 0.12083333333333333 0.028125 0.03333333333333333
0 0.166015625 0.12291666666666666 0.02578125 0.03194444444444444
0 0.149609375 0.12222222222222222 0.02890625 0.041666666666666664
0 0.12734375 0.12708333333333333 0.0265625 0.034722222222222224
0 0.10703125 0.13402777777777777 0.0265625 0.03194444444444444
0 0.087109375 0.16944444444444445 0.03203125 0.05
0 0.11171875 0.16666666666666666 0.028125 0.04722222222222222
0 0.1328125 0.16666666666666666 0.03125 0.044444444444444446
0 0.15390625 0.16319444444444445 0.0234375 0.05138888888888889
0 0.172265625 0.15902777777777777 0.02578125 0.05694444444444444
0 0.19453125 0.15902777777777777 0.028125 0.059722222222222225
0 0.013671875 0.17916666666666667 0.02734375 0.03333333333333333
0 0.02109375 0.15833333333333333 0.0390625 0.03333333333333333
0 0.03359375 0.14027777777777778 0.0375 0.022222222222222223
0 0.040625 0.12708333333333333 0.0359375 0.029166666666666667
0 0.048828125 0.10972222222222222 0.03828125 0.025
0 0.06953125 0.08263888888888889 0.0296875 0.0375
0 0.077734375 0.06319444444444444 0.03359375 0.02361111111111111
0 0.0875 0.04791666666666667 0.034375 0.02638888888888889
0 0.094921875 0.034027777777777775 0.02890625 0.018055555555555554
0 0.10234375 0.022222222222222223 0.0296875 0.025
0 0.1078125 0.011805555555555555 0.028125 0.02361111111111111
0 0.143359375 0.06388888888888888 0.02734375 0.04722222222222222
0 0.16328125 0.0625 0.021875 0.04722222222222222
0 0.179296875 0.06180555555555556 0.02109375 0.043055555555555555
0 0.198828125 0.06180555555555556 0.02265625 0.04861111111111111
0 0.217578125 0.05694444444444444 0.01796875 0.03888888888888889
0 0.237109375 0.05555555555555555 0.02421875 0.041666666666666664
0 0.2546875 0.05763888888888889 0.021875 0.04861111111111111
0 0.275 0.05486111111111111 0.021875 0.05138888888888889
0 0.296484375 0.05138888888888889 0.01953125 0.04722222222222222
0 0.317578125 0.05 0.02109375 0.041666666666666664
0 0.337109375 0.05 0.02265625 0.04722222222222222
0 0.35703125 0.05138888888888889 0.021875 0.04722222222222222
0 0.376171875 0.05277777777777778 0.01953125 0.05
0 0.4015625 0.049305555555555554 0.0234375 0.04861111111111111
0 0.428515625 0.049305555555555554 0.02109375 0.05416666666666667
0 0.452734375 0.04513888888888889 0.01484375 0.05416666666666667
0 0.472265625 0.041666666666666664 0.02265625 0.05
0 0.49296875 0.041666666666666664 0.0203125 0.05277777777777778
0 0.51328125 0.0375 0.01875 0.05277777777777778
0 0.534765625 0.035416666666666666 0.01796875 0.05416666666666667
0 0.555078125 0.03680555555555556 0.01796875 0.04861111111111111
0 0.576171875 0.03819444444444445 0.01796875 0.05138888888888889
0 0.596484375 0.03263888888888889 0.01796875 0.05694444444444444
0 0.61796875 0.029861111111111113 0.015625 0.05416666666666667
0 0.64296875 0.03125 0.0203125 0.05416666666666667
0 0.66171875 0.029166666666666667 0.01875 0.05
0 0.683984375 0.03125 0.02109375 0.05416666666666667
0 0.70625 0.02638888888888889 0.01875 0.05277777777777778
0 0.73125 0.02847222222222222 0.0234375 0.04861111111111111
0 0.75234375 0.02638888888888889 0.021875 0.05277777777777778
0 0.77578125 0.024305555555555556 0.0203125 0.04861111111111111
0 0.795703125 0.021527777777777778 0.01953125 0.0375
0 0.81796875 0.016666666666666666 0.021875 0.03333333333333333
0 0.819140625 0.05416666666666667 0.04296875 0.041666666666666664
0 0.171484375 0.02361111111111111 0.02265625 0.027777777777777776
0 0.18984375 0.027777777777777776 0.0234375 0.025
0 0.209765625 0.022916666666666665 0.02109375 0.02361111111111111
0 0.231640625 0.021527777777777778 0.02578125 0.02638888888888889
0 0.249609375 0.020833333333333332 0.01796875 0.022222222222222223
0 0.263671875 0.01875 0.02421875 0.02638888888888889
0 0.286328125 0.013888888888888888 0.01953125 0.027777777777777776
0 0.30390625 0.015277777777777777 0.0171875 0.030555555555555555
0 0.323046875 0.016666666666666666 0.01796875 0.025
0 0.341796875 0.0125 0.01953125 0.025
0 0.363671875 0.014583333333333334 0.01640625 0.029166666666666667
0 0.38359375 0.0125 0.0171875 0.025
0 0.40546875 0.011111111111111112 0.021875 0.022222222222222223
0 0.43359375 0.009722222222222222 0.0171875 0.019444444444444445
0 0.45546875 0.011111111111111112 0.01875 0.022222222222222223
0 0.47421875 0.009027777777777777 0.0171875 0.018055555555555554
0 0.49453125 0.011805555555555555 0.01875 0.02361111111111111
0 0.841796875 0.022916666666666665 0.02109375 0.04583333333333333
