0 0.3109375 0.28888888888888886 0.0359375 0.06666666666666667
0 0.336328125 0.29097222222222224 0.03359375 0.0625
0 0.3765625 0.2875 0.0328125 0.06388888888888888
0 0.404296875 0.2881944444444444 0.02734375 0.059722222222222225
0 0.430078125 0.2902777777777778 0.02578125 0.06388888888888888
0 0.5328125 0.28680555555555554 0.0265625 0.05694444444444444
0 0.5609375 0.28194444444444444 0.025 0.05277777777777778
0 0.588671875 0.2826388888888889 0.02890625 0.059722222222222225
0 0.644140625 0.28125 0.02734375 0.05416666666666667
0 0.78671875 0.27708333333333335 0.03125 0.05416666666666667
0 0.81640625 0.2743055555555556 0.0359375 0.0625
0 0.223046875 0.3993055555555556 0.04140625 0.0625
0 0.249609375 0.4013888888888889 0.03828125 0.06388888888888888
0 0.281640625 0.4013888888888889 0.03984375 0.058333333333333334
0 0.312890625 0.4027777777777778 0.03671875 0.06111111111111111
0 0.350390625 0.40208333333333335 0.03515625 0.05694444444444444
0 0.375390625 0.4013888888888889 0.03515625 0.06111111111111111
0 0.409765625 0.3958333333333333 0.03359375 0.058333333333333334
0 0.465234375 0.39652777777777776 0.03515625 0.0625
0 0.495703125 0.3958333333333333 0.03203125 0.06111111111111111
0 0.61328125 0.39305555555555555 0.034375 0.06388888888888888
0 0.67890625 0.39375 0.03125 0.07361111111111111
0 0.741015625 0.39166666666666666 0.03203125 0.06944444444444445
0 0.806640625 0.3909722222222222 0.03359375 0.07083333333333333
0 0.839453125 0.39166666666666666 0.03671875 0.06666666666666667
0 0.176171875 0.4618055555555556 0.03671875 0.07916666666666666
0 0.205078125 0.4638888888888889 0.04453125 0.08055555555555556
0 0.232421875 0.4597222222222222 0.03984375 0.08333333333333333
0 0.26015625 0.4673611111111111 0.040625 0.07916666666666666
0 0.291015625 0.4652777777777778 0.03671875 0.08055555555555556
0 0.335546875 0.46875 0.03046875 0.08472222222222223
0 0.3671875 0.4666666666666667 0.0421875 0.08333333333333333
0 0.39453125 0.46805555555555556 0.0375 0.07777777777777778
0 0.42734375 0.4638888888888889 0.0375 0.08333333333333333
0 0.456640625 0.46805555555555556 0.03046875 0.075
0 0.48984375 0.46805555555555556 0.0328125 0.075
0 0.51875 0.46875 0.0328125 0.07083333333333333
0 0.55234375 0.46597222222222223 0.0265625 0.07083333333333333
0 0.582421875 0.4673611111111111 0.03203125 0.07083333333333333
0 0.613671875 0.4666666666666667 0.02890625 0.07222222222222222
0 0.646875 0.4638888888888889 0.03125 0.07222222222222222
0 0.68046875 0.4673611111111111 0.03125 0.07083333333333333
0 0.71171875 0.4652777777777778 0.0359375 0.06666666666666667
0 0.74609375 0.46597222222222223 0.0328125 0.07361111111111111
0 0.77890625 0.46319444444444446 0.0390625 0.07361111111111111
0 0.812109375 0.46597222222222223 0.03515625 0.06805555555555555
0 0.8484375 0.4597222222222222 0.0421875 0.075
0 0.1515625 0.6180555555555556 0.0453125 0.07777777777777778
0 0.187109375 0.61875 0.04453125 0.07916666666666666
0 0.219140625 0.6166666666666667 0.04140625 0.07777777777777778
0 0.2515625 0.6222222222222222 0.0421875 0.075
0 0.30234375 0.61875 0.0390625 0.07083333333333333
0 0.33671875 0.6166666666666667 0.040625 0.07777777777777778
0 0.37265625 0.6201388888888889 0.0484375 0.08472222222222223
0 0.405078125 0.6201388888888889 0.04140625 0.07916666666666666
0 0.438671875 0.6236111111111111 0.04140625 0.08055555555555556
0 0.47109375 0.6222222222222222 0.0359375 0.08055555555555556
0 0.506640625 0.6243055555555556 0.03671875 0.0875
0 0.54140625 0.6208333333333333 0.0375 0.07777777777777778
0 0.57890625 0.6222222222222222 0.0359375 0.08611111111111111
0 0.6140625 0.6201388888888889 0.0359375 0.08194444444444444
0 0.651953125 0.6256944444444444 0.03671875 0.08194444444444444
0 0.689453125 0.6277777777777778 0.04140625 0.08333333333333333
0 0.7265625 0.6256944444444444 0.0421875 0.08194444444444444
0 0.7640625 0.625 0.040625 0.08888888888888889
0 0.801171875 0.6277777777777778 0.04453125 0.09166666666666666
0 0.837109375 0.6236111111111111 0.04140625 0.08888888888888889
0 0.875 0.6215277777777778 0.0484375 0.0875
0 0.059375 0.7333333333333333 0.053125 0.075
0 0.095703125 0.7368055555555556 0.05546875 0.08472222222222223
0 0.1375 0.7388888888888889 0.0546875 0.08611111111111111
0 0.1765625 0.7388888888888889 0.059375 0.08888888888888889
0 0.219140625 0.7368055555555556 0.05390625 0.09305555555555556
0 0.25703125 0.7368055555555556 0.053125 0.0875
0 0.510546875 0.7479166666666667 0.04609375 0.0875
0 0.0234375 0.7277777777777777 0.046875 0.09166666666666666
0 0.253125 0.95 0.0453125 0.09722222222222222
0 0.21015625 0.9270833333333334 0.040625 0.10138888888888889
0 0.1578125 0.9402777777777778 0.040625 0.09722222222222222
0 0.110546875 0.9479166666666666 0.03828125 0.09861111111111111
0 0.305078125 0.9486111111111111 0.04296875 0.1
0 0.449609375 0.9493055555555555 0.03828125 0.09861111111111111
0 0.543359375 0.9513888888888888 0.03671875 0.09444444444444444
0 0.7015625 0.9597222222222223 0.034375 0.07777777777777778
0 0.956640625 0.9583333333333334 0.07265625 0.08055555555555556
0 0.92734375 0.8777777777777778 0.0734375 0.06111111111111111
0 0.923828125 0.8020833333333334 0.09296875 0.059722222222222225
0 0.905859375 0.7375 0.07421875 0.05
0 0.829296875 0.7416666666666667 0.03984375 0.10833333333333334
0 0.778515625 0.7388888888888889 0.04140625 0.10277777777777777
0 0.726171875 0.73125 0.03671875 0.10138888888888889
0 0.594140625 0.7291666666666666 0.03203125 0.10277777777777777
0 0.551953125 0.7347222222222223 0.02890625 0.09166666666666666
0 0.97890625 0.5909722222222222 0.040625 0.09305555555555556
0 0.9375 0.4083333333333333 0.034375 0.06944444444444445
0 0.094140625 0.6166666666666667 0.04765625 0.08888888888888889
0 0.0640625 0.6145833333333334 0.04375 0.09305555555555556
0 0.01328125 0.6111111111111112 0.0265625 0.08333333333333333
0 0.0171875 0.46458333333333335 0.034375 0.06527777777777778
0 0.018359375 0.40625 0.03671875 0.05694444444444444
0 0.04296875 0.45902777777777776 0.0421875 0.07083333333333333
0 0.116015625 0.4027777777777778 0.03984375 0.058333333333333334
0 0.093359375 0.4583333333333333 0.03828125 0.07222222222222222
0 0.11953125 0.46041666666666664 0.034375 0.07361111111111111
0 0.145703125 0.46041666666666664 0.03828125 0.0763888888888889
0 0.17109375 0.39791666666666664 0.0359375 0.0625
0 0.753125 0.22430555555555556 0.028125 0.06805555555555555
0 0.5890625 0.22777777777777777 0.0234375 0.05277777777777778
0 0.536328125 0.2298611111111111 0.02265625 0.059722222222222225
0 0.48671875 0.22916666666666666 0.0296875 0.06388888888888888
0 0.412890625 0.2361111111111111 0.02578125 0.05555555555555555
0 0.382421875 0.2361111111111111 0.02734375 0.05277777777777778
0 0.349609375 0.2375 0.02578125 0.058333333333333334
0 0.228515625 0.24097222222222223 0.03046875 0.04861111111111111
0 0.2015625 0.23958333333333334 0.0296875 0.04583333333333333
0 0.181640625 0.2916666666666667 0.04140625 0.06388888888888888
0 0.15625 0.23958333333333334 0.0359375 0.05694444444444444
0 0.109765625 0.24791666666666667 0.03828125 0.05694444444444444
0 0.0890625 0.3 0.0328125 0.05555555555555555
0 0.0671875 0.2902777777777778 0.0328125 0.06111111111111111
0 0.06796875 0.24791666666666667 0.0359375 0.04861111111111111
0 0.042578125 0.24861111111111112 0.03515625 0.04722222222222222
0 0.0453125 0.29444444444444445 0.0359375 0.06111111111111111
0 0.01875 0.29791666666666666 0.03125 0.05694444444444444
0 0.014453125 0.1736111111111111 0.02890625 0.03333333333333333
0 0.0484375 0.11180555555555556 0.0421875 0.03194444444444444
0 0.06015625 0.09097222222222222 0.0359375 0.02638888888888889
0 0.08203125 0.04861111111111111 0.0359375 0.03611111111111111
0 0.10546875 0.013194444444444444 0.0296875 0.02638888888888889
0 0.08984375 0.16805555555555557 0.0328125 0.04722222222222222
0 0.1125 0.16527777777777777 0.0296875 0.05
0 0.192578125 0.15555555555555556 0.03046875 0.04722222222222222
0 0.14609375 0.12916666666666668 0.028125 0.04722222222222222
0 0.126171875 0.12777777777777777 0.02734375 0.03333333333333333
0 0.10703125 0.13194444444444445 0.0234375 0.03888888888888889
0 0.22734375 0.12222222222222222 0.025 0.03888888888888889
0 0.250390625 0.11805555555555555 0.02734375 0.044444444444444446
0 0.279296875 0.15208333333333332 0.02890625 0.05138888888888889
0 0.303515625 0.15763888888888888 0.02421875 0.04861111111111111
0 0.314453125 0.11319444444444444 0.02578125 0.04583333333333333
0 0.33671875 0.11319444444444444 0.0234375 0.05138888888888889
0 0.37265625 0.14930555555555555 0.0265625 0.05416666666666667
0 0.404296875 0.15208333333333332 0.02421875 0.05138888888888889
0 0.411328125 0.10902777777777778 0.02421875 0.043055555555555555
0 0.437109375 0.11319444444444444 0.02265625 0.04583333333333333
0 0.711328125 0.09375 0.02421875 0.05694444444444444
0 0.784765625 0.09236111111111112 0.02421875 0.05138888888888889
0 0.681640625 0.025 0.02421875 0.05
0 0.63828125 0.029861111111111113 0.021875 0.043055555555555555
0 0.53203125 0.0375 0.021875 0.04722222222222222
0 0.469921875 0.03958333333333333 0.02109375 0.043055555555555555
0 0.42578125 0.04513888888888889 0.021875 0.043055555555555555
0 0.431640625 0.0125 0.01796875 0.025
0 0.39453125 0.04791666666666667 0.021875 0.0375
0 0.29609375 0.04791666666666667 0.025 0.04027777777777778
0 0.27265625 0.052083333333333336 0.0234375 0.0375
0 0.2671875 0.02361111111111111 0.025 0.03611111111111111
0 0.237109375 0.05416666666666667 0.02890625 0.041666666666666664
0 0.228125 0.027083333333333334 0.025 0.03194444444444444
0 0.212109375 0.025694444444444443 0.01953125 0.034722222222222224
0 0.197265625 0.05763888888888889 0.02734375 0.043055555555555555
0 0.18203125 0.059027777777777776 0.025 0.034722222222222224
0 0.162890625 0.06180555555555556 0.02421875 0.0375
0 0.140234375 0.06527777777777778 0.03046875 0.03888888888888889
0 0.156640625 0.03263888888888889 0.02578125 0.03194444444444444
0 0.557421875 0.011805555555555555 0.01953125 0.02361111111111111
0 0.615625 0.009027777777777777 0.0234375 0.018055555555555554
0 0.724609375 0.009722222222222222 0.02265625 0.019444444444444445
0 0.0078125 0.2 0.015625 0.03333333333333333
0 0.9078125 0.27569444444444446 0.034375 0.07361111111111111
