0 0.336328125 0.29097222222222224 0.03359375 0.0625
0 0.3765625 0.2875 0.0328125 0.06388888888888888
0 0.404296875 0.2881944444444444 0.02734375 0.059722222222222225
0 0.48125 0.28888888888888886 0.028125 0.06111111111111111
0 0.50625 0.28680555555555554 0.025 0.05416666666666667
0 0.588671875 0.2826388888888889 0.02890625 0.059722222222222225
0 0.673046875 0.28125 0.02734375 0.05416666666666667
0 0.731640625 0.28055555555555556 0.03046875 0.05555555555555555
0 0.7609375 0.27708333333333335 0.028125 0.0625
0 0.78671875 0.27708333333333335 0.03125 0.05416666666666667
0 0.81640625 0.2743055555555556 0.0359375 0.0625
0 0.281640625 0.4013888888888889 0.03984375 0.058333333333333334
0 0.312890625 0.4027777777777778 0.03671875 0.06111111111111111
0 0.350390625 0.40208333333333335 0.03515625 0.05694444444444444
0 0.375390625 0.4013888888888889 0.03515625 0.06111111111111111
0 0.409765625 0.3958333333333333 0.03359375 0.058333333333333334
0 0.436328125 0.39791666666666664 0.03359375 0.05694444444444444
0 0.495703125 0.3958333333333333 0.03203125 0.06111111111111111
0 0.553125 0.3951388888888889 0.0296875 0.06805555555555555
0 0.61328125 0.39305555555555555 0.034375 0.06388888888888888
0 0.647265625 0.3888888888888889 0.03046875 0.07222222222222222
0 0.67890625 0.39375 0.03125 0.07361111111111111
0 0.709375 0.38958333333333334 0.0359375 0.07361111111111111
0 0.7734375 0.39166666666666666 0.0375 0.075
0 0.839453125 0.39166666666666666 0.03671875 0.06666666666666667
0 0.205078125 0.4638888888888889 0.04453125 0.08055555555555556
0 0.26015625 0.4673611111111111 0.040625 0.07916666666666666
0 0.291015625 0.4652777777777778 0.03671875 0.08055555555555556
0 0.335546875 0.46875 0.03046875 0.08472222222222223
0 0.3671875 0.4666666666666667 0.0421875 0.08333333333333333
0 0.42734375 0.4638888888888889 0.0375 0.08333333333333333
0 0.456640625 0.46805555555555556 0.03046875 0.075
0 0.48984375 0.46805555555555556 0.0328125 0.075
0 0.51875 0.46875 0.0328125 0.07083333333333333
0 0.55234375 0.46597222222222223 0.0265625 0.07083333333333333
0 0.582421875 0.4673611111111111 0.03203125 0.07083333333333333
0 0.613671875 0.4666666666666667 0.02890625 0.07222222222222222
0 0.646875 0.4638888888888889 0.03125 0.07222222222222222
0 0.68046875 0.4673611111111111 0.03125 0.07083333333333333
0 0.71171875 0.4652777777777778 0.0359375 0.06666666666666667
0 0.74609375 0.46597222222222223 0.0328125 0.07361111111111111
0 0.77890625 0.46319444444444446 0.0390625 0.07361111111111111
0 0.812109375 0.46597222222222223 0.03515625 0.06805555555555555
0 0.8484375 0.4597222222222222 0.0421875 0.075
0 0.121875 0.6152777777777778 0.0453125 0.08333333333333333
0 0.187109375 0.61875 0.04453125 0.07916666666666666
0 0.219140625 0.6166666666666667 0.04140625 0.07777777777777778
0 0.2515625 0.6222222222222222 0.0421875 0.075
0 0.30234375 0.61875 0.0390625 0.07083333333333333
0 0.33671875 0.6166666666666667 0.040625 0.07777777777777778
0 0.37265625 0.6201388888888889 0.0484375 0.08472222222222223
0 0.405078125 0.6201388888888889 0.04140625 0.07916666666666666
0 0.438671875 0.6236111111111111 0.04140625 0.08055555555555556
0 0.47109375 0.6222222222222222 0.0359375 0.08055555555555556
0 0.506640625 0.6243055555555556 0.03671875 0.0875
0 0.54140625 0.6208333333333333 0.0375 0.07777777777777778
0 0.57890625 0.6222222222222222 0.0359375 0.08611111111111111
0 0.6140625 0.6201388888888889 0.0359375 0.08194444444444444
0 0.651953125 0.6256944444444444 0.03671875 0.08194444444444444
0 0.689453125 0.6277777777777778 0.04140625 0.08333333333333333
0 0.7265625 0.6256944444444444 0.0421875 0.08194444444444444
0 0.7640625 0.625 0.040625 0.08888888888888889
0 0.801171875 0.6277777777777778 0.04453125 0.09166666666666666
0 0.837109375 0.6236111111111111 0.04140625 0.08888888888888889
0 0.875 0.6215277777777778 0.0484375 0.0875
0 0.059375 0.7333333333333333 0.053125 0.075
0 0.1375 0.7388888888888889 0.0546875 0.08611111111111111
0 0.219140625 0.7368055555555556 0.05390625 0.09305555555555556
0 0.25703125 0.7368055555555556 0.053125 0.0875
0 0.300390625 0.7354166666666667 0.05234375 0.07916666666666666
0 0.470703125 0.7444444444444445 0.04140625 0.08611111111111111
0 0.510546875 0.7479166666666667 0.04609375 0.0875
0 0.09375 0.6152777777777778 0.0453125 0.08055555555555556
0 0.0625 0.6090277777777777 0.0453125 0.09305555555555556
0 0.030859375 0.6152777777777778 0.04453125 0.08888888888888889
0 0.01015625 0.6111111111111112 0.0203125 0.08333333333333333
0 0.254296875 0.9493055555555555 0.05234375 0.09861111111111111
0 0.3078125 0.9486111111111111 0.0421875 0.1
0 0.35078125 0.9479166666666666 0.04375 0.10138888888888889
0 0.698828125 0.9576388888888889 0.03203125 0.08194444444444444
0 0.7484375 0.9423611111111111 0.0359375 0.1125
0 0.90234375 0.7298611111111111 0.065625 0.0625
0 0.912890625 0.7923611111111111 0.07265625 0.059722222222222225
0 0.926953125 0.8659722222222223 0.06640625 0.07083333333333333
0 0.958203125 0.9590277777777778 0.06796875 0.07916666666666666
0 0.984765625 0.60625 0.02890625 0.10694444444444444
0 0.951953125 0.4638888888888889 0.03671875 0.075
0 0.935546875 0.39444444444444443 0.03671875 0.07222222222222222
0 0.7234375 0.7263888888888889 0.034375 0.09444444444444444
0 0.149609375 0.4618055555555556 0.04609375 0.08194444444444444
0 0.116796875 0.46458333333333335 0.03828125 0.0763888888888889
0 0.06875 0.46111111111111114 0.0421875 0.07777777777777778
0 0.039453125 0.46319444444444446 0.04140625 0.06805555555555555
0 0.016015625 0.4638888888888889 0.03203125 0.075
0 0.1171875 0.29375 0.034375 0.0625
0 0.187890625 0.28958333333333336 0.03515625 0.06527777777777778
0 0.093359375 0.2923611111111111 0.03046875 0.059722222222222225
0 0.06640625 0.24791666666666667 0.03125 0.04583333333333333
0 0.0484375 0.29305555555555557 0.0390625 0.058333333333333334
0 0.020703125 0.2951388888888889 0.03671875 0.059722222222222225
0 0.5953125 0.7305555555555555 0.0359375 0.10555555555555556
0 0.11328125 0.24513888888888888 0.0328125 0.04583333333333333
0 0.384375 0.23472222222222222 0.0296875 0.04722222222222222
0 0.460546875 0.23819444444444443 0.02578125 0.059722222222222225
0 0.64453125 0.2298611111111111 0.0265625 0.05694444444444444
0 0.6953125 0.225 0.0265625 0.05555555555555555
0 0.72265625 0.225 0.0265625 0.05277777777777778
0 0.76953125 0.13680555555555557 0.0265625 0.0625
0 0.714453125 0.13819444444444445 0.02421875 0.05694444444444444
0 0.712890625 0.09097222222222222 0.02578125 0.04583333333333333
0 0.68515625 0.1 0.0234375 0.05555555555555555
0 0.618359375 0.14166666666666666 0.02265625 0.058333333333333334
0 0.593359375 0.10416666666666667 0.02421875 0.041666666666666664
0 0.70546875 0.025 0.0203125 0.05
0 0.6390625 0.02847222222222222 0.021875 0.05138888888888889
0 0.573828125 0.03333333333333333 0.02421875 0.05277777777777778
0 0.48984375 0.04375 0.0234375 0.04861111111111111
0 0.4265625 0.04513888888888889 0.0234375 0.04583333333333333
0 0.398828125 0.019444444444444445 0.02421875 0.03888888888888889
0 0.333984375 0.04652777777777778 0.02578125 0.05138888888888889
0 0.379296875 0.11666666666666667 0.02734375 0.04722222222222222
0 0.403125 0.15208333333333332 0.025 0.05694444444444444
0 0.345703125 0.15416666666666667 0.03046875 0.04722222222222222
0 0.257421875 0.15416666666666667 0.03046875 0.05555555555555555
0 0.27265625 0.11458333333333333 0.025 0.04027777777777778
0 0.2359375 0.15 0.028125 0.06388888888888888
0 0.19453125 0.15833333333333333 0.0296875 0.05555555555555555
0 0.189453125 0.11736111111111111 0.02890625 0.043055555555555555
0 0.1671875 0.12291666666666666 0.0265625 0.04583333333333333
0 0.172265625 0.15625 0.03046875 0.059722222222222225
0 0.146484375 0.125 0.02578125 0.05
0 0.107421875 0.12708333333333333 0.02890625 0.04027777777777778
0 0.09140625 0.16458333333333333 0.03125 0.059722222222222225
0 0.19921875 0.05625 0.028125 0.043055555555555555
0 0.178515625 0.052083333333333336 0.02734375 0.05138888888888889
0 0.172265625 0.029861111111111113 0.02578125 0.04027777777777778
0 0.155078125 0.02847222222222222 0.02265625 0.029166666666666667
0 0.142578125 0.06041666666666667 0.02421875 0.04027777777777778
0 0.10703125 0.0125 0.034375 0.025
0 0.05 0.11180555555555556 0.040625 0.03194444444444444
0 0.0578125 0.08611111111111111 0.034375 0.027777777777777776
0 0.0140625 0.17430555555555555 0.028125 0.03194444444444444
0 0.5453125 0.9541666666666667 0.0359375 0.08888888888888889
0 0.267578125 0.01875 0.02578125 0.0375
0 0.286328125 0.01875 0.01953125 0.0375
0 0.01171875 0.1951388888888889 0.0234375 0.034722222222222224
