0 0.23515625 0.2881944444444444 0.0359375 0.0625
0 0.3765625 0.2875 0.0328125 0.06388888888888888
0 0.5609375 0.28194444444444444 0.025 0.05277777777777778
0 0.588671875 0.2826388888888889 0.02890625 0.059722222222222225
0 0.644140625 0.28125 0.02734375 0.05416666666666667
0 0.78671875 0.27708333333333335 0.03125 0.05416666666666667
0 0.81640625 0.2743055555555556 0.0359375 0.0625
0 0.249609375 0.4013888888888889 0.03828125 0.06388888888888888
0 0.312890625 0.4027777777777778 0.03671875 0.06111111111111111
0 0.7734375 0.39166666666666666 0.0375 0.075
0 0.806640625 0.3909722222222222 0.03359375 0.07083333333333333
0 0.839453125 0.39166666666666666 0.03671875 0.06666666666666667
0 0.205078125 0.4638888888888889 0.04453125 0.08055555555555556
0 0.232421875 0.4597222222222222 0.03984375 0.08333333333333333
0 0.291015625 0.4652777777777778 0.03671875 0.08055555555555556
0 0.335546875 0.46875 0.03046875 0.08472222222222223
0 0.3671875 0.4666666666666667 0.0421875 0.08333333333333333
0 0.456640625 0.46805555555555556 0.03046875 0.075
0 0.51875 0.46875 0.0328125 0.07083333333333333
0 0.55234375 0.46597222222222223 0.0265625 0.07083333333333333
0 0.646875 0.4638888888888889 0.03125 0.07222222222222222
0 0.68046875 0.4673611111111111 0.03125 0.07083333333333333
0 0.74609375 0.46597222222222223 0.0328125 0.07361111111111111
0 0.812109375 0.46597222222222223 0.03515625 0.06805555555555555
0 0.1515625 0.6180555555555556 0.0453125 0.07777777777777778
0 0.187109375 0.61875 0.04453125 0.07916666666666666
0 0.219140625 0.6166666666666667 0.04140625 0.07777777777777778
0 0.2515625 0.6222222222222222 0.0421875 0.075
0 0.30234375 0.61875 0.0390625 0.07083333333333333
0 0.33671875 0.6166666666666667 0.040625 0.07777777777777778
0 0.37265625 0.6201388888888889 0.0484375 0.08472222222222223
0 0.405078125 0.6201388888888889 0.04140625 0.07916666666666666
0 0.438671875 0.6236111111111111 0.04140625 0.08055555555555556
0 0.47109375 0.6222222222222222 0.0359375 0.08055555555555556
0 0.54140625 0.6208333333333333 0.0375 0.07777777777777778
0 0.57890625 0.6222222222222222 0.0359375 0.08611111111111111
0 0.6140625 0.6201388888888889 0.0359375 0.08194444444444444
0 0.651953125 0.6256944444444444 0.03671875 0.08194444444444444
0 0.689453125 0.6277777777777778 0.04140625 0.08333333333333333
0 0.7265625 0.6256944444444444 0.0421875 0.08194444444444444
0 0.7640625 0.625 0.040625 0.08888888888888889
0 0.801171875 0.6277777777777778 0.04453125 0.09166666666666666
0 0.875 0.6215277777777778 0.0484375 0.0875
0 0.1375 0.7388888888888889 0.0546875 0.08611111111111111
0 0.1765625 0.7388888888888889 0.059375 0.08888888888888889
0 0.510546875 0.7479166666666667 0.04609375 0.0875
0 0.30703125 0.9444444444444444 0.0453125 0.1
0 0.023828125 0.725 0.04609375 0.1111111111111111
0 0.596484375 0.7340277777777777 0.03515625 0.10694444444444444
0 0.72734375 0.7277777777777777 0.0390625 0.10277777777777777
0 0.903125 0.7361111111111112 0.06875 0.06388888888888888
0 0.9265625 0.80625 0.0828125 0.06527777777777778
0 0.925390625 0.8763888888888889 0.07109375 0.06666666666666667
0 0.957421875 0.9583333333333334 0.06640625 0.08055555555555556
0 0.937890625 0.40555555555555556 0.03515625 0.07222222222222222
0 0.09375 0.6152777777777778 0.046875 0.09722222222222222
0 0.0640625 0.6118055555555556 0.04375 0.09861111111111111
0 0.01953125 0.4576388888888889 0.0390625 0.07916666666666666
0 0.092578125 0.4625 0.03671875 0.06666666666666667
0 0.121484375 0.4625 0.04140625 0.08055555555555556
0 0.116015625 0.40069444444444446 0.03515625 0.059722222222222225
0 0.589453125 0.22847222222222222 0.02734375 0.05138888888888889
0 0.753515625 0.2263888888888889 0.02734375 0.06666666666666667
0 0.83359375 0.18680555555555556 0.0453125 0.05416666666666667
0 0.7828125 0.09305555555555556 0.0265625 0.05
0 0.728125 0.027777777777777776 0.01875 0.044444444444444446
0 0.68828125 0.10208333333333333 0.021875 0.05416666666666667
0 0.61796875 0.10069444444444445 0.021875 0.05138888888888889
0 0.435546875 0.11805555555555555 0.02734375 0.044444444444444446
0 0.412890625 0.23819444444444443 0.02578125 0.059722222222222225
0 0.349609375 0.24097222222222223 0.02890625 0.059722222222222225
0 0.179296875 0.24513888888888888 0.03515625 0.05694444444444444
0 0.152734375 0.2465277777777778 0.03671875 0.05694444444444444
0 0.066015625 0.2520833333333333 0.03515625 0.05416666666666667
0 0.090625 0.30486111111111114 0.0359375 0.05416666666666667
0 0.048828125 0.10902777777777778 0.04140625 0.029166666666666667
0 0.08515625 0.04861111111111111 0.0359375 0.03333333333333333
0 0.11171875 0.16597222222222222 0.0296875 0.05138888888888889
0 0.153125 0.16180555555555556 0.03125 0.05138888888888889
0 0.18828125 0.125 0.028125 0.041666666666666664
0 0.193359375 0.15902777777777777 0.02734375 0.05138888888888889
0 0.2265625 0.12291666666666666 0.028125 0.043055555555555555
0 0.2484375 0.11875 0.0296875 0.043055555555555555
0 0.237109375 0.16111111111111112 0.03203125 0.044444444444444446
0 0.278515625 0.15625 0.03046875 0.05138888888888889
0 0.29140625 0.11458333333333333 0.025 0.0375
0 0.31171875 0.11944444444444445 0.0234375 0.05
0 0.334765625 0.11388888888888889 0.02578125 0.041666666666666664
0 0.323046875 0.15625 0.02734375 0.043055555555555555
0 0.378515625 0.12152777777777778 0.02109375 0.04861111111111111
0 0.575 0.03125 0.0203125 0.05416666666666667
0 0.553125 0.034027777777777775 0.021875 0.04861111111111111
0 0.512109375 0.043055555555555555 0.01953125 0.05277777777777778
0 0.491015625 0.04097222222222222 0.01640625 0.04583333333333333
0 0.470703125 0.043055555555555555 0.01796875 0.044444444444444446
0 0.428125 0.05 0.021875 0.05277777777777778
0 0.393359375 0.049305555555555554 0.02421875 0.04027777777777778
0 0.335546875 0.05277777777777778 0.02578125 0.041666666666666664
0 0.32578125 0.018055555555555554 0.0203125 0.03611111111111111
0 0.276171875 0.052083333333333336 0.02421875 0.05138888888888889
0 0.23046875 0.025 0.0234375 0.03333333333333333
0 0.220703125 0.05625 0.02421875 0.0375
0 0.1984375 0.05416666666666667 0.0234375 0.05
0 0.182421875 0.05763888888888889 0.02421875 0.043055555555555555
0 0.16484375 0.06041666666666667 0.0265625 0.04583333333333333
0 0.70078125 0.9569444444444445 0.0328125 0.08333333333333333
0 0.54453125 0.9548611111111112 0.0328125 0.0875
0 0.11171875 0.9430555555555555 0.0484375 0.08333333333333333
0 0.008984375 0.19930555555555557 0.01796875 0.03194444444444444
0 0.61875 0.011805555555555555 0.0203125 0.02361111111111111
0 0.4765625 0.013888888888888888 0.01875 0.027777777777777776
