0 0.137109375 0.7277777777777777 0.04609375 0.10277777777777777
0 0.302734375 0.61875 0.03828125 0.07916666666666666
0 0.369140625 0.6201388888888889 0.03359375 0.09027777777777778
0 0.405078125 0.6222222222222222 0.03359375 0.08055555555555556
0 0.50859375 0.7270833333333333 0.0375 0.1125
0 0.89921875 0.7298611111111111 0.06875 0.07361111111111111
0 0.915625 0.8020833333333334 0.08125 0.05416666666666667
0 0.92265625 0.875 0.071875 0.05555555555555555
0 0.9453125 0.9708333333333333 0.0546875 0.05555555555555555
0 0.85 0.46597222222222223 0.0375 0.0875
0 0.813671875 0.4597222222222222 0.03515625 0.08055555555555556
0 0.78046875 0.4618055555555556 0.0359375 0.08472222222222223
0 0.378515625 0.4965277777777778 0.05703125 0.06805555555555555
0 0.340234375 0.46319444444444446 0.03671875 0.0763888888888889
0 0.2078125 0.12638888888888888 0.0328125 0.05
0 0.05546875 0.09375 0.040625 0.03194444444444444
0 0.1421875 0.06319444444444444 0.028125 0.04861111111111111
0 0.175390625 0.03194444444444444 0.02421875 0.03333333333333333
0 0.284765625 0.021527777777777778 0.02265625 0.043055555555555555
0 0.446875 0.03958333333333333 0.025 0.043055555555555555
