0 0.88359375 0.6354166666666666 0.0375 0.09027777777777778
0 0.9015625 0.7277777777777777 0.06875 0.058333333333333334
0 0.91171875 0.7847222222222222 0.071875 0.06388888888888888
0 0.95703125 0.9597222222222223 0.0671875 0.07777777777777778
0 0.987109375 0.6416666666666667 0.02421875 0.10277777777777777
0 0.95859375 0.47847222222222224 0.0375 0.07916666666666666
0 0.94375 0.4111111111111111 0.0328125 0.075
0 0.927734375 0.34652777777777777 0.03203125 0.07361111111111111
0 0.73046875 0.7291666666666666 0.034375 0.09444444444444444
0 0.83203125 0.7395833333333334 0.0453125 0.1125
0 0.30859375 0.9472222222222222 0.046875 0.10277777777777777
0 0.250390625 0.9479166666666666 0.04140625 0.10138888888888889
0 0.209765625 0.9277777777777778 0.03359375 0.10833333333333334
0 0.257421875 0.7319444444444444 0.05078125 0.10833333333333334
0 0.4265625 0.7388888888888889 0.040625 0.09444444444444444
0 0.511328125 0.7381944444444445 0.03359375 0.10694444444444444
0 0.59765625 0.7340277777777777 0.034375 0.10416666666666667
0 0.175 0.7326388888888888 0.0546875 0.10694444444444444
0 0.137109375 0.725 0.04609375 0.10555555555555556
0 0.06171875 0.6159722222222223 0.0484375 0.09027777777777778
0 0.029296875 0.6159722222222223 0.04296875 0.07916666666666666
0 0.00859375 0.6125 0.0171875 0.08055555555555556
0 0.117578125 0.6208333333333333 0.04609375 0.07777777777777778
0 0.151953125 0.6159722222222223 0.04140625 0.08194444444444444
0 0.18515625 0.61875 0.046875 0.09583333333333334
0 0.2171875 0.6229166666666667 0.0375 0.0875
0 0.253515625 0.6215277777777778 0.03671875 0.08194444444444444
0 0.30390625 0.6201388888888889 0.034375 0.08194444444444444
0 0.334765625 0.6201388888888889 0.03671875 0.0875
0 0.37109375 0.6208333333333333 0.0328125 0.08611111111111111
0 0.40546875 0.6215277777777778 0.0359375 0.09027777777777778
0 0.439453125 0.6159722222222223 0.03359375 0.09305555555555556
0 0.475 0.6263888888888889 0.034375 0.08333333333333333
0 0.509375 0.6305555555555555 0.028125 0.08888888888888889
0 0.544140625 0.6194444444444445 0.03046875 0.10555555555555556
0 0.612109375 0.6256944444444444 0.03046875 0.09861111111111111
0 0.651953125 0.6305555555555555 0.02890625 0.1
0 0.6890625 0.6236111111111111 0.0328125 0.10833333333333334
0 0.7296875 0.6291666666666667 0.034375 0.1
0 0.7671875 0.6305555555555555 0.0328125 0.09722222222222222
0 0.803515625 0.6354166666666666 0.03828125 0.09305555555555556
0 0.844140625 0.6291666666666667 0.04140625 0.10277777777777777
0 0.816015625 0.4625 0.03359375 0.06388888888888888
0 0.775 0.3993055555555556 0.034375 0.07083333333333333
0 0.78359375 0.47291666666666665 0.0359375 0.07916666666666666
0 0.748046875 0.4673611111111111 0.03203125 0.0875
0 0.7125 0.46041666666666664 0.03125 0.08194444444444444
0 0.67890625 0.4583333333333333 0.0296875 0.08611111111111111
0 0.64765625 0.4638888888888889 0.03125 0.08333333333333333
0 0.6140625 0.4583333333333333 0.021875 0.07777777777777778
0 0.58046875 0.45555555555555555 0.0296875 0.08333333333333333
0 0.551171875 0.46458333333333335 0.02734375 0.0763888888888889
0 0.518359375 0.46319444444444446 0.02734375 0.08194444444444444
0 0.489453125 0.4625 0.03046875 0.06388888888888888
0 0.45703125 0.4701388888888889 0.03125 0.0763888888888889
0 0.425 0.4673611111111111 0.03125 0.0763888888888889
0 0.396484375 0.4652777777777778 0.03046875 0.07222222222222222
0 0.36640625 0.46944444444444444 0.034375 0.07222222222222222
0 0.335546875 0.46944444444444444 0.03515625 0.07777777777777778
0 0.352734375 0.39375 0.03359375 0.0625
0 0.307421875 0.4027777777777778 0.03359375 0.05555555555555555
0 0.292578125 0.4638888888888889 0.03828125 0.075
0 0.262109375 0.46319444444444446 0.03359375 0.07083333333333333
0 0.233984375 0.4652777777777778 0.03359375 0.075
0 0.279296875 0.39861111111111114 0.03515625 0.06666666666666667
0 0.22265625 0.3972222222222222 0.0375 0.07777777777777778
0 0.2046875 0.4673611111111111 0.0359375 0.07083333333333333
0 0.1765625 0.46319444444444446 0.034375 0.07916666666666666
0 0.147265625 0.46597222222222223 0.03828125 0.07916666666666666
0 0.144140625 0.39652777777777776 0.03515625 0.0763888888888889
0 0.120703125 0.46458333333333335 0.04140625 0.07083333333333333
0 0.09140625 0.4666666666666667 0.0390625 0.06944444444444445
0 0.0203125 0.4041666666666667 0.040625 0.075
0 0.731640625 0.2777777777777778 0.02734375 0.075
0 0.7828125 0.22430555555555556 0.028125 0.06527777777777778
0 0.644921875 0.23055555555555557 0.02578125 0.058333333333333334
0 0.562109375 0.2791666666666667 0.02578125 0.07222222222222222
0 0.534375 0.2798611111111111 0.025 0.06527777777777778
0 0.51328125 0.23680555555555555 0.025 0.0625
0 0.487890625 0.2298611111111111 0.02109375 0.06527777777777778
0 0.45546875 0.28194444444444444 0.0265625 0.06944444444444445
0 0.43984375 0.23333333333333334 0.025 0.06666666666666667
0 0.384765625 0.23680555555555555 0.03203125 0.05138888888888889
0 0.37578125 0.28958333333333336 0.0296875 0.059722222222222225
0 0.337890625 0.2881944444444444 0.02421875 0.06805555555555555
0 0.34765625 0.23472222222222222 0.0265625 0.05555555555555555
0 0.317578125 0.24097222222222223 0.02890625 0.05694444444444444
0 0.284765625 0.28680555555555554 0.03046875 0.0625
0 0.260546875 0.2847222222222222 0.03046875 0.06666666666666667
0 0.199609375 0.24166666666666667 0.03203125 0.05277777777777778
0 0.17421875 0.23958333333333334 0.028125 0.05694444444444444
0 0.1578125 0.29583333333333334 0.03125 0.05555555555555555
0 0.13203125 0.24513888888888888 0.034375 0.059722222222222225
0 0.109765625 0.24583333333333332 0.02890625 0.05555555555555555
0 0.112109375 0.3020833333333333 0.03671875 0.05416666666666667
0 0.08671875 0.24583333333333332 0.028125 0.04722222222222222
0 0.066015625 0.2902777777777778 0.03515625 0.06388888888888888
0 0.042578125 0.29305555555555557 0.03203125 0.058333333333333334
0 0.019921875 0.29375 0.03359375 0.059722222222222225
0 0.0265625 0.24583333333333332 0.03125 0.05277777777777778
0 0.01796875 0.16111111111111112 0.0359375 0.03333333333333333
0 0.0453125 0.10972222222222222 0.0390625 0.030555555555555555
0 0.056640625 0.09027777777777778 0.03515625 0.030555555555555555
0 0.0734375 0.06597222222222222 0.0359375 0.029166666666666667
0 0.098828125 0.024305555555555556 0.03671875 0.029166666666666667
0 0.084765625 0.1701388888888889 0.03046875 0.04027777777777778
0 0.10859375 0.1625 0.025 0.04722222222222222
0 0.129296875 0.16111111111111112 0.02890625 0.05277777777777778
0 0.14921875 0.16319444444444445 0.0296875 0.04583333333333333
0 0.103125 0.12916666666666668 0.028125 0.030555555555555555
0 0.125 0.125 0.025 0.030555555555555555
0 0.14609375 0.12430555555555556 0.0265625 0.034722222222222224
0 0.1671875 0.12361111111111112 0.0296875 0.03888888888888889
0 0.2265625 0.11944444444444445 0.03125 0.03888888888888889
0 0.2484375 0.11458333333333333 0.0234375 0.043055555555555555
0 0.270703125 0.11527777777777778 0.02421875 0.03611111111111111
0 0.25859375 0.15208333333333332 0.025 0.04861111111111111
0 0.312109375 0.11736111111111111 0.02578125 0.04861111111111111
0 0.355078125 0.11388888888888889 0.02734375 0.05277777777777778
0 0.370703125 0.1486111111111111 0.02578125 0.058333333333333334
0 0.4078125 0.11180555555555556 0.028125 0.04027777777777778
0 0.405078125 0.15208333333333332 0.02265625 0.04861111111111111
0 0.429296875 0.15069444444444444 0.02265625 0.05694444444444444
0 0.479296875 0.1111111111111111 0.02109375 0.03888888888888889
0 0.615625 0.10069444444444445 0.0171875 0.0625
0 0.75859375 0.09652777777777778 0.0296875 0.05416666666666667
0 0.776953125 0.025 0.02890625 0.044444444444444446
0 0.596484375 0.02847222222222222 0.02265625 0.04861111111111111
0 0.51015625 0.0375 0.0203125 0.05277777777777778
0 0.46875 0.04236111111111111 0.0265625 0.04861111111111111
0 0.393359375 0.04791666666666667 0.02421875 0.04583333333333333
0 0.405859375 0.017361111111111112 0.01796875 0.034722222222222224
0 0.354296875 0.04513888888888889 0.02265625 0.04027777777777778
0 0.333203125 0.04861111111111111 0.02734375 0.044444444444444446
0 0.322265625 0.01875 0.02578125 0.0375
0 0.301953125 0.020833333333333332 0.02265625 0.03611111111111111
0 0.283203125 0.01597222222222222 0.02578125 0.03194444444444444
0 0.264453125 0.017361111111111112 0.02421875 0.029166666666666667
0 0.22890625 0.025 0.025 0.030555555555555555
0 0.276171875 0.04861111111111111 0.02421875 0.03888888888888889
0 0.253515625 0.04861111111111111 0.02265625 0.03888888888888889
0 0.23515625 0.05347222222222222 0.0265625 0.034722222222222224
0 0.215625 0.05486111111111111 0.025 0.0375
0 0.19921875 0.05555555555555555 0.0234375 0.03888888888888889
0 0.178515625 0.059027777777777776 0.02578125 0.0375
0 0.158984375 0.059027777777777776 0.02734375 0.0375
0 0.1734375 0.025 0.0234375 0.030555555555555555
0 0.15390625 0.029166666666666667 0.0265625 0.025
0 0.14296875 0.06527777777777778 0.021875 0.03888888888888889
0 0.011328125 0.19722222222222222 0.02265625 0.027777777777777776
0 0.933984375 0.8604166666666667 0.07421875 0.06805555555555555
0 0.1140625 0.006944444444444444 0.0359375 0.013888888888888888
