0 0.259765625 0.2902777777777778 0.03515625 0.06666666666666667
0 0.286328125 0.2902777777777778 0.03359375 0.06666666666666667
0 0.3109375 0.28888888888888886 0.0359375 0.06666666666666667
0 0.336328125 0.29097222222222224 0.03359375 0.0625
0 0.3765625 0.2875 0.0328125 0.06388888888888888
0 0.404296875 0.2881944444444444 0.02734375 0.059722222222222225
0 0.430078125 0.2902777777777778 0.02578125 0.06388888888888888
0 0.4546875 0.2875 0.0265625 0.06388888888888888
0 0.48125 0.28888888888888886 0.028125 0.06111111111111111
0 0.50625 0.28680555555555554 0.025 0.05416666666666667
0 0.5328125 0.28680555555555554 0.0265625 0.05694444444444444
0 0.5609375 0.28194444444444444 0.025 0.05277777777777778
0 0.588671875 0.2826388888888889 0.02890625 0.059722222222222225
0 0.644140625 0.28125 0.02734375 0.05416666666666667
0 0.673046875 0.28125 0.02734375 0.05416666666666667
0 0.701171875 0.27847222222222223 0.02734375 0.05138888888888889
0 0.78671875 0.27708333333333335 0.03125 0.05416666666666667
0 0.19765625 0.40069444444444446 0.0421875 0.059722222222222225
0 0.223046875 0.3993055555555556 0.04140625 0.0625
0 0.249609375 0.4013888888888889 0.03828125 0.06388888888888888
0 0.281640625 0.4013888888888889 0.03984375 0.058333333333333334
0 0.350390625 0.40208333333333335 0.03515625 0.05694444444444444
0 0.375390625 0.4013888888888889 0.03515625 0.06111111111111111
0 0.436328125 0.39791666666666664 0.03359375 0.05694444444444444
0 0.465234375 0.39652777777777776 0.03515625 0.0625
0 0.495703125 0.3958333333333333 0.03203125 0.06111111111111111
0 0.521875 0.39652777777777776 0.03125 0.059722222222222225
0 0.58359375 0.39652777777777776 0.0296875 0.059722222222222225
0 0.61328125 0.39305555555555555 0.034375 0.06388888888888888
0 0.67890625 0.39375 0.03125 0.07361111111111111
0 0.709375 0.38958333333333334 0.0359375 0.07361111111111111
0 0.7734375 0.39166666666666666 0.0375 0.075
0 0.176171875 0.4618055555555556 0.03671875 0.07916666666666666
0 0.205078125 0.4638888888888889 0.04453125 0.08055555555555556
0 0.232421875 0.4597222222222222 0.03984375 0.08333333333333333
0 0.26015625 0.4673611111111111 0.040625 0.07916666666666666
0 0.291015625 0.4652777777777778 0.03671875 0.08055555555555556
0 0.335546875 0.46875 0.03046875 0.08472222222222223
0 0.3671875 0.4666666666666667 0.0421875 0.08333333333333333
0 0.39453125 0.46805555555555556 0.0375 0.07777777777777778
0 0.42734375 0.4638888888888889 0.0375 0.08333333333333333
0 0.456640625 0.46805555555555556 0.03046875 0.075
0 0.48984375 0.46805555555555556 0.0328125 0.075
0 0.51875 0.46875 0.0328125 0.07083333333333333
0 0.55234375 0.46597222222222223 0.0265625 0.07083333333333333
0 0.582421875 0.4673611111111111 0.03203125 0.07083333333333333
0 0.613671875 0.4666666666666667 0.02890625 0.07222222222222222
0 0.646875 0.4638888888888889 0.03125 0.07222222222222222
0 0.71171875 0.4652777777777778 0.0359375 0.06666666666666667
0 0.74609375 0.46597222222222223 0.0328125 0.07361111111111111
0 0.77890625 0.46319444444444446 0.0390625 0.07361111111111111
0 0.812109375 0.46597222222222223 0.03515625 0.06805555555555555
0 0.8484375 0.4597222222222222 0.0421875 0.075
0 0.121875 0.6152777777777778 0.0453125 0.08333333333333333
0 0.1515625 0.6180555555555556 0.0453125 0.07777777777777778
0 0.187109375 0.61875 0.04453125 0.07916666666666666
0 0.219140625 0.6166666666666667 0.04140625 0.07777777777777778
0 0.2515625 0.6222222222222222 0.0421875 0.075
0 0.30234375 0.61875 0.0390625 0.07083333333333333
0 0.33671875 0.6166666666666667 0.040625 0.07777777777777778
0 0.37265625 0.6201388888888889 0.0484375 0.08472222222222223
0 0.405078125 0.6201388888888889 0.04140625 0.07916666666666666
0 0.438671875 0.6236111111111111 0.04140625 0.08055555555555556
0 0.47109375 0.6222222222222222 0.0359375 0.08055555555555556
0 0.506640625 0.6243055555555556 0.03671875 0.0875
0 0.54140625 0.6208333333333333 0.0375 0.07777777777777778
0 0.57890625 0.6222222222222222 0.0359375 0.08611111111111111
0 0.6140625 0.6201388888888889 0.0359375 0.08194444444444444
0 0.651953125 0.6256944444444444 0.03671875 0.08194444444444444
0 0.689453125 0.6277777777777778 0.04140625 0.08333333333333333
0 0.7265625 0.6256944444444444 0.0421875 0.08194444444444444
0 0.7640625 0.625 0.040625 0.08888888888888889
0 0.801171875 0.6277777777777778 0.04453125 0.09166666666666666
0 0.837109375 0.6236111111111111 0.04140625 0.08888888888888889
0 0.875 0.6215277777777778 0.0484375 0.0875
0 0.095703125 0.7368055555555556 0.05546875 0.08472222222222223
0 0.1375 0.7388888888888889 0.0546875 0.08611111111111111
0 0.1765625 0.7388888888888889 0.059375 0.08888888888888889
0 0.25703125 0.7368055555555556 0.053125 0.0875
0 0.300390625 0.7354166666666667 0.05234375 0.07916666666666666
0 0.470703125 0.7444444444444445 0.04140625 0.08611111111111111
0 0.510546875 0.7479166666666667 0.04609375 0.0875
0 0.070703125 0.9375 0.05234375 0.09444444444444444
0 0.1125 0.9256944444444445 0.0375 0.09861111111111111
0 0.16171875 0.9361111111111111 0.046875 0.08888888888888889
0 0.2546875 0.9395833333333333 0.046875 0.09305555555555556
0 0.44921875 0.95 0.040625 0.09722222222222222
0 0.5 0.9541666666666667 0.034375 0.08888888888888889
0 0.545703125 0.9493055555555555 0.03828125 0.09861111111111111
0 0.69921875 0.9527777777777777 0.0359375 0.09166666666666666
0 0.749609375 0.9402777777777778 0.04140625 0.11666666666666667
0 0.95 0.9319444444444445 0.0671875 0.09166666666666666
0 0.92734375 0.8541666666666666 0.08125 0.06944444444444445
0 0.915234375 0.7868055555555555 0.08359375 0.0625
0 0.9 0.7291666666666666 0.0796875 0.05555555555555555
0 0.980859375 0.60625 0.03671875 0.09861111111111111
0 0.925390625 0.3506944444444444 0.03515625 0.0625
0 0.826953125 0.7361111111111112 0.04296875 0.1111111111111111
0 0.77734375 0.7361111111111112 0.0453125 0.1
0 0.72734375 0.7270833333333333 0.0375 0.10138888888888889
0 0.592578125 0.7284722222222222 0.03671875 0.10138888888888889
0 0.029296875 0.7229166666666667 0.05390625 0.10138888888888889
0 0.09375 0.6131944444444445 0.04375 0.08472222222222223
0 0.065234375 0.6125 0.04453125 0.09166666666666666
0 0.035546875 0.6131944444444445 0.04453125 0.08194444444444444
0 0.013671875 0.6111111111111112 0.02734375 0.08888888888888889
0 0.14765625 0.46111111111111114 0.0390625 0.07222222222222222
0 0.120703125 0.4625 0.03515625 0.058333333333333334
0 0.09609375 0.45625 0.0359375 0.07083333333333333
0 0.04296875 0.45902777777777776 0.0359375 0.07083333333333333
0 0.018359375 0.4548611111111111 0.03515625 0.06805555555555555
0 0.016015625 0.40069444444444446 0.03203125 0.0625
0 0.041015625 0.40208333333333335 0.04453125 0.05694444444444444
0 0.067578125 0.4013888888888889 0.04140625 0.06111111111111111
0 0.091796875 0.4041666666666667 0.03828125 0.06388888888888888
0 0.121875 0.3972222222222222 0.034375 0.06111111111111111
0 0.144140625 0.3993055555555556 0.04140625 0.05416666666666667
0 0.6703125 0.22777777777777777 0.0296875 0.05555555555555555
0 0.58984375 0.2263888888888889 0.025 0.05277777777777778
0 0.48828125 0.22916666666666666 0.028125 0.06111111111111111
0 0.382421875 0.23680555555555555 0.03046875 0.05138888888888889
0 0.349609375 0.2361111111111111 0.02890625 0.04722222222222222
0 0.179296875 0.24027777777777778 0.02578125 0.04722222222222222
0 0.207421875 0.29305555555555557 0.03046875 0.058333333333333334
0 0.18203125 0.29305555555555557 0.0359375 0.06666666666666667
0 0.158203125 0.29305555555555557 0.03046875 0.06666666666666667
0 0.133984375 0.29097222222222224 0.03359375 0.0625
0 0.11015625 0.2972222222222222 0.034375 0.06111111111111111
0 0.06796875 0.25069444444444444 0.0328125 0.04583333333333333
0 0.04375 0.29444444444444445 0.034375 0.06111111111111111
0 0.02265625 0.2951388888888889 0.03125 0.0625
0 0.172265625 0.1597222222222222 0.02890625 0.05
0 0.132421875 0.16319444444444445 0.02890625 0.05138888888888889
0 0.110546875 0.16527777777777777 0.03046875 0.044444444444444446
0 0.087109375 0.16666666666666666 0.03203125 0.03888888888888889
0 0.105859375 0.12708333333333333 0.02578125 0.04027777777777778
0 0.12890625 0.125 0.0234375 0.030555555555555555
0 0.148828125 0.12152777777777778 0.02109375 0.034722222222222224
0 0.187109375 0.11666666666666667 0.02421875 0.03888888888888889
0 0.20859375 0.12291666666666666 0.025 0.043055555555555555
0 0.2921875 0.11597222222222223 0.0265625 0.04861111111111111
0 0.312109375 0.11597222222222223 0.01953125 0.04027777777777778
0 0.38046875 0.10972222222222222 0.021875 0.03888888888888889
0 0.371875 0.15763888888888888 0.025 0.04861111111111111
0 0.40234375 0.15625 0.025 0.043055555555555555
0 0.412109375 0.1125 0.01640625 0.044444444444444446
0 0.43359375 0.11458333333333333 0.0203125 0.04027777777777778
0 0.4296875 0.1527777777777778 0.0171875 0.044444444444444446
0 0.5046875 0.10833333333333334 0.021875 0.05277777777777778
0 0.615625 0.13819444444444445 0.01875 0.05694444444444444
0 0.615234375 0.09166666666666666 0.02265625 0.044444444444444446
0 0.7171875 0.12916666666666668 0.0265625 0.058333333333333334
0 0.765625 0.13125 0.025 0.059722222222222225
0 0.751171875 0.025 0.02578125 0.05
0 0.70625 0.03125 0.021875 0.04583333333333333
0 0.532421875 0.0375 0.01953125 0.04722222222222222
0 0.509765625 0.0375 0.01953125 0.05555555555555555
0 0.4328125 0.017361111111111112 0.0203125 0.034722222222222224
0 0.401953125 0.018055555555555554 0.01953125 0.03611111111111111
0 0.35390625 0.04791666666666667 0.0265625 0.04583333333333333
0 0.296484375 0.05 0.02734375 0.041666666666666664
0 0.305859375 0.017361111111111112 0.02265625 0.029166666666666667
0 0.285546875 0.017361111111111112 0.02109375 0.02638888888888889
0 0.275 0.04791666666666667 0.0234375 0.043055555555555555
0 0.25546875 0.05277777777777778 0.0234375 0.041666666666666664
0 0.26328125 0.022916666666666665 0.021875 0.03194444444444444
0 0.246875 0.025 0.0203125 0.03333333333333333
0 0.21015625 0.027777777777777776 0.021875 0.03611111111111111
0 0.19140625 0.027777777777777776 0.01875 0.030555555555555555
0 0.17421875 0.027777777777777776 0.0203125 0.027777777777777776
0 0.153125 0.03333333333333333 0.0203125 0.027777777777777776
0 0.141796875 0.06458333333333334 0.02265625 0.0375
0 0.1625 0.06180555555555556 0.0234375 0.0375
0 0.180859375 0.06180555555555556 0.02734375 0.04027777777777778
0 0.014453125 0.1736111111111111 0.02890625 0.03611111111111111
0 0.021875 0.15347222222222223 0.0375 0.029166666666666667
0 0.0484375 0.10902777777777778 0.0375 0.03194444444444444
0 0.059765625 0.09236111111111112 0.03984375 0.029166666666666667
0 0.07578125 0.059722222222222225 0.046875 0.03888888888888889
0 0.094921875 0.035416666666666666 0.03671875 0.02361111111111111
0 0.1078125 0.011805555555555555 0.0328125 0.02361111111111111
0 0.909375 0.2861111111111111 0.0328125 0.06666666666666667
0 0.888671875 0.18888888888888888 0.03359375 0.06111111111111111
