0 0.286328125 0.2902777777777778 0.03359375 0.06666666666666667
0 0.291015625 0.4652777777777778 0.03671875 0.08055555555555556
0 0.335546875 0.46875 0.03046875 0.08472222222222223
0 0.39453125 0.46805555555555556 0.0375 0.07777777777777778
0 0.8484375 0.4597222222222222 0.0421875 0.075
0 0.30234375 0.61875 0.0390625 0.07083333333333333
0 0.33671875 0.6166666666666667 0.040625 0.07777777777777778
0 0.54140625 0.6208333333333333 0.0375 0.07777777777777778
0 0.875 0.6215277777777778 0.0484375 0.0875
0 0.064453125 0.6118055555555556 0.04921875 0.09861111111111111
0 0.043359375 0.4625 0.03984375 0.07222222222222222
0 0.016015625 0.4583333333333333 0.03203125 0.06944444444444445
0 0.0875 0.30069444444444443 0.034375 0.059722222222222225
0 0.0671875 0.29583333333333334 0.0328125 0.06388888888888888
0 0.040625 0.2965277777777778 0.0328125 0.06805555555555555
0 0.0203125 0.2923611111111111 0.0359375 0.06527777777777778
0 0.073046875 0.24375 0.03671875 0.04861111111111111
0 0.043359375 0.24861111111111112 0.02890625 0.05
0 0.385546875 0.24027777777777778 0.02734375 0.06111111111111111
0 0.903515625 0.7361111111111112 0.06796875 0.05555555555555555
0 0.333984375 0.11805555555555555 0.02734375 0.05
0 0.248046875 0.11736111111111111 0.02578125 0.05138888888888889
0 0.188671875 0.12430555555555556 0.02890625 0.05694444444444444
0 0.125390625 0.12777777777777777 0.02578125 0.041666666666666664
0 0.103125 0.12777777777777777 0.0265625 0.044444444444444446
0 0.089453125 0.1673611111111111 0.03046875 0.04861111111111111
0 0.048046875 0.10833333333333334 0.03984375 0.030555555555555555
0 0.059765625 0.08888888888888889 0.03671875 0.030555555555555555
0 0.105078125 0.011111111111111112 0.03359375 0.022222222222222223
0 0.140625 0.06666666666666667 0.0265625 0.03333333333333333
0 0.153515625 0.030555555555555555 0.02578125 0.030555555555555555
0 0.172265625 0.03194444444444444 0.01796875 0.03333333333333333
0 0.19140625 0.02847222222222222 0.025 0.0375
0 0.179296875 0.05625 0.01953125 0.04027777777777778
0 0.253125 0.05486111111111111 0.0234375 0.043055555555555555
0 0.26953125 0.01875 0.01875 0.0375
0 0.29453125 0.05 0.0234375 0.04722222222222222
0 0.430859375 0.016666666666666666 0.02265625 0.03333333333333333
0 0.445703125 0.04097222222222222 0.02265625 0.043055555555555555
0 0.4953125 0.017361111111111112 0.0234375 0.034722222222222224
0 0.59296875 0.10138888888888889 0.0203125 0.04722222222222222
0 0.65625 0.03888888888888889 0.0421875 0.05277777777777778
0 0.8171875 0.025694444444444443 0.0265625 0.04027777777777778
0 0.809765625 0.2298611111111111 0.03046875 0.0625
0 0.1546875 0.9430555555555555 0.046875 0.09722222222222222
