0 0.024609375 0.7256944444444444 0.04921875 0.10138888888888889
0 0.1421875 0.7229166666666667 0.0453125 0.09861111111111111
0 0.180859375 0.7256944444444444 0.04453125 0.10972222222222222
0 0.2609375 0.7298611111111111 0.0453125 0.11805555555555555
0 0.300390625 0.7291666666666666 0.04296875 0.10555555555555556
0 0.391015625 0.7381944444444445 0.03828125 0.10138888888888889
0 0.430859375 0.7479166666666667 0.03828125 0.1125
0 0.1140625 0.9486111111111111 0.0515625 0.1
0 0.1609375 0.9465277777777777 0.04375 0.10416666666666667
0 0.214453125 0.9256944444444445 0.04609375 0.10138888888888889
0 0.250390625 0.9486111111111111 0.04140625 0.09166666666666666
0 0.30703125 0.9479166666666666 0.04375 0.09305555555555556
0 0.39765625 0.9548611111111112 0.046875 0.0875
0 0.44453125 0.9472222222222222 0.0359375 0.1
0 0.500390625 0.9520833333333333 0.03359375 0.09305555555555556
0 0.5421875 0.9520833333333333 0.0328125 0.09305555555555556
0 0.5921875 0.9479166666666666 0.034375 0.10138888888888889
0 0.70234375 0.9548611111111112 0.0390625 0.0875
0 0.781640625 0.7416666666666667 0.03984375 0.11388888888888889
0 0.728515625 0.7340277777777777 0.03515625 0.10138888888888889
0 0.829296875 0.7395833333333334 0.04140625 0.11805555555555555
0 0.96015625 0.8979166666666667 0.078125 0.06805555555555555
0 0.94921875 0.9638888888888889 0.0625 0.06944444444444445
0 0.9203125 0.8361111111111111 0.0796875 0.07222222222222222
0 0.909375 0.7784722222222222 0.075 0.0625
0 0.901171875 0.7298611111111111 0.06640625 0.0625
0 0.975390625 0.5479166666666667 0.03828125 0.0875
0 0.954296875 0.47708333333333336 0.03984375 0.07916666666666666
0 0.941015625 0.40694444444444444 0.03671875 0.07222222222222222
0 0.925390625 0.34791666666666665 0.03203125 0.06527777777777778
0 0.815234375 0.5548611111111111 0.06015625 0.0763888888888889
0 0.8421875 0.6333333333333333 0.0359375 0.09166666666666666
0 0.762890625 0.6229166666666667 0.03828125 0.1125
0 0.725 0.63125 0.034375 0.09861111111111111
0 0.687890625 0.63125 0.03046875 0.09305555555555556
0 0.651171875 0.6277777777777778 0.03359375 0.10555555555555556
0 0.64140625 0.7368055555555556 0.0359375 0.09305555555555556
0 0.59921875 0.7326388888888888 0.0375 0.10972222222222222
0 0.55625 0.7340277777777777 0.03125 0.10138888888888889
0 0.511328125 0.7305555555555555 0.03359375 0.125
0 0.44296875 0.6256944444444444 0.034375 0.0875
0 0.408203125 0.6236111111111111 0.03515625 0.09166666666666666
0 0.373046875 0.6263888888888889 0.03828125 0.09166666666666666
0 0.339453125 0.625 0.03984375 0.09166666666666666
0 0.30625 0.6236111111111111 0.040625 0.08333333333333333
0 0.25546875 0.6236111111111111 0.040625 0.09722222222222222
0 0.21875 0.625 0.0390625 0.09166666666666666
0 0.190234375 0.6194444444444445 0.03359375 0.09722222222222222
0 0.15703125 0.61875 0.0375 0.08472222222222223
0 0.12578125 0.6215277777777778 0.046875 0.09583333333333334
0 0.096484375 0.6194444444444445 0.04296875 0.08333333333333333
0 0.068359375 0.6138888888888889 0.04296875 0.09722222222222222
0 0.0359375 0.6145833333333334 0.04375 0.08472222222222223
0 0.013671875 0.6125 0.02734375 0.07777777777777778
0 0.5109375 0.6215277777777778 0.028125 0.09027777777777778
0 0.545703125 0.6201388888888889 0.02890625 0.09305555555555556
0 0.580078125 0.6298611111111111 0.02734375 0.09583333333333334
0 0.613671875 0.6284722222222222 0.03203125 0.09861111111111111
0 0.846875 0.4638888888888889 0.03125 0.08333333333333333
0 0.813671875 0.4638888888888889 0.03359375 0.06944444444444445
0 0.80703125 0.4 0.0296875 0.06388888888888888
0 0.840625 0.3972222222222222 0.0328125 0.06666666666666667
0 0.776171875 0.39375 0.03359375 0.08472222222222223
0 0.78125 0.46458333333333335 0.0328125 0.06805555555555555
0 0.751953125 0.4618055555555556 0.02890625 0.08472222222222223
0 0.741796875 0.39444444444444443 0.03203125 0.075
0 0.708984375 0.3951388888888889 0.03046875 0.07916666666666666
0 0.715625 0.46458333333333335 0.0296875 0.07083333333333333
0 0.678125 0.4625 0.03125 0.08611111111111111
0 0.6765625 0.39166666666666666 0.028125 0.06111111111111111
0 0.6453125 0.39444444444444443 0.028125 0.075
0 0.64453125 0.46041666666666664 0.0296875 0.08194444444444444
0 0.61484375 0.46041666666666664 0.025 0.07916666666666666
0 0.615234375 0.39166666666666666 0.02421875 0.06944444444444445
0 0.589453125 0.3972222222222222 0.02421875 0.06388888888888888
0 0.58515625 0.4625 0.0265625 0.08055555555555556
0 0.552734375 0.4638888888888889 0.03046875 0.07777777777777778
0 0.555859375 0.3958333333333333 0.02578125 0.06666666666666667
0 0.524609375 0.39305555555555555 0.02578125 0.06388888888888888
0 0.517578125 0.4652777777777778 0.02890625 0.08611111111111111
0 0.487890625 0.46805555555555556 0.02890625 0.06944444444444445
0 0.46875 0.3958333333333333 0.03125 0.06388888888888888
0 0.46015625 0.4625 0.03125 0.08055555555555556
0 0.437890625 0.40347222222222223 0.02734375 0.07083333333333333
0 0.43046875 0.4666666666666667 0.0296875 0.06944444444444445
0 0.40078125 0.46597222222222223 0.034375 0.09027777777777778
0 0.40859375 0.39652777777777776 0.0265625 0.059722222222222225
0 0.3796875 0.3923611111111111 0.034375 0.0763888888888889
0 0.353515625 0.39444444444444443 0.02890625 0.06388888888888888
0 0.3703125 0.46458333333333335 0.0328125 0.08194444444444444
0 0.340234375 0.46458333333333335 0.03671875 0.08472222222222223
0 0.312109375 0.3993055555555556 0.03671875 0.06527777777777778
0 0.29609375 0.46319444444444446 0.0375 0.09305555555555556
0 0.262890625 0.4618055555555556 0.03828125 0.0763888888888889
0 0.2328125 0.4638888888888889 0.040625 0.07777777777777778
0 0.206640625 0.4625 0.03984375 0.07777777777777778
0 0.179296875 0.45902777777777776 0.03203125 0.07916666666666666
0 0.12109375 0.4618055555555556 0.040625 0.08194444444444444
0 0.090625 0.4625 0.0359375 0.07222222222222222
0 0.066015625 0.4618055555555556 0.03359375 0.0763888888888889
0 0.03984375 0.46041666666666664 0.0328125 0.07916666666666666
0 0.01640625 0.4625 0.0328125 0.08333333333333333
0 0.225 0.40347222222222223 0.0359375 0.0625
0 0.19453125 0.4 0.034375 0.058333333333333334
0 0.16796875 0.4041666666666667 0.03125 0.058333333333333334
0 0.1421875 0.39375 0.034375 0.06805555555555555
0 0.115234375 0.40208333333333335 0.03203125 0.05694444444444444
0 0.089453125 0.39861111111111114 0.03515625 0.058333333333333334
0 0.065625 0.4041666666666667 0.0359375 0.05555555555555555
0 0.03828125 0.4013888888888889 0.0390625 0.06666666666666667
0 0.014453125 0.4013888888888889 0.02890625 0.05
0 0.81640625 0.2763888888888889 0.0265625 0.06944444444444445
0 0.78125 0.22708333333333333 0.0265625 0.05138888888888889
0 0.81015625 0.22430555555555556 0.0234375 0.05694444444444444
0 0.75625 0.2791666666666667 0.025 0.06388888888888888
0 0.75078125 0.22361111111111112 0.0265625 0.05277777777777778
0 0.721875 0.21944444444444444 0.03125 0.05277777777777778
0 0.729296875 0.27708333333333335 0.02890625 0.06527777777777778
0 0.702734375 0.28194444444444444 0.02734375 0.07222222222222222
0 0.696875 0.22430555555555556 0.025 0.05416666666666667
0 0.66640625 0.21944444444444444 0.0234375 0.06111111111111111
0 0.67109375 0.2798611111111111 0.028125 0.06527777777777778
0 0.641015625 0.22569444444444445 0.02734375 0.05138888888888889
0 0.643359375 0.2791666666666667 0.02734375 0.06111111111111111
0 0.615234375 0.27569444444444446 0.02734375 0.0763888888888889
0 0.5875 0.22777777777777777 0.0234375 0.058333333333333334
0 0.5875 0.2826388888888889 0.021875 0.06527777777777778
0 0.562890625 0.23194444444444445 0.01953125 0.05277777777777778
0 0.5625 0.2833333333333333 0.0265625 0.06111111111111111
0 0.535546875 0.28402777777777777 0.02109375 0.0625
0 0.537890625 0.22916666666666666 0.02421875 0.044444444444444446
0 0.511328125 0.22847222222222222 0.02265625 0.0625
0 0.509765625 0.28541666666666665 0.02265625 0.059722222222222225
0 0.485546875 0.23472222222222222 0.02265625 0.04722222222222222
0 0.4828125 0.2861111111111111 0.025 0.06111111111111111
0 0.456640625 0.2847222222222222 0.02734375 0.08055555555555556
0 0.4375 0.2388888888888889 0.0265625 0.05555555555555555
0 0.429296875 0.29583333333333334 0.02421875 0.058333333333333334
0 0.389453125 0.24027777777777778 0.02265625 0.05
0 0.375390625 0.2902777777777778 0.03046875 0.06666666666666667
0 0.3375 0.28958333333333336 0.025 0.0625
0 0.324609375 0.23680555555555555 0.03203125 0.05416666666666667
0 0.31171875 0.28680555555555554 0.0296875 0.06527777777777778
0 0.298828125 0.23819444444444443 0.02890625 0.05138888888888889
0 0.275390625 0.23680555555555555 0.02421875 0.05416666666666667
0 0.2515625 0.2375 0.03125 0.044444444444444446
0 0.287109375 0.29097222222222224 0.03515625 0.06805555555555555
0 0.26171875 0.29444444444444445 0.028125 0.06111111111111111
0 0.234765625 0.29305555555555557 0.02578125 0.06388888888888888
0 0.210546875 0.29097222222222224 0.02734375 0.0625
0 0.187890625 0.2881944444444444 0.02734375 0.059722222222222225
0 0.1828125 0.23680555555555555 0.0328125 0.05416666666666667
0 0.15703125 0.23472222222222222 0.0296875 0.058333333333333334
0 0.1328125 0.2423611111111111 0.03125 0.04583333333333333
0 0.1109375 0.24375 0.0296875 0.043055555555555555
0 0.0875 0.24444444444444444 0.0328125 0.04722222222222222
0 0.064453125 0.24791666666666667 0.02890625 0.04583333333333333
0 0.0203125 0.2965277777777778 0.0328125 0.059722222222222225
0 0.04375 0.29583333333333334 0.0359375 0.05555555555555555
0 0.069140625 0.29375 0.03359375 0.05694444444444444
0 0.09453125 0.2923611111111111 0.03125 0.05694444444444444
0 0.1140625 0.2916666666666667 0.028125 0.06111111111111111
0 0.137109375 0.2916666666666667 0.03359375 0.06666666666666667
0 0.012890625 0.17847222222222223 0.02578125 0.034722222222222224
0 0.020703125 0.16111111111111112 0.03203125 0.030555555555555555
0 0.03046875 0.14375 0.034375 0.02361111111111111
0 0.03828125 0.125 0.0390625 0.030555555555555555
0 0.04765625 0.1111111111111111 0.0421875 0.027777777777777776
0 0.058203125 0.09583333333333334 0.02890625 0.025
0 0.0703125 0.08055555555555556 0.0328125 0.030555555555555555
0 0.0828125 0.04861111111111111 0.0359375 0.025
0 0.09140625 0.03888888888888889 0.028125 0.027777777777777776
0 0.101171875 0.024305555555555556 0.03515625 0.029166666666666667
0 0.10859375 0.009722222222222222 0.0328125 0.019444444444444445
0 0.0859375 0.16597222222222222 0.028125 0.04583333333333333
0 0.10859375 0.12986111111111112 0.0296875 0.04027777777777778
0 0.12734375 0.13125 0.025 0.029166666666666667
0 0.146484375 0.12569444444444444 0.02109375 0.04583333333333333
0 0.13203125 0.16458333333333333 0.025 0.043055555555555555
0 0.166796875 0.11805555555555555 0.03046875 0.044444444444444446
0 0.153125 0.1597222222222222 0.021875 0.044444444444444446
0 0.18984375 0.12013888888888889 0.028125 0.02638888888888889
0 0.172265625 0.1597222222222222 0.02265625 0.041666666666666664
0 0.1953125 0.15763888888888888 0.0265625 0.05138888888888889
0 0.2328125 0.11388888888888889 0.028125 0.044444444444444446
0 0.21640625 0.1527777777777778 0.0265625 0.04722222222222222
0 0.25 0.11666666666666667 0.0234375 0.044444444444444446
0 0.2390625 0.15486111111111112 0.0265625 0.04861111111111111
0 0.269921875 0.11527777777777778 0.01953125 0.044444444444444446
0 0.259765625 0.15486111111111112 0.02578125 0.05416666666666667
0 0.2921875 0.11388888888888889 0.021875 0.03333333333333333
0 0.280078125 0.15486111111111112 0.02421875 0.05416666666666667
0 0.31328125 0.11875 0.0265625 0.04861111111111111
0 0.3578125 0.10972222222222222 0.0265625 0.03611111111111111
0 0.34921875 0.14930555555555555 0.0234375 0.05138888888888889
0 0.37265625 0.15138888888888888 0.025 0.058333333333333334
0 0.381640625 0.10833333333333334 0.02265625 0.041666666666666664
0 0.410546875 0.11944444444444445 0.02109375 0.04722222222222222
0 0.43359375 0.10972222222222222 0.025 0.03333333333333333
0 0.43125 0.14791666666666667 0.028125 0.059722222222222225
0 0.459765625 0.11180555555555556 0.02578125 0.059722222222222225
0 0.480078125 0.10972222222222222 0.02265625 0.04722222222222222
0 0.475 0.15069444444444444 0.01875 0.04861111111111111
0 0.498046875 0.14652777777777778 0.02421875 0.04861111111111111
0 0.503515625 0.10625 0.02109375 0.04861111111111111
0 0.5265625 0.10347222222222222 0.0234375 0.04861111111111111
0 0.521875 0.15 0.0203125 0.06388888888888888
0 0.54609375 0.14583333333333334 0.021875 0.04722222222222222
0 0.568359375 0.14444444444444443 0.01796875 0.05277777777777778
0 0.547265625 0.1 0.02578125 0.05277777777777778
0 0.570703125 0.09722222222222222 0.02265625 0.058333333333333334
0 0.59453125 0.10416666666666667 0.025 0.044444444444444446
0 0.618359375 0.10416666666666667 0.01953125 0.05
0 0.6171875 0.1423611111111111 0.03125 0.04861111111111111
0 0.662109375 0.09236111111111112 0.02421875 0.059722222222222225
0 0.665625 0.14166666666666666 0.021875 0.05
0 0.688671875 0.09166666666666666 0.01796875 0.041666666666666664
0 0.690625 0.1388888888888889 0.0265625 0.06111111111111111
0 0.716796875 0.08541666666666667 0.02109375 0.04027777777777778
0 0.716015625 0.13402777777777777 0.02265625 0.06527777777777778
0 0.7375 0.09097222222222222 0.0171875 0.05138888888888889
0 0.7421875 0.13541666666666666 0.0203125 0.05138888888888889
0 0.759765625 0.08958333333333333 0.02265625 0.05416666666666667
0 0.767578125 0.13680555555555557 0.02109375 0.05694444444444444
0 0.79453125 0.13055555555555556 0.01875 0.06111111111111111
0 0.783203125 0.08680555555555555 0.02265625 0.05138888888888889
0 0.84375 0.022916666666666665 0.025 0.0375
0 0.82109375 0.025 0.0265625 0.044444444444444446
0 0.774609375 0.024305555555555556 0.02265625 0.04861111111111111
0 0.72890625 0.024305555555555556 0.0234375 0.03194444444444444
0 0.704296875 0.029861111111111113 0.02109375 0.0375
0 0.664453125 0.02847222222222222 0.02421875 0.04027777777777778
0 0.63984375 0.03263888888888889 0.01875 0.05138888888888889
0 0.6171875 0.034027777777777775 0.0203125 0.05138888888888889
0 0.573828125 0.03194444444444444 0.01796875 0.041666666666666664
0 0.554296875 0.03611111111111111 0.02109375 0.05555555555555555
0 0.53359375 0.03680555555555556 0.021875 0.04861111111111111
0 0.5109375 0.03958333333333333 0.01875 0.05138888888888889
0 0.4703125 0.03819444444444445 0.0234375 0.059722222222222225
0 0.448828125 0.04236111111111111 0.01640625 0.04861111111111111
0 0.42734375 0.04513888888888889 0.0203125 0.043055555555555555
0 0.3984375 0.04652777777777778 0.0265625 0.043055555555555555
0 0.379296875 0.04791666666666667 0.02109375 0.04027777777777778
0 0.337890625 0.049305555555555554 0.02265625 0.043055555555555555
0 0.315625 0.052083333333333336 0.021875 0.034722222222222224
0 0.29296875 0.05277777777777778 0.0203125 0.041666666666666664
0 0.27578125 0.052083333333333336 0.025 0.04027777777777778
0 0.25546875 0.05416666666666667 0.021875 0.041666666666666664
0 0.23515625 0.05625 0.021875 0.0375
0 0.215234375 0.05694444444444444 0.02265625 0.044444444444444446
0 0.198046875 0.05625 0.01953125 0.034722222222222224
0 0.178125 0.059027777777777776 0.0234375 0.0375
0 0.159765625 0.0625 0.02265625 0.03888888888888889
0 0.14140625 0.0625 0.0234375 0.03888888888888889
0 0.154296875 0.03125 0.02109375 0.02638888888888889
0 0.173828125 0.02638888888888889 0.01953125 0.022222222222222223
0 0.192578125 0.030555555555555555 0.01953125 0.027777777777777776
0 0.227734375 0.022916666666666665 0.02265625 0.02361111111111111
0 0.248046875 0.022222222222222223 0.02265625 0.030555555555555555
0 0.304296875 0.01597222222222222 0.01640625 0.03194444444444444
0 0.323046875 0.016666666666666666 0.02109375 0.030555555555555555
0 0.34296875 0.015277777777777777 0.0234375 0.025
0 0.36171875 0.01875 0.0203125 0.0375
0 0.381640625 0.01597222222222222 0.01953125 0.03194444444444444
0 0.401953125 0.013194444444444444 0.02109375 0.02638888888888889
0 0.431640625 0.014583333333333334 0.01953125 0.029166666666666667
0 0.454296875 0.014583333333333334 0.01640625 0.029166666666666667
0 0.474609375 0.011805555555555555 0.02109375 0.02361111111111111
0 0.494140625 0.016666666666666666 0.01953125 0.03333333333333333
0 0.012109375 0.1986111111111111 0.02421875 0.030555555555555555
