0 0.3765625 0.2875 0.0328125 0.06388888888888888
0 0.430078125 0.2902777777777778 0.02578125 0.06388888888888888
0 0.4546875 0.2875 0.0265625 0.06388888888888888
0 0.588671875 0.2826388888888889 0.02890625 0.059722222222222225
0 0.61796875 0.2826388888888889 0.025 0.059722222222222225
0 0.673046875 0.28125 0.02734375 0.05416666666666667
0 0.731640625 0.28055555555555556 0.03046875 0.05555555555555555
0 0.7609375 0.27708333333333335 0.028125 0.0625
0 0.78671875 0.27708333333333335 0.03125 0.05416666666666667
0 0.19765625 0.40069444444444446 0.0421875 0.059722222222222225
0 0.223046875 0.3993055555555556 0.04140625 0.0625
0 0.281640625 0.4013888888888889 0.03984375 0.058333333333333334
0 0.312890625 0.4027777777777778 0.03671875 0.06111111111111111
0 0.350390625 0.40208333333333335 0.03515625 0.05694444444444444
0 0.375390625 0.4013888888888889 0.03515625 0.06111111111111111
0 0.436328125 0.39791666666666664 0.03359375 0.05694444444444444
0 0.465234375 0.39652777777777776 0.03515625 0.0625
0 0.495703125 0.3958333333333333 0.03203125 0.06111111111111111
0 0.61328125 0.39305555555555555 0.034375 0.06388888888888888
0 0.647265625 0.3888888888888889 0.03046875 0.07222222222222222
0 0.709375 0.38958333333333334 0.0359375 0.07361111111111111
0 0.741015625 0.39166666666666666 0.03203125 0.06944444444444445
0 0.7734375 0.39166666666666666 0.0375 0.075
0 0.839453125 0.39166666666666666 0.03671875 0.06666666666666667
0 0.176171875 0.4618055555555556 0.03671875 0.07916666666666666
0 0.205078125 0.4638888888888889 0.04453125 0.08055555555555556
0 0.232421875 0.4597222222222222 0.03984375 0.08333333333333333
0 0.291015625 0.4652777777777778 0.03671875 0.08055555555555556
0 0.335546875 0.46875 0.03046875 0.08472222222222223
0 0.3671875 0.4666666666666667 0.0421875 0.08333333333333333
0 0.39453125 0.46805555555555556 0.0375 0.07777777777777778
0 0.42734375 0.4638888888888889 0.0375 0.08333333333333333
0 0.51875 0.46875 0.0328125 0.07083333333333333
0 0.582421875 0.4673611111111111 0.03203125 0.07083333333333333
0 0.613671875 0.4666666666666667 0.02890625 0.07222222222222222
0 0.646875 0.4638888888888889 0.03125 0.07222222222222222
0 0.68046875 0.4673611111111111 0.03125 0.07083333333333333
0 0.71171875 0.4652777777777778 0.0359375 0.06666666666666667
0 0.74609375 0.46597222222222223 0.0328125 0.07361111111111111
0 0.77890625 0.46319444444444446 0.0390625 0.07361111111111111
0 0.812109375 0.46597222222222223 0.03515625 0.06805555555555555
0 0.8484375 0.4597222222222222 0.0421875 0.075
0 0.121875 0.6152777777777778 0.0453125 0.08333333333333333
0 0.1515625 0.6180555555555556 0.0453125 0.07777777777777778
0 0.187109375 0.61875 0.04453125 0.07916666666666666
0 0.219140625 0.6166666666666667 0.04140625 0.07777777777777778
0 0.2515625 0.6222222222222222 0.0421875 0.075
0 0.30234375 0.61875 0.0390625 0.07083333333333333
0 0.33671875 0.6166666666666667 0.040625 0.07777777777777778
0 0.438671875 0.6236111111111111 0.04140625 0.08055555555555556
0 0.47109375 0.6222222222222222 0.0359375 0.08055555555555556
0 0.506640625 0.6243055555555556 0.03671875 0.0875
0 0.54140625 0.6208333333333333 0.0375 0.07777777777777778
0 0.6140625 0.6201388888888889 0.0359375 0.08194444444444444
0 0.651953125 0.6256944444444444 0.03671875 0.08194444444444444
0 0.689453125 0.6277777777777778 0.04140625 0.08333333333333333
0 0.7265625 0.6256944444444444 0.0421875 0.08194444444444444
0 0.7640625 0.625 0.040625 0.08888888888888889
0 0.875 0.6215277777777778 0.0484375 0.0875
0 0.095703125 0.7368055555555556 0.05546875 0.08472222222222223
0 0.1375 0.7388888888888889 0.0546875 0.08611111111111111
0 0.25703125 0.7368055555555556 0.053125 0.0875
0 0.300390625 0.7354166666666667 0.05234375 0.07916666666666666
0 0.470703125 0.7444444444444445 0.04140625 0.08611111111111111
0 0.026171875 0.7305555555555555 0.05234375 0.09444444444444444
0 0.063671875 0.6138888888888889 0.05078125 0.09444444444444444
0 0.01328125 0.6159722222222223 0.0265625 0.08194444444444444
0 0.163671875 0.9388888888888889 0.04921875 0.09166666666666666
0 0.215625 0.9243055555555556 0.0390625 0.10416666666666667
0 0.2515625 0.9388888888888889 0.0390625 0.07777777777777778
0 0.308203125 0.9486111111111111 0.04296875 0.1
0 0.44296875 0.9486111111111111 0.0375 0.1
0 0.75 0.9444444444444444 0.0375 0.10833333333333334
0 0.903125 0.7361111111111112 0.0734375 0.05555555555555555
0 0.914453125 0.7979166666666667 0.06953125 0.05694444444444444
0 0.926953125 0.8763888888888889 0.07265625 0.06388888888888888
0 0.957421875 0.9590277777777778 0.07421875 0.07916666666666666
0 0.9859375 0.6215277777777778 0.0265625 0.09861111111111111
0 0.937109375 0.4048611111111111 0.04296875 0.07361111111111111
0 0.922265625 0.3368055555555556 0.02890625 0.06805555555555555
0 0.59765625 0.7270833333333333 0.0359375 0.09583333333333334
0 0.688671875 0.7326388888888888 0.03515625 0.10972222222222222
0 0.731640625 0.7291666666666666 0.03203125 0.10277777777777777
0 0.148828125 0.46805555555555556 0.03984375 0.07777777777777778
0 0.122265625 0.4652777777777778 0.04296875 0.07222222222222222
0 0.09296875 0.46458333333333335 0.0390625 0.07361111111111111
0 0.067578125 0.45625 0.04296875 0.08194444444444444
0 0.03984375 0.4625 0.034375 0.06666666666666667
0 0.01640625 0.4597222222222222 0.0328125 0.075
0 0.01640625 0.40347222222222223 0.0328125 0.059722222222222225
0 0.041015625 0.4013888888888889 0.03828125 0.06111111111111111
0 0.066015625 0.40625 0.03671875 0.05694444444444444
0 0.0921875 0.4013888888888889 0.0328125 0.04722222222222222
0 0.1171875 0.4 0.0328125 0.06111111111111111
0 0.147265625 0.4 0.03515625 0.058333333333333334
0 0.725390625 0.22291666666666668 0.02421875 0.05416666666666667
0 0.765234375 0.13680555555555557 0.02578125 0.05694444444444444
0 0.661328125 0.09652777777777778 0.02421875 0.05138888888888889
0 0.75 0.025 0.021875 0.05
0 0.705078125 0.025694444444444443 0.02734375 0.05138888888888889
0 0.662109375 0.024305555555555556 0.02421875 0.04861111111111111
0 0.617578125 0.027083333333333334 0.02265625 0.04583333333333333
0 0.531640625 0.03611111111111111 0.01953125 0.05277777777777778
0 0.569140625 0.10208333333333333 0.02109375 0.04583333333333333
0 0.59453125 0.14444444444444443 0.025 0.06111111111111111
0 0.436328125 0.11597222222222223 0.02265625 0.043055555555555555
0 0.51171875 0.23333333333333334 0.0265625 0.06111111111111111
0 0.38359375 0.23333333333333334 0.028125 0.05277777777777778
0 0.34765625 0.23819444444444443 0.03125 0.05694444444444444
0 0.273828125 0.24166666666666667 0.03203125 0.05277777777777778
0 0.178515625 0.2423611111111111 0.03515625 0.05416666666666667
0 0.1875 0.29375 0.0359375 0.05694444444444444
0 0.13359375 0.29583333333333334 0.0421875 0.05555555555555555
0 0.09140625 0.2951388888888889 0.034375 0.059722222222222225
0 0.085546875 0.2298611111111111 0.03359375 0.043055555555555555
0 0.0671875 0.2972222222222222 0.0375 0.06388888888888888
0 0.046484375 0.29930555555555555 0.03359375 0.0625
0 0.044140625 0.25069444444444444 0.03203125 0.04861111111111111
0 0.021484375 0.30069444444444443 0.03671875 0.04861111111111111
0 0.0140625 0.17708333333333334 0.028125 0.029166666666666667
0 0.021484375 0.15694444444444444 0.03671875 0.025
0 0.02890625 0.14097222222222222 0.0421875 0.02638888888888889
0 0.04140625 0.12430555555555556 0.034375 0.02638888888888889
0 0.051171875 0.10625 0.02890625 0.02361111111111111
0 0.06640625 0.07916666666666666 0.0359375 0.03611111111111111
0 0.09140625 0.04236111111111111 0.0359375 0.029166666666666667
0 0.09921875 0.022916666666666665 0.028125 0.018055555555555554
0 0.108984375 0.0125 0.03359375 0.025
0 0.08515625 0.16597222222222222 0.03125 0.04861111111111111
0 0.10859375 0.16458333333333333 0.03125 0.04861111111111111
0 0.149609375 0.16597222222222222 0.02734375 0.05138888888888889
0 0.1921875 0.1597222222222222 0.03125 0.05
0 0.211328125 0.1597222222222222 0.02734375 0.041666666666666664
0 0.234375 0.15416666666666667 0.028125 0.04722222222222222
0 0.248828125 0.11736111111111111 0.02421875 0.03194444444444444
0 0.26953125 0.11875 0.0265625 0.04027777777777778
0 0.29140625 0.11805555555555555 0.025 0.03888888888888889
0 0.31171875 0.11597222222222223 0.028125 0.04027777777777778
0 0.37109375 0.15486111111111112 0.0234375 0.05138888888888889
0 0.376953125 0.11736111111111111 0.02578125 0.0375
0 0.409765625 0.11319444444444444 0.02734375 0.04583333333333333
0 0.35390625 0.11597222222222223 0.025 0.043055555555555555
0 0.258984375 0.08194444444444444 0.03984375 0.03333333333333333
0 0.209375 0.12013888888888889 0.03125 0.03194444444444444
0 0.16796875 0.12361111111111112 0.0296875 0.03333333333333333
0 0.131640625 0.12152777777777778 0.02734375 0.04027777777777778
0 0.1078125 0.12430555555555556 0.0265625 0.043055555555555555
0 0.1421875 0.06319444444444444 0.025 0.04027777777777778
0 0.158984375 0.027083333333333334 0.02578125 0.029166666666666667
0 0.16328125 0.06180555555555556 0.025 0.04027777777777778
0 0.18125 0.05763888888888889 0.021875 0.043055555555555555
0 0.198828125 0.05347222222222222 0.02578125 0.04583333333333333
0 0.175 0.027083333333333334 0.01875 0.03194444444444444
0 0.191796875 0.027083333333333334 0.01953125 0.02638888888888889
0 0.21328125 0.01875 0.0234375 0.03194444444444444
0 0.217578125 0.052083333333333336 0.02109375 0.03194444444444444
0 0.22890625 0.06666666666666667 0.028125 0.03888888888888889
0 0.25546875 0.04861111111111111 0.025 0.03611111111111111
0 0.230078125 0.019444444444444445 0.01953125 0.03888888888888889
0 0.248828125 0.019444444444444445 0.02109375 0.03888888888888889
0 0.266796875 0.017361111111111112 0.01953125 0.03194444444444444
0 0.284765625 0.02013888888888889 0.02421875 0.04027777777777778
0 0.304296875 0.018055555555555554 0.01796875 0.03611111111111111
0 0.323828125 0.014583333333333334 0.02578125 0.029166666666666667
0 0.314453125 0.05 0.02265625 0.04722222222222222
0 0.37421875 0.05277777777777778 0.0265625 0.03888888888888889
0 0.394921875 0.05 0.02109375 0.03888888888888889
0 0.3609375 0.020833333333333332 0.025 0.041666666666666664
0 0.3828125 0.016666666666666666 0.0203125 0.03333333333333333
0 0.405078125 0.017361111111111112 0.02421875 0.034722222222222224
0 0.430859375 0.01597222222222222 0.01953125 0.03194444444444444
0 0.451171875 0.018055555555555554 0.02265625 0.03611111111111111
0 0.47109375 0.016666666666666666 0.0234375 0.03333333333333333
0 0.48671875 0.043055555555555555 0.021875 0.04722222222222222
0 0.49296875 0.014583333333333334 0.015625 0.029166666666666667
0 0.55 0.9520833333333333 0.0421875 0.09305555555555556
0 0.699609375 0.9465277777777777 0.03515625 0.09583333333333334
