0 0.249609375 0.4013888888888889 0.03828125 0.06388888888888888
0 0.312890625 0.4027777777777778 0.03671875 0.06111111111111111
0 0.26015625 0.4673611111111111 0.040625 0.07916666666666666
0 0.39453125 0.46805555555555556 0.0375 0.07777777777777778
0 0.456640625 0.46805555555555556 0.03046875 0.075
0 0.613671875 0.4666666666666667 0.02890625 0.07222222222222222
0 0.646875 0.4638888888888889 0.03125 0.07222222222222222
0 0.812109375 0.46597222222222223 0.03515625 0.06805555555555555
0 0.1515625 0.6180555555555556 0.0453125 0.07777777777777778
0 0.219140625 0.6166666666666667 0.04140625 0.07777777777777778
0 0.2515625 0.6222222222222222 0.0421875 0.075
0 0.33671875 0.6166666666666667 0.040625 0.07777777777777778
0 0.405078125 0.6201388888888889 0.04140625 0.07916666666666666
0 0.47109375 0.6222222222222222 0.0359375 0.08055555555555556
0 0.6140625 0.6201388888888889 0.0359375 0.08194444444444444
0 0.651953125 0.6256944444444444 0.03671875 0.08194444444444444
0 0.689453125 0.6277777777777778 0.04140625 0.08333333333333333
0 0.837109375 0.6236111111111111 0.04140625 0.08888888888888889
0 0.09140625 0.6138888888888889 0.046875 0.08888888888888889
0 0.118359375 0.4625 0.04140625 0.06666666666666667
0 0.022265625 0.3013888888888889 0.03828125 0.06666666666666667
0 0.126171875 0.13125 0.03515625 0.04861111111111111
0 0.208984375 0.12152777777777778 0.03046875 0.05416666666666667
0 0.54453125 0.14583333333333334 0.0234375 0.04722222222222222
0 0.9265625 0.33819444444444446 0.0359375 0.0763888888888889
0 0.953125 0.4638888888888889 0.0421875 0.07222222222222222
0 0.986328125 0.6159722222222223 0.02578125 0.0875
0 0.490234375 0.03888888888888889 0.02265625 0.044444444444444446
0 0.425390625 0.04583333333333333 0.02578125 0.044444444444444446
0 0.433203125 0.011805555555555555 0.02109375 0.02361111111111111
0 0.40234375 0.015277777777777777 0.0234375 0.030555555555555555
0 0.395703125 0.04513888888888889 0.02109375 0.04027777777777778
0 0.255859375 0.04861111111111111 0.02734375 0.05
0 0.22890625 0.02638888888888889 0.0265625 0.03888888888888889
0 0.212109375 0.024305555555555556 0.02109375 0.04027777777777778
0 0.191796875 0.027777777777777776 0.01953125 0.03888888888888889
0 0.174609375 0.029861111111111113 0.02578125 0.034722222222222224
0 0.1546875 0.02638888888888889 0.0265625 0.05
0 0.0484375 0.11180555555555556 0.0359375 0.02638888888888889
0 0.058203125 0.09236111111111112 0.03515625 0.020833333333333332
0 0.069140625 0.07152777777777777 0.03359375 0.02361111111111111
