0 0.118359375 0.9333333333333333 0.05234375 0.10277777777777777
0 0.166796875 0.9368055555555556 0.03984375 0.0875
0 0.2109375 0.9263888888888889 0.046875 0.11388888888888889
0 0.251171875 0.9388888888888889 0.04453125 0.09166666666666666
0 0.44453125 0.95 0.0390625 0.09722222222222222
0 0.496875 0.95 0.0390625 0.08611111111111111
0 0.5421875 0.9479166666666666 0.034375 0.09305555555555556
0 0.29921875 0.7270833333333333 0.0421875 0.08472222222222223
0 0.470703125 0.7395833333333334 0.03359375 0.09305555555555556
0 0.5109375 0.7319444444444444 0.03125 0.10555555555555556
0 0.5953125 0.7284722222222222 0.034375 0.10416666666666667
0 0.727734375 0.7284722222222222 0.03828125 0.10416666666666667
0 0.779296875 0.7326388888888888 0.04453125 0.10416666666666667
0 0.826953125 0.7375 0.04453125 0.10277777777777777
0 0.646484375 0.9472222222222222 0.03671875 0.10277777777777777
0 0.697265625 0.9541666666666667 0.03671875 0.08611111111111111
0 0.898828125 0.7243055555555555 0.08046875 0.05694444444444444
0 0.915625 0.7888888888888889 0.084375 0.06111111111111111
0 0.921484375 0.8506944444444444 0.07265625 0.06527777777777778
0 0.95 0.9486111111111111 0.0640625 0.1
0 0.984375 0.6 0.0296875 0.09166666666666666
0 0.95703125 0.48194444444444445 0.040625 0.06944444444444445
0 0.93828125 0.4048611111111111 0.034375 0.06527777777777778
0 0.923828125 0.3472222222222222 0.03046875 0.058333333333333334
0 0.908984375 0.28888888888888886 0.03046875 0.05277777777777778
0 0.883984375 0.6305555555555555 0.03671875 0.09444444444444444
0 0.84296875 0.6319444444444444 0.040625 0.09444444444444444
0 0.800390625 0.6236111111111111 0.03828125 0.1111111111111111
0 0.761328125 0.6298611111111111 0.03203125 0.08194444444444444
0 0.725390625 0.6222222222222222 0.03046875 0.08611111111111111
0 0.686328125 0.6243055555555556 0.03046875 0.10138888888888889
0 0.65 0.625 0.03125 0.09166666666666666
0 0.612890625 0.6208333333333333 0.03046875 0.08611111111111111
0 0.58046875 0.6208333333333333 0.0265625 0.08333333333333333
0 0.543359375 0.6215277777777778 0.03046875 0.09305555555555556
0 0.50546875 0.6243055555555556 0.0328125 0.09861111111111111
0 0.471484375 0.6180555555555556 0.03046875 0.08888888888888889
0 0.43828125 0.6173611111111111 0.034375 0.09027777777777778
0 0.259765625 0.7277777777777777 0.04765625 0.10833333333333334
0 0.176171875 0.7215277777777778 0.04296875 0.10972222222222222
0 0.141015625 0.71875 0.04609375 0.10694444444444444
0 0.059375 0.7208333333333333 0.0546875 0.10555555555555556
0 0.02421875 0.7215277777777778 0.0484375 0.10694444444444444
0 0.404296875 0.61875 0.03359375 0.09027777777777778
0 0.37109375 0.6229166666666667 0.0375 0.0875
0 0.336328125 0.6138888888888889 0.03828125 0.08611111111111111
0 0.3015625 0.6173611111111111 0.0390625 0.08472222222222223
0 0.250390625 0.5513888888888889 0.06171875 0.06111111111111111
0 0.255859375 0.6194444444444445 0.03984375 0.07777777777777778
0 0.223046875 0.6180555555555556 0.03828125 0.08055555555555556
0 0.18515625 0.6145833333333334 0.0421875 0.08194444444444444
0 0.15625 0.6152777777777778 0.046875 0.09166666666666666
0 0.130078125 0.6125 0.03828125 0.07777777777777778
0 0.092578125 0.6131944444444445 0.04453125 0.07916666666666666
0 0.065234375 0.60625 0.04765625 0.09861111111111111
0 0.03515625 0.6104166666666667 0.0453125 0.0763888888888889
0 0.01484375 0.60625 0.0296875 0.0763888888888889
0 0.849609375 0.4673611111111111 0.03359375 0.06805555555555555
0 0.841015625 0.3951388888888889 0.03046875 0.07361111111111111
0 0.8078125 0.39444444444444443 0.03125 0.06666666666666667
0 0.813671875 0.45694444444444443 0.03359375 0.08333333333333333
0 0.780859375 0.4638888888888889 0.02890625 0.08055555555555556
0 0.775 0.3902777777777778 0.0328125 0.07222222222222222
0 0.7390625 0.3909722222222222 0.03125 0.06805555555555555
0 0.7390625 0.4638888888888889 0.0328125 0.08055555555555556
0 0.7078125 0.3902777777777778 0.0296875 0.07222222222222222
0 0.709375 0.45694444444444443 0.0265625 0.07777777777777778
0 0.674609375 0.3951388888888889 0.02734375 0.06805555555555555
0 0.678515625 0.46319444444444446 0.03359375 0.07083333333333333
0 0.645703125 0.46041666666666664 0.02578125 0.07083333333333333
0 0.6171875 0.46111111111111114 0.028125 0.06666666666666667
0 0.615234375 0.3958333333333333 0.02578125 0.06388888888888888
0 0.583203125 0.38958333333333334 0.02734375 0.05694444444444444
0 0.581640625 0.45625 0.03046875 0.07916666666666666
0 0.553515625 0.39166666666666666 0.02421875 0.06666666666666667
0 0.548046875 0.4576388888888889 0.02578125 0.07083333333333333
0 0.523828125 0.3958333333333333 0.02421875 0.05555555555555555
0 0.517578125 0.4583333333333333 0.02890625 0.08333333333333333
0 0.49609375 0.39166666666666666 0.0265625 0.06666666666666667
0 0.489453125 0.4576388888888889 0.02734375 0.0763888888888889
0 0.46484375 0.39166666666666666 0.0265625 0.06944444444444445
0 0.459375 0.45902777777777776 0.0328125 0.08472222222222223
0 0.43671875 0.3951388888888889 0.0296875 0.06527777777777778
0 0.43046875 0.4583333333333333 0.03125 0.075
0 0.406640625 0.39444444444444443 0.02890625 0.07222222222222222
0 0.3984375 0.4597222222222222 0.03125 0.06666666666666667
0 0.38046875 0.39375 0.028125 0.06527777777777778
0 0.36640625 0.4597222222222222 0.0328125 0.07777777777777778
0 0.3515625 0.3993055555555556 0.0328125 0.06527777777777778
0 0.3390625 0.45694444444444443 0.034375 0.07222222222222222
0 0.30859375 0.3951388888888889 0.0390625 0.0625
0 0.291796875 0.46111111111111114 0.03828125 0.07777777777777778
0 0.278125 0.3902777777777778 0.028125 0.06666666666666667
0 0.260546875 0.4583333333333333 0.03671875 0.07777777777777778
0 0.250390625 0.39444444444444443 0.03984375 0.06111111111111111
0 0.233984375 0.45625 0.03828125 0.0763888888888889
0 0.221484375 0.3972222222222222 0.03046875 0.06111111111111111
0 0.204296875 0.45625 0.03671875 0.07083333333333333
0 0.17578125 0.4597222222222222 0.03125 0.07222222222222222
0 0.191015625 0.39652777777777776 0.03515625 0.05416666666666667
0 0.166796875 0.3993055555555556 0.03359375 0.06527777777777778
0 0.141796875 0.39444444444444443 0.03359375 0.058333333333333334
0 0.12265625 0.4583333333333333 0.0390625 0.07777777777777778
0 0.116015625 0.3972222222222222 0.03046875 0.06666666666666667
0 0.091796875 0.39652777777777776 0.03359375 0.05694444444444444
0 0.093359375 0.46111111111111114 0.03828125 0.075
0 0.066015625 0.4583333333333333 0.03671875 0.07777777777777778
0 0.065234375 0.4 0.03515625 0.06666666666666667
0 0.038671875 0.40069444444444446 0.03203125 0.05694444444444444
0 0.016796875 0.4027777777777778 0.03359375 0.05555555555555555
0 0.039453125 0.4618055555555556 0.04140625 0.0763888888888889
0 0.015625 0.4576388888888889 0.03125 0.0763888888888889
0 0.816796875 0.27569444444444446 0.03359375 0.059722222222222225
0 0.808203125 0.21736111111111112 0.02421875 0.059722222222222225
0 0.78046875 0.21944444444444444 0.0265625 0.05
0 0.787109375 0.2743055555555556 0.02421875 0.05694444444444444
0 0.75390625 0.22430555555555556 0.025 0.04583333333333333
0 0.759765625 0.27847222222222223 0.02265625 0.059722222222222225
0 0.72578125 0.21875 0.0265625 0.0625
0 0.730078125 0.27361111111111114 0.02890625 0.06111111111111111
0 0.694921875 0.22013888888888888 0.02578125 0.05694444444444444
0 0.7 0.2777777777777778 0.021875 0.05277777777777778
0 0.66953125 0.22361111111111112 0.025 0.05
0 0.671875 0.2763888888888889 0.0265625 0.06111111111111111
0 0.6421875 0.2263888888888889 0.025 0.06111111111111111
0 0.647265625 0.1798611111111111 0.03984375 0.04027777777777778
0 0.616015625 0.22430555555555556 0.02265625 0.04861111111111111
0 0.616796875 0.28194444444444444 0.02578125 0.05555555555555555
0 0.58828125 0.275 0.0265625 0.06111111111111111
0 0.587890625 0.225 0.02109375 0.04722222222222222
0 0.561328125 0.2263888888888889 0.02265625 0.044444444444444446
0 0.56015625 0.2847222222222222 0.021875 0.058333333333333334
0 0.534375 0.28194444444444444 0.0234375 0.06111111111111111
0 0.506640625 0.28402777777777777 0.02578125 0.05694444444444444
0 0.5375 0.23194444444444445 0.01875 0.044444444444444446
0 0.510546875 0.2361111111111111 0.02890625 0.05
0 0.487109375 0.2298611111111111 0.02265625 0.04583333333333333
0 0.480859375 0.28125 0.02734375 0.06527777777777778
0 0.458203125 0.2375 0.02578125 0.04722222222222222
0 0.453515625 0.28194444444444444 0.03046875 0.06666666666666667
0 0.4359375 0.23333333333333334 0.0234375 0.05
0 0.42890625 0.2881944444444444 0.028125 0.059722222222222225
0 0.409765625 0.23541666666666666 0.02734375 0.04861111111111111
0 0.40078125 0.28888888888888886 0.0328125 0.06666666666666667
0 0.384765625 0.23819444444444443 0.02734375 0.04861111111111111
0 0.374609375 0.28958333333333336 0.02734375 0.059722222222222225
0 0.348828125 0.23680555555555555 0.02578125 0.04861111111111111
0 0.322265625 0.23541666666666666 0.03359375 0.04861111111111111
0 0.29765625 0.2361111111111111 0.0296875 0.05
0 0.27421875 0.2375 0.028125 0.044444444444444446
0 0.24921875 0.23194444444444445 0.0296875 0.05277777777777778
0 0.225 0.24097222222222223 0.0296875 0.05138888888888889
0 0.2 0.2375 0.0296875 0.044444444444444446
0 0.17734375 0.2375 0.0265625 0.05277777777777778
0 0.15546875 0.24513888888888888 0.028125 0.04861111111111111
0 0.1328125 0.24444444444444444 0.03125 0.044444444444444446
0 0.108203125 0.2465277777777778 0.02890625 0.043055555555555555
0 0.086328125 0.24583333333333332 0.03046875 0.041666666666666664
0 0.06171875 0.24930555555555556 0.0328125 0.043055555555555555
0 0.041015625 0.24722222222222223 0.02890625 0.041666666666666664
0 0.009765625 0.28402777777777777 0.01953125 0.059722222222222225
0 0.0234375 0.28888888888888886 0.034375 0.05
0 0.0453125 0.29375 0.0359375 0.05694444444444444
0 0.0671875 0.29097222222222224 0.034375 0.0625
0 0.094140625 0.28888888888888886 0.03203125 0.058333333333333334
0 0.112109375 0.28958333333333336 0.03203125 0.05694444444444444
0 0.135546875 0.29305555555555557 0.03671875 0.058333333333333334
0 0.1609375 0.2881944444444444 0.03125 0.05694444444444444
0 0.184765625 0.2875 0.03515625 0.06388888888888888
0 0.211328125 0.2902777777777778 0.02890625 0.05555555555555555
0 0.233203125 0.28958333333333336 0.03359375 0.0763888888888889
0 0.26015625 0.2875 0.03125 0.06944444444444445
0 0.285546875 0.2861111111111111 0.02890625 0.06388888888888888
0 0.310546875 0.28888888888888886 0.02890625 0.06388888888888888
0 0.334765625 0.28680555555555554 0.02734375 0.0625
0 0.79609375 0.13819444444444445 0.0265625 0.04861111111111111
0 0.768359375 0.1388888888888889 0.02109375 0.058333333333333334
0 0.741015625 0.13958333333333334 0.02578125 0.04583333333333333
0 0.71640625 0.12916666666666668 0.028125 0.05555555555555555
0 0.7109375 0.08472222222222223 0.025 0.03888888888888889
0 0.73671875 0.08819444444444445 0.021875 0.05694444444444444
0 0.761328125 0.09375 0.02265625 0.04861111111111111
0 0.784765625 0.08611111111111111 0.02109375 0.05
0 0.809765625 0.08680555555555555 0.02265625 0.05416666666666667
0 0.692578125 0.1388888888888889 0.02109375 0.05555555555555555
0 0.68515625 0.09444444444444444 0.0265625 0.041666666666666664
0 0.662890625 0.08611111111111111 0.02421875 0.05
0 0.66640625 0.1361111111111111 0.0234375 0.05555555555555555
0 0.640625 0.09583333333333334 0.025 0.041666666666666664
0 0.637890625 0.1388888888888889 0.02578125 0.04722222222222222
0 0.61640625 0.09444444444444444 0.021875 0.044444444444444446
0 0.616796875 0.13819444444444445 0.02265625 0.043055555555555555
0 0.59296875 0.09583333333333334 0.025 0.044444444444444446
0 0.59296875 0.14097222222222222 0.025 0.04583333333333333
0 0.57265625 0.09444444444444444 0.0234375 0.041666666666666664
0 0.56953125 0.1375 0.021875 0.06388888888888888
0 0.546484375 0.09583333333333334 0.01796875 0.03888888888888889
0 0.54375 0.14027777777777778 0.025 0.058333333333333334
0 0.52265625 0.10347222222222222 0.0234375 0.04861111111111111
0 0.51875 0.1451388888888889 0.021875 0.04861111111111111
0 0.499609375 0.10555555555555556 0.02109375 0.044444444444444446
0 0.49375 0.14722222222222223 0.0234375 0.05277777777777778
0 0.480078125 0.09930555555555555 0.01953125 0.034722222222222224
0 0.45859375 0.10138888888888889 0.0234375 0.03888888888888889
0 0.433203125 0.10555555555555556 0.02578125 0.05277777777777778
0 0.411328125 0.11180555555555556 0.02421875 0.04027777777777778
0 0.400390625 0.15208333333333332 0.02890625 0.05694444444444444
0 0.42734375 0.15 0.025 0.04722222222222222
0 0.451171875 0.14444444444444443 0.02734375 0.05
0 0.473046875 0.1451388888888889 0.02421875 0.05694444444444444
0 0.371484375 0.14722222222222223 0.02421875 0.05555555555555555
0 0.380859375 0.10902777777777778 0.02265625 0.034722222222222224
0 0.359765625 0.10972222222222222 0.02265625 0.03611111111111111
0 0.334375 0.10972222222222222 0.021875 0.030555555555555555
0 0.311328125 0.1111111111111111 0.02578125 0.03888888888888889
0 0.290625 0.10972222222222222 0.025 0.044444444444444446
0 0.26953125 0.1125 0.0234375 0.03888888888888889
0 0.248828125 0.1125 0.02421875 0.04722222222222222
0 0.22578125 0.11527777777777778 0.0203125 0.03333333333333333
0 0.20859375 0.11319444444444444 0.0234375 0.0375
0 0.189453125 0.1125 0.02734375 0.04722222222222222
0 0.1671875 0.11666666666666667 0.0265625 0.03611111111111111
0 0.146484375 0.11805555555555555 0.02109375 0.044444444444444446
0 0.127734375 0.12361111111111112 0.02421875 0.044444444444444446
0 0.10859375 0.12291666666666666 0.0296875 0.0375
0 0.34765625 0.14930555555555555 0.0265625 0.04861111111111111
0 0.324609375 0.1486111111111111 0.02421875 0.05277777777777778
0 0.303125 0.14930555555555555 0.021875 0.04861111111111111
0 0.28046875 0.14722222222222223 0.0265625 0.05277777777777778
0 0.258984375 0.15069444444444444 0.02265625 0.04861111111111111
0 0.236328125 0.15069444444444444 0.02265625 0.05138888888888889
0 0.216015625 0.1486111111111111 0.02265625 0.04722222222222222
0 0.194140625 0.14930555555555555 0.02890625 0.05694444444444444
0 0.171875 0.15416666666666667 0.0234375 0.05555555555555555
0 0.15078125 0.15694444444444444 0.0234375 0.05277777777777778
0 0.13125 0.1597222222222222 0.0234375 0.044444444444444446
0 0.1109375 0.1597222222222222 0.021875 0.041666666666666664
0 0.08984375 0.16111111111111112 0.03125 0.05
0 0.066015625 0.17083333333333334 0.02890625 0.03888888888888889
0 0.0125 0.17569444444444443 0.025 0.034722222222222224
0 0.019140625 0.15416666666666667 0.03828125 0.030555555555555555
0 0.028515625 0.1361111111111111 0.03515625 0.030555555555555555
0 0.041015625 0.12361111111111112 0.03828125 0.030555555555555555
0 0.04765625 0.10486111111111111 0.0359375 0.02638888888888889
0 0.059375 0.08888888888888889 0.0328125 0.027777777777777776
0 0.07109375 0.07291666666666667 0.0265625 0.029166666666666667
0 0.078515625 0.05625 0.02265625 0.03194444444444444
0 0.08828125 0.041666666666666664 0.0265625 0.025
0 0.090234375 0.03125 0.03359375 0.020833333333333332
0 0.09921875 0.017361111111111112 0.034375 0.029166666666666667
0 0.126171875 0.05555555555555555 0.02734375 0.041666666666666664
0 0.09765625 0.07569444444444444 0.01875 0.04861111111111111
0 0.146875 0.06041666666666667 0.021875 0.04027777777777778
0 0.164453125 0.059722222222222225 0.02265625 0.03888888888888889
0 0.18125 0.05555555555555555 0.0234375 0.03888888888888889
0 0.19921875 0.05 0.0203125 0.03888888888888889
0 0.217578125 0.05277777777777778 0.02265625 0.041666666666666664
0 0.239453125 0.04791666666666667 0.01953125 0.043055555555555555
0 0.25859375 0.050694444444444445 0.0203125 0.04027777777777778
0 0.27578125 0.04722222222222222 0.0234375 0.03611111111111111
0 0.278515625 0.07013888888888889 0.03828125 0.0375
0 0.296484375 0.04791666666666667 0.02109375 0.034722222222222224
0 0.315625 0.04652777777777778 0.0234375 0.04583333333333333
0 0.33515625 0.04652777777777778 0.0234375 0.0375
0 0.354296875 0.044444444444444446 0.02109375 0.05
0 0.3765625 0.04236111111111111 0.0203125 0.043055555555555555
0 0.39765625 0.04236111111111111 0.0203125 0.043055555555555555
0 0.429296875 0.03958333333333333 0.01953125 0.04861111111111111
0 0.44921875 0.03958333333333333 0.025 0.04027777777777778
0 0.470703125 0.03958333333333333 0.01796875 0.04861111111111111
0 0.491796875 0.034722222222222224 0.01953125 0.041666666666666664
0 0.511328125 0.034027777777777775 0.01484375 0.04583333333333333
0 0.532421875 0.03333333333333333 0.01796875 0.041666666666666664
0 0.553515625 0.034722222222222224 0.01640625 0.044444444444444446
0 0.576171875 0.03333333333333333 0.01640625 0.041666666666666664
0 0.594921875 0.03263888888888889 0.01640625 0.04027777777777778
0 0.61640625 0.02847222222222222 0.01875 0.05138888888888889
0 0.639453125 0.027083333333333334 0.01484375 0.043055555555555555
0 0.663671875 0.029861111111111113 0.01953125 0.043055555555555555
0 0.684765625 0.029166666666666667 0.01640625 0.041666666666666664
0 0.708203125 0.024305555555555556 0.01796875 0.04583333333333333
0 0.7296875 0.025 0.01875 0.044444444444444446
0 0.75078125 0.025694444444444443 0.021875 0.0375
0 0.771875 0.022222222222222223 0.0203125 0.044444444444444446
0 0.795703125 0.022916666666666665 0.02109375 0.034722222222222224
0 0.81953125 0.02013888888888889 0.0203125 0.04027777777777778
0 0.841796875 0.01875 0.02109375 0.0375
0 0.15546875 0.024305555555555556 0.0234375 0.02638888888888889
0 0.176171875 0.025694444444444443 0.02578125 0.03194444444444444
0 0.19375 0.025 0.025 0.03333333333333333
0 0.210546875 0.022222222222222223 0.02265625 0.030555555555555555
0 0.226171875 0.019444444444444445 0.02421875 0.030555555555555555
0 0.247265625 0.01875 0.01953125 0.029166666666666667
0 0.267578125 0.016666666666666666 0.01953125 0.03333333333333333
0 0.287890625 0.015277777777777777 0.01796875 0.027777777777777776
0 0.30390625 0.01597222222222222 0.025 0.03194444444444444
0 0.3234375 0.014583333333333334 0.01875 0.029166666666666667
0 0.339453125 0.015277777777777777 0.02109375 0.030555555555555555
0 0.359765625 0.014583333333333334 0.02421875 0.029166666666666667
0 0.37890625 0.0125 0.0234375 0.025
0 0.40390625 0.013194444444444444 0.021875 0.02638888888888889
