0 0.352734375 0.9493055555555555 0.04140625 0.09861111111111111
0 0.3046875 0.9451388888888889 0.0484375 0.10694444444444444
0 0.25078125 0.9458333333333333 0.04375 0.10555555555555556
0 0.210546875 0.9319444444444445 0.04296875 0.1
0 0.162890625 0.9354166666666667 0.04609375 0.10416666666666667
0 0.748828125 0.9416666666666667 0.03984375 0.11388888888888889
0 0.9109375 0.7895833333333333 0.071875 0.059722222222222225
0 0.945703125 0.9701388888888889 0.05078125 0.05694444444444444
0 0.9515625 0.46458333333333335 0.040625 0.0763888888888889
0 0.842578125 0.4013888888888889 0.03515625 0.08055555555555556
0 0.88125 0.6354166666666666 0.0421875 0.09583333333333334
0 0.841796875 0.6284722222222222 0.03671875 0.09583333333333334
0 0.762890625 0.63125 0.03828125 0.09861111111111111
0 0.723828125 0.7263888888888889 0.04296875 0.10277777777777777
0 0.6828125 0.7298611111111111 0.0328125 0.10138888888888889
0 0.64921875 0.6291666666666667 0.03125 0.09444444444444444
0 0.5796875 0.6229166666666667 0.0296875 0.09861111111111111
0 0.594921875 0.7284722222222222 0.03359375 0.10694444444444444
0 0.5421875 0.6236111111111111 0.03125 0.09722222222222222
0 0.47421875 0.6215277777777778 0.034375 0.09583333333333334
0 0.50859375 0.7305555555555555 0.034375 0.10555555555555556
0 0.468359375 0.7333333333333333 0.03515625 0.1
0 0.4265625 0.7298611111111111 0.040625 0.10972222222222222
0 0.384765625 0.7291666666666666 0.03828125 0.10833333333333334
0 0.2984375 0.7298611111111111 0.040625 0.09027777777777778
0 0.25859375 0.7319444444444444 0.0453125 0.1111111111111111
0 0.178125 0.7284722222222222 0.0484375 0.09583333333333334
0 0.136328125 0.7291666666666666 0.04609375 0.1
0 0.1015625 0.7284722222222222 0.0453125 0.09027777777777778
0 0.06171875 0.7277777777777777 0.046875 0.08888888888888889
0 0.02734375 0.7256944444444444 0.05 0.10416666666666667
0 0.0109375 0.6125 0.021875 0.08055555555555556
0 0.03046875 0.6118055555555556 0.0453125 0.07916666666666666
0 0.06015625 0.6138888888888889 0.0421875 0.09166666666666666
0 0.08984375 0.6166666666666667 0.040625 0.075
0 0.119140625 0.6180555555555556 0.03515625 0.08333333333333333
0 0.15234375 0.6194444444444445 0.0421875 0.08055555555555556
0 0.183203125 0.6222222222222222 0.03984375 0.08055555555555556
0 0.216796875 0.6180555555555556 0.03984375 0.08333333333333333
0 0.248046875 0.6201388888888889 0.03984375 0.08472222222222223
0 0.30390625 0.6201388888888889 0.0390625 0.08472222222222223
0 0.33828125 0.6173611111111111 0.0375 0.07916666666666666
0 0.370703125 0.61875 0.03203125 0.0875
0 0.405859375 0.6194444444444445 0.03359375 0.08055555555555556
0 0.4390625 0.6215277777777778 0.0359375 0.07916666666666666
0 0.804296875 0.3958333333333333 0.03203125 0.06944444444444445
0 0.745703125 0.4625 0.03359375 0.07222222222222222
0 0.71171875 0.4618055555555556 0.028125 0.07916666666666666
0 0.6765625 0.4625 0.0296875 0.07777777777777778
0 0.644921875 0.4597222222222222 0.02578125 0.08055555555555556
0 0.675390625 0.39375 0.02578125 0.07083333333333333
0 0.55625 0.3902777777777778 0.03125 0.06944444444444445
0 0.58515625 0.4638888888888889 0.025 0.06944444444444445
0 0.551171875 0.4583333333333333 0.02734375 0.07777777777777778
0 0.519921875 0.4583333333333333 0.02578125 0.08055555555555556
0 0.49296875 0.3951388888888889 0.0296875 0.07361111111111111
0 0.46015625 0.3416666666666667 0.0515625 0.044444444444444446
0 0.490625 0.4625 0.03125 0.08611111111111111
0 0.459765625 0.4576388888888889 0.03046875 0.08194444444444444
0 0.428515625 0.4625 0.03203125 0.08888888888888889
0 0.40625 0.39861111111111114 0.0296875 0.05555555555555555
0 0.398046875 0.46111111111111114 0.03046875 0.08055555555555556
0 0.380078125 0.4013888888888889 0.03046875 0.06388888888888888
0 0.3703125 0.4652777777777778 0.0359375 0.06944444444444445
0 0.338671875 0.4625 0.03515625 0.08055555555555556
0 0.347265625 0.40069444444444446 0.03046875 0.059722222222222225
0 0.3078125 0.39861111111111114 0.0328125 0.06111111111111111
0 0.2953125 0.46111111111111114 0.0375 0.06944444444444445
0 0.28046875 0.3993055555555556 0.034375 0.059722222222222225
0 0.2609375 0.46041666666666664 0.034375 0.07361111111111111
0 0.251171875 0.40069444444444446 0.03203125 0.0625
0 0.223046875 0.4 0.03828125 0.06111111111111111
0 0.196875 0.4 0.034375 0.05555555555555555
0 0.168359375 0.4 0.03671875 0.06388888888888888
0 0.14296875 0.40069444444444446 0.0390625 0.0625
0 0.11484375 0.3993055555555556 0.0359375 0.059722222222222225
0 0.08828125 0.40208333333333335 0.0390625 0.05694444444444444
0 0.063671875 0.39861111111111114 0.04296875 0.06666666666666667
0 0.039453125 0.4027777777777778 0.03515625 0.06111111111111111
0 0.016015625 0.40347222222222223 0.03203125 0.05416666666666667
0 0.01875 0.4583333333333333 0.0375 0.06944444444444445
0 0.041015625 0.4583333333333333 0.04609375 0.06111111111111111
0 0.06640625 0.4625 0.0375 0.07222222222222222
0 0.091796875 0.46041666666666664 0.03515625 0.0763888888888889
0 0.11875 0.45902777777777776 0.0359375 0.06805555555555555
0 0.1484375 0.46319444444444446 0.04375 0.07916666666666666
0 0.1796875 0.45902777777777776 0.034375 0.06805555555555555
0 0.20703125 0.4618055555555556 0.0375 0.07083333333333333
0 0.235546875 0.46458333333333335 0.03203125 0.07083333333333333
0 0.588671875 0.2791666666666667 0.02421875 0.06111111111111111
0 0.615234375 0.2263888888888889 0.02734375 0.06944444444444445
0 0.6984375 0.2798611111111111 0.028125 0.07083333333333333
0 0.721484375 0.22777777777777777 0.02578125 0.06111111111111111
0 0.8171875 0.27708333333333335 0.0328125 0.0625
0 0.755859375 0.2777777777777778 0.03046875 0.06111111111111111
0 0.54296875 0.2263888888888889 0.0265625 0.06388888888888888
0 0.51171875 0.23402777777777778 0.0265625 0.0625
0 0.48359375 0.23402777777777778 0.025 0.04861111111111111
0 0.481640625 0.28125 0.02890625 0.07361111111111111
0 0.45390625 0.2833333333333333 0.0265625 0.06111111111111111
0 0.4609375 0.23541666666666666 0.0265625 0.05416666666666667
0 0.436328125 0.23333333333333334 0.03046875 0.058333333333333334
0 0.430859375 0.28194444444444444 0.02890625 0.06666666666666667
0 0.4046875 0.28541666666666665 0.028125 0.0625
0 0.408984375 0.23680555555555555 0.02421875 0.05138888888888889
0 0.383984375 0.23541666666666666 0.02890625 0.05416666666666667
0 0.37890625 0.28680555555555554 0.025 0.059722222222222225
0 0.34921875 0.2375 0.0265625 0.05
0 0.334375 0.2916666666666667 0.0328125 0.06666666666666667
0 0.3234375 0.23472222222222222 0.03125 0.05
0 0.31171875 0.29097222222222224 0.028125 0.05416666666666667
0 0.298046875 0.23819444444444443 0.02890625 0.05416666666666667
0 0.2859375 0.2881944444444444 0.03125 0.059722222222222225
0 0.273828125 0.24097222222222223 0.02890625 0.04861111111111111
0 0.258984375 0.2902777777777778 0.03046875 0.058333333333333334
0 0.249609375 0.23472222222222222 0.02890625 0.044444444444444446
0 0.2359375 0.2881944444444444 0.03125 0.059722222222222225
0 0.21015625 0.2916666666666667 0.03125 0.06388888888888888
0 0.18671875 0.28888888888888886 0.0328125 0.06388888888888888
0 0.162890625 0.2916666666666667 0.03359375 0.058333333333333334
0 0.139453125 0.2902777777777778 0.03046875 0.05555555555555555
0 0.11484375 0.29444444444444445 0.03125 0.05
0 0.091015625 0.2923611111111111 0.03515625 0.0625
0 0.06875 0.29444444444444445 0.0359375 0.06388888888888888
0 0.04375 0.2972222222222222 0.034375 0.05555555555555555
0 0.021484375 0.2951388888888889 0.03203125 0.05416666666666667
0 0.04296875 0.2513888888888889 0.0328125 0.041666666666666664
0 0.068359375 0.24791666666666667 0.03046875 0.04583333333333333
0 0.092578125 0.23958333333333334 0.03203125 0.05138888888888889
0 0.1140625 0.2465277777777778 0.0296875 0.04583333333333333
0 0.134765625 0.24027777777777778 0.03671875 0.058333333333333334
0 0.155078125 0.24444444444444444 0.02734375 0.04722222222222222
0 0.174609375 0.24166666666666667 0.03203125 0.05
0 0.198828125 0.2388888888888889 0.03515625 0.05
0 0.225390625 0.23819444444444443 0.03515625 0.04583333333333333
0 0.30703125 0.20208333333333334 0.040625 0.03194444444444444
0 0.30234375 0.1798611111111111 0.0453125 0.02638888888888889
0 0.8203125 0.025 0.025 0.041666666666666664
0 0.773046875 0.02638888888888889 0.02578125 0.03888888888888889
0 0.7515625 0.029166666666666667 0.0234375 0.03611111111111111
0 0.733984375 0.09652777777777778 0.02421875 0.04583333333333333
0 0.710546875 0.09791666666666667 0.02109375 0.04861111111111111
0 0.687890625 0.10138888888888889 0.01796875 0.044444444444444446
0 0.665234375 0.09861111111111111 0.02265625 0.03888888888888889
0 0.666796875 0.14305555555555555 0.02421875 0.05
0 0.590625 0.14305555555555555 0.021875 0.05555555555555555
0 0.56640625 0.1423611111111111 0.0234375 0.05138888888888889
0 0.51875 0.14375 0.0203125 0.05416666666666667
0 0.496875 0.15625 0.01875 0.05138888888888889
0 0.451171875 0.15 0.02578125 0.05277777777777778
0 0.425 0.15069444444444444 0.01875 0.04583333333333333
0 0.4015625 0.15763888888888888 0.025 0.04861111111111111
0 0.371484375 0.1527777777777778 0.02421875 0.05
0 0.34609375 0.15347222222222223 0.0234375 0.04583333333333333
0 0.323046875 0.15138888888888888 0.02109375 0.03611111111111111
0 0.3015625 0.14930555555555555 0.021875 0.04583333333333333
0 0.282421875 0.15 0.02734375 0.05
0 0.258984375 0.15069444444444444 0.02734375 0.05138888888888889
0 0.236328125 0.15555555555555556 0.02421875 0.05277777777777778
0 0.212890625 0.15763888888888888 0.02734375 0.05138888888888889
0 0.19140625 0.15486111111111112 0.0234375 0.05416666666666667
0 0.171484375 0.15763888888888888 0.03046875 0.05416666666666667
0 0.1375 0.16527777777777777 0.034375 0.05
0 0.108984375 0.1701388888888889 0.03359375 0.05138888888888889
0 0.08984375 0.16597222222222222 0.0265625 0.04583333333333333
0 0.01015625 0.19583333333333333 0.0203125 0.03611111111111111
0 0.013671875 0.17569444444444443 0.02734375 0.03194444444444444
0 0.017578125 0.16111111111111112 0.03515625 0.030555555555555555
0 0.029296875 0.14375 0.03828125 0.029166666666666667
0 0.0421875 0.125 0.0375 0.025
0 0.051953125 0.10555555555555556 0.04140625 0.025
0 0.059375 0.09236111111111112 0.03125 0.020833333333333332
0 0.06875 0.07777777777777778 0.034375 0.025
0 0.0765625 0.06388888888888888 0.0328125 0.025
0 0.08359375 0.05138888888888889 0.034375 0.022222222222222223
0 0.09140625 0.03819444444444445 0.0328125 0.02638888888888889
0 0.101171875 0.02361111111111111 0.03203125 0.022222222222222223
0 0.108203125 0.013194444444444444 0.03671875 0.02638888888888889
0 0.1421875 0.06319444444444444 0.0265625 0.0375
0 0.105859375 0.12638888888888888 0.02578125 0.030555555555555555
0 0.125 0.12638888888888888 0.0296875 0.030555555555555555
0 0.144140625 0.125 0.02734375 0.03611111111111111
0 0.163671875 0.125 0.03359375 0.03888888888888889
0 0.185546875 0.12222222222222222 0.03359375 0.03888888888888889
0 0.206640625 0.11736111111111111 0.02421875 0.034722222222222224
0 0.228125 0.11944444444444445 0.0234375 0.030555555555555555
0 0.251171875 0.10972222222222222 0.02578125 0.041666666666666664
0 0.26796875 0.11319444444444444 0.021875 0.034722222222222224
0 0.2921875 0.1125 0.0265625 0.03611111111111111
0 0.313671875 0.11319444444444444 0.02734375 0.03194444444444444
0 0.334375 0.11180555555555556 0.025 0.0375
0 0.358203125 0.10972222222222222 0.02734375 0.03611111111111111
0 0.38046875 0.11180555555555556 0.028125 0.03194444444444444
0 0.412109375 0.1125 0.02421875 0.044444444444444446
0 0.43359375 0.11527777777777778 0.025 0.03888888888888889
0 0.457421875 0.1111111111111111 0.02265625 0.044444444444444446
0 0.480078125 0.1111111111111111 0.02421875 0.05
0 0.501953125 0.10972222222222222 0.02109375 0.04722222222222222
0 0.52734375 0.10486111111111111 0.0203125 0.05138888888888889
0 0.54921875 0.10416666666666667 0.0203125 0.04722222222222222
0 0.569921875 0.10069444444444445 0.02109375 0.0375
0 0.5921875 0.10138888888888889 0.0234375 0.044444444444444446
0 0.61484375 0.10277777777777777 0.021875 0.04722222222222222
0 0.6390625 0.10347222222222222 0.01875 0.04583333333333333
0 0.158984375 0.059027777777777776 0.02734375 0.034722222222222224
0 0.180078125 0.05694444444444444 0.02421875 0.044444444444444446
0 0.200390625 0.059722222222222225 0.02265625 0.03611111111111111
0 0.2171875 0.05694444444444444 0.021875 0.044444444444444446
0 0.23828125 0.05347222222222222 0.0234375 0.043055555555555555
0 0.25625 0.05277777777777778 0.028125 0.041666666666666664
0 0.275390625 0.05 0.02421875 0.044444444444444446
0 0.293359375 0.04652777777777778 0.02578125 0.05138888888888889
0 0.3140625 0.04722222222222222 0.025 0.05277777777777778
0 0.332421875 0.049305555555555554 0.02578125 0.04861111111111111
0 0.352734375 0.04791666666666667 0.02734375 0.04583333333333333
0 0.372265625 0.05 0.02421875 0.044444444444444446
0 0.394921875 0.04513888888888889 0.02421875 0.043055555555555555
0 0.423828125 0.044444444444444446 0.02265625 0.041666666666666664
0 0.4453125 0.04652777777777778 0.0203125 0.0375
0 0.4671875 0.043055555555555555 0.0234375 0.03888888888888889
0 0.487890625 0.04097222222222222 0.02265625 0.034722222222222224
0 0.509375 0.035416666666666666 0.0203125 0.043055555555555555
0 0.53046875 0.03611111111111111 0.025 0.041666666666666664
0 0.555078125 0.035416666666666666 0.01953125 0.0375
0 0.574609375 0.03680555555555556 0.02265625 0.043055555555555555
0 0.5953125 0.03611111111111111 0.0234375 0.03888888888888889
0 0.61796875 0.030555555555555555 0.021875 0.03888888888888889
0 0.639453125 0.02847222222222222 0.02109375 0.04583333333333333
0 0.661328125 0.029861111111111113 0.01953125 0.04583333333333333
0 0.683984375 0.03125 0.02109375 0.043055555555555555
0 0.707421875 0.024305555555555556 0.01953125 0.04583333333333333
0 0.728515625 0.024305555555555556 0.02109375 0.04861111111111111
0 0.1546875 0.029166666666666667 0.0234375 0.025
0 0.174609375 0.02638888888888889 0.01796875 0.027777777777777776
0 0.193359375 0.02638888888888889 0.02421875 0.027777777777777776
0 0.211328125 0.027777777777777776 0.02421875 0.03611111111111111
0 0.229296875 0.02361111111111111 0.02265625 0.030555555555555555
0 0.247265625 0.022916666666666665 0.02265625 0.03194444444444444
0 0.26640625 0.018055555555555554 0.0234375 0.027777777777777776
0 0.2859375 0.016666666666666666 0.01875 0.030555555555555555
0 0.30546875 0.0125 0.021875 0.025
0 0.325 0.013888888888888888 0.0203125 0.025
0 0.34375 0.011805555555555555 0.0171875 0.020833333333333332
0 0.360546875 0.013194444444444444 0.02109375 0.020833333333333332
0 0.38046875 0.013888888888888888 0.0234375 0.027777777777777776
0 0.401171875 0.013194444444444444 0.02109375 0.02638888888888889
0 0.432421875 0.011805555555555555 0.01796875 0.02361111111111111
0 0.451171875 0.0125 0.02109375 0.025
0 0.473828125 0.013888888888888888 0.01796875 0.027777777777777776
0 0.543359375 0.9527777777777777 0.03203125 0.08888888888888889
0 0.859765625 0.022916666666666665 0.02421875 0.04583333333333333
0 0.02734375 0.9395833333333333 0.0484375 0.10694444444444444
