0 0.075390625 0.4618055555555556 0.04140625 0.0625
0 0.03984375 0.46319444444444446 0.040625 0.0763888888888889
0 0.043359375 0.39375 0.03671875 0.07083333333333333
0 0.015234375 0.6055555555555555 0.03046875 0.09166666666666666
0 0.251953125 0.60625 0.04453125 0.09861111111111111
0 0.312890625 0.6118055555555556 0.04296875 0.09583333333333334
0 0.408203125 0.6215277777777778 0.03671875 0.0875
0 0.5453125 0.9513888888888888 0.0328125 0.09444444444444444
0 0.92421875 0.8430555555555556 0.0734375 0.075
0 0.148828125 0.12916666666666668 0.03828125 0.05277777777777778
0 0.155859375 0.034722222222222224 0.02890625 0.041666666666666664
