0 0.23515625 0.2881944444444444 0.0359375 0.0625
0 0.259765625 0.2902777777777778 0.03515625 0.06666666666666667
0 0.286328125 0.2902777777777778 0.03359375 0.06666666666666667
0 0.3109375 0.28888888888888886 0.0359375 0.06666666666666667
0 0.336328125 0.29097222222222224 0.03359375 0.0625
0 0.3765625 0.2875 0.0328125 0.06388888888888888
0 0.404296875 0.2881944444444444 0.02734375 0.059722222222222225
0 0.430078125 0.2902777777777778 0.02578125 0.06388888888888888
0 0.4546875 0.2875 0.0265625 0.06388888888888888
0 0.48125 0.28888888888888886 0.028125 0.06111111111111111
0 0.50625 0.28680555555555554 0.025 0.05416666666666667
0 0.5328125 0.28680555555555554 0.0265625 0.05694444444444444
0 0.5609375 0.28194444444444444 0.025 0.05277777777777778
0 0.61796875 0.2826388888888889 0.025 0.059722222222222225
0 0.673046875 0.28125 0.02734375 0.05416666666666667
0 0.19765625 0.40069444444444446 0.0421875 0.059722222222222225
0 0.223046875 0.3993055555555556 0.04140625 0.0625
0 0.249609375 0.4013888888888889 0.03828125 0.06388888888888888
0 0.281640625 0.4013888888888889 0.03984375 0.058333333333333334
0 0.312890625 0.4027777777777778 0.03671875 0.06111111111111111
0 0.350390625 0.40208333333333335 0.03515625 0.05694444444444444
0 0.375390625 0.4013888888888889 0.03515625 0.06111111111111111
0 0.409765625 0.3958333333333333 0.03359375 0.058333333333333334
0 0.436328125 0.39791666666666664 0.03359375 0.05694444444444444
0 0.465234375 0.39652777777777776 0.03515625 0.0625
0 0.495703125 0.3958333333333333 0.03203125 0.06111111111111111
0 0.521875 0.39652777777777776 0.03125 0.059722222222222225
0 0.553125 0.3951388888888889 0.0296875 0.06805555555555555
0 0.176171875 0.4618055555555556 0.03671875 0.07916666666666666
0 0.205078125 0.4638888888888889 0.04453125 0.08055555555555556
0 0.232421875 0.4597222222222222 0.03984375 0.08333333333333333
0 0.26015625 0.4673611111111111 0.040625 0.07916666666666666
0 0.291015625 0.4652777777777778 0.03671875 0.08055555555555556
0 0.335546875 0.46875 0.03046875 0.08472222222222223
0 0.3671875 0.4666666666666667 0.0421875 0.08333333333333333
0 0.39453125 0.46805555555555556 0.0375 0.07777777777777778
0 0.42734375 0.4638888888888889 0.0375 0.08333333333333333
0 0.456640625 0.46805555555555556 0.03046875 0.075
0 0.48984375 0.46805555555555556 0.0328125 0.075
0 0.55234375 0.46597222222222223 0.0265625 0.07083333333333333
0 0.582421875 0.4673611111111111 0.03203125 0.07083333333333333
0 0.646875 0.4638888888888889 0.03125 0.07222222222222222
0 0.77890625 0.46319444444444446 0.0390625 0.07361111111111111
0 0.8484375 0.4597222222222222 0.0421875 0.075
0 0.121875 0.6152777777777778 0.0453125 0.08333333333333333
0 0.1515625 0.6180555555555556 0.0453125 0.07777777777777778
0 0.187109375 0.61875 0.04453125 0.07916666666666666
0 0.219140625 0.6166666666666667 0.04140625 0.07777777777777778
0 0.2515625 0.6222222222222222 0.0421875 0.075
0 0.30234375 0.61875 0.0390625 0.07083333333333333
0 0.33671875 0.6166666666666667 0.040625 0.07777777777777778
0 0.37265625 0.6201388888888889 0.0484375 0.08472222222222223
0 0.405078125 0.6201388888888889 0.04140625 0.07916666666666666
0 0.438671875 0.6236111111111111 0.04140625 0.08055555555555556
0 0.47109375 0.6222222222222222 0.0359375 0.08055555555555556
0 0.506640625 0.6243055555555556 0.03671875 0.0875
0 0.54140625 0.6208333333333333 0.0375 0.07777777777777778
0 0.57890625 0.6222222222222222 0.0359375 0.08611111111111111
0 0.6140625 0.6201388888888889 0.0359375 0.08194444444444444
0 0.689453125 0.6277777777777778 0.04140625 0.08333333333333333
0 0.25703125 0.7368055555555556 0.053125 0.0875
0 0.300390625 0.7354166666666667 0.05234375 0.07916666666666666
0 0.510546875 0.7479166666666667 0.04609375 0.0875
0 0.492578125 0.5145833333333333 0.06328125 0.05138888888888889
0 0.6375 0.5631944444444444 0.04375 0.08194444444444444
0 0.90234375 0.7361111111111112 0.0734375 0.06111111111111111
0 0.9140625 0.8041666666666667 0.0828125 0.05555555555555555
0 0.923828125 0.8673611111111111 0.07578125 0.06527777777777778
0 0.21328125 0.9284722222222223 0.05 0.10416666666666667
0 0.15859375 0.9361111111111111 0.040625 0.09722222222222222
0 0.09453125 0.6125 0.0453125 0.09722222222222222
0 0.069140625 0.6048611111111111 0.03984375 0.08194444444444444
0 0.03203125 0.6118055555555556 0.046875 0.0875
0 0.009765625 0.6069444444444444 0.01953125 0.07777777777777778
0 0.15 0.4618055555555556 0.03125 0.07361111111111111
0 0.11953125 0.4638888888888889 0.034375 0.075
0 0.091796875 0.4583333333333333 0.03671875 0.08888888888888889
0 0.065234375 0.4597222222222222 0.03515625 0.08055555555555556
0 0.036328125 0.4638888888888889 0.03046875 0.07222222222222222
0 0.015234375 0.45902777777777776 0.03046875 0.07916666666666666
0 0.16953125 0.4027777777777778 0.0328125 0.06111111111111111
0 0.1421875 0.4013888888888889 0.034375 0.05555555555555555
0 0.116015625 0.3972222222222222 0.03671875 0.06111111111111111
0 0.09296875 0.4013888888888889 0.034375 0.05
0 0.06640625 0.4 0.0359375 0.06388888888888888
0 0.0421875 0.3958333333333333 0.034375 0.06111111111111111
0 0.018359375 0.40069444444444446 0.03671875 0.059722222222222225
0 0.213671875 0.29097222222222224 0.03046875 0.059722222222222225
0 0.18515625 0.28958333333333336 0.025 0.05694444444444444
0 0.1625 0.29097222222222224 0.0296875 0.059722222222222225
0 0.138671875 0.28958333333333336 0.03203125 0.059722222222222225
0 0.115625 0.28680555555555554 0.03125 0.06527777777777778
0 0.0921875 0.29305555555555557 0.0359375 0.06388888888888888
0 0.069140625 0.29444444444444445 0.02890625 0.06111111111111111
0 0.045703125 0.29583333333333334 0.03359375 0.058333333333333334
0 0.02109375 0.29791666666666666 0.0359375 0.05694444444444444
0 0.53984375 0.22708333333333333 0.0234375 0.059722222222222225
0 0.51171875 0.23402777777777778 0.028125 0.05694444444444444
0 0.46171875 0.2326388888888889 0.025 0.059722222222222225
0 0.436328125 0.23333333333333334 0.03046875 0.05277777777777778
0 0.411328125 0.23402777777777778 0.02734375 0.05138888888888889
0 0.38515625 0.23472222222222222 0.028125 0.05277777777777778
0 0.348828125 0.23333333333333334 0.02890625 0.058333333333333334
0 0.323046875 0.22916666666666666 0.02734375 0.06111111111111111
0 0.296875 0.23055555555555557 0.028125 0.058333333333333334
0 0.27109375 0.23680555555555555 0.0296875 0.05138888888888889
0 0.248046875 0.2375 0.02890625 0.044444444444444446
0 0.224609375 0.23402777777777778 0.02890625 0.05138888888888889
0 0.201953125 0.24027777777777778 0.02734375 0.041666666666666664
0 0.17890625 0.23958333333333334 0.0328125 0.043055555555555555
0 0.15703125 0.23819444444444443 0.0296875 0.05416666666666667
0 0.1359375 0.23819444444444443 0.028125 0.05416666666666667
0 0.1109375 0.23958333333333334 0.0296875 0.043055555555555555
0 0.08828125 0.24305555555555555 0.03125 0.044444444444444446
0 0.066015625 0.24513888888888888 0.03203125 0.04583333333333333
0 0.041796875 0.25069444444444444 0.03359375 0.043055555555555555
0 0.0140625 0.1763888888888889 0.028125 0.027777777777777776
0 0.020703125 0.15763888888888888 0.03203125 0.029166666666666667
0 0.03203125 0.14444444444444443 0.034375 0.030555555555555555
0 0.039453125 0.12361111111111112 0.03828125 0.025
0 0.051171875 0.10555555555555556 0.03984375 0.025
0 0.06015625 0.09444444444444444 0.0328125 0.025
0 0.06796875 0.075 0.0359375 0.030555555555555555
0 0.078515625 0.059027777777777776 0.03359375 0.02361111111111111
0 0.087109375 0.04722222222222222 0.03203125 0.027777777777777776
0 0.093359375 0.035416666666666666 0.03046875 0.02361111111111111
0 0.101171875 0.022222222222222223 0.03359375 0.019444444444444445
0 0.10703125 0.011805555555555555 0.03125 0.02361111111111111
0 0.088671875 0.16458333333333333 0.03046875 0.043055555555555555
0 0.110546875 0.16319444444444445 0.02890625 0.043055555555555555
0 0.13125 0.16111111111111112 0.028125 0.04722222222222222
0 0.1515625 0.15763888888888888 0.028125 0.04583333333333333
0 0.172265625 0.15486111111111112 0.02734375 0.05138888888888889
0 0.19296875 0.15833333333333333 0.025 0.05
0 0.215625 0.15208333333333332 0.025 0.05138888888888889
0 0.23515625 0.1527777777777778 0.025 0.05277777777777778
0 0.255078125 0.15416666666666667 0.02421875 0.05277777777777778
0 0.2796875 0.15208333333333332 0.0265625 0.05416666666666667
0 0.300390625 0.15347222222222223 0.02265625 0.04861111111111111
0 0.328125 0.15 0.0265625 0.044444444444444446
0 0.347265625 0.15347222222222223 0.02421875 0.04583333333333333
0 0.371484375 0.15069444444444444 0.02421875 0.05138888888888889
0 0.4046875 0.15069444444444444 0.025 0.05138888888888889
0 0.425390625 0.14930555555555555 0.02265625 0.05138888888888889
0 0.452734375 0.14791666666666667 0.02109375 0.04861111111111111
0 0.475390625 0.14652777777777778 0.02265625 0.05416666666666667
0 0.4984375 0.14166666666666666 0.0203125 0.05277777777777778
0 0.521875 0.14444444444444443 0.0234375 0.05555555555555555
0 0.78828125 0.09722222222222222 0.025 0.04722222222222222
0 0.757421875 0.09305555555555556 0.02109375 0.044444444444444446
0 0.709765625 0.09583333333333334 0.02265625 0.044444444444444446
0 0.687109375 0.09861111111111111 0.02265625 0.04722222222222222
0 0.66328125 0.10069444444444445 0.021875 0.05138888888888889
0 0.639453125 0.09583333333333334 0.01953125 0.05
0 0.61640625 0.09930555555555555 0.021875 0.04027777777777778
0 0.594921875 0.1 0.02109375 0.05277777777777778
0 0.568359375 0.10208333333333333 0.02265625 0.04861111111111111
0 0.546875 0.10416666666666667 0.01875 0.04722222222222222
0 0.52421875 0.09791666666666667 0.01875 0.043055555555555555
0 0.500390625 0.10208333333333333 0.02109375 0.034722222222222224
0 0.479296875 0.10555555555555556 0.01953125 0.03611111111111111
0 0.4578125 0.10972222222222222 0.021875 0.03611111111111111
0 0.434375 0.10694444444444444 0.0203125 0.03611111111111111
0 0.41171875 0.10902777777777778 0.025 0.0375
0 0.38125 0.1111111111111111 0.0265625 0.041666666666666664
0 0.356640625 0.1111111111111111 0.02734375 0.04722222222222222
0 0.334375 0.11597222222222223 0.0265625 0.043055555555555555
0 0.315234375 0.1111111111111111 0.02734375 0.041666666666666664
0 0.29296875 0.11736111111111111 0.0234375 0.03194444444444444
0 0.27265625 0.10972222222222222 0.0234375 0.03888888888888889
0 0.25 0.10972222222222222 0.0234375 0.03611111111111111
0 0.2296875 0.11527777777777778 0.025 0.03611111111111111
0 0.209765625 0.11458333333333333 0.02578125 0.04027777777777778
0 0.1875 0.12083333333333333 0.025 0.030555555555555555
0 0.168359375 0.11736111111111111 0.02109375 0.034722222222222224
0 0.148046875 0.12361111111111112 0.02578125 0.030555555555555555
0 0.124609375 0.12777777777777777 0.02578125 0.030555555555555555
0 0.10703125 0.12361111111111112 0.028125 0.030555555555555555
0 0.140234375 0.06388888888888888 0.02734375 0.03611111111111111
0 0.16171875 0.06111111111111111 0.0234375 0.044444444444444446
0 0.15546875 0.03125 0.021875 0.02638888888888889
0 0.17109375 0.027083333333333334 0.0234375 0.02638888888888889
0 0.19140625 0.027083333333333334 0.021875 0.03194444444444444
0 0.1796875 0.05763888888888889 0.0234375 0.0375
0 0.1953125 0.058333333333333334 0.021875 0.03611111111111111
0 0.215234375 0.05694444444444444 0.02265625 0.041666666666666664
0 0.209375 0.022916666666666665 0.0234375 0.034722222222222224
0 0.2265625 0.024305555555555556 0.01875 0.029166666666666667
0 0.246484375 0.022222222222222223 0.02109375 0.027777777777777776
0 0.265234375 0.020833333333333332 0.01953125 0.030555555555555555
0 0.237109375 0.052083333333333336 0.02265625 0.034722222222222224
0 0.25390625 0.05277777777777778 0.025 0.03611111111111111
0 0.27421875 0.049305555555555554 0.021875 0.04027777777777778
0 0.29609375 0.05138888888888889 0.0234375 0.04722222222222222
0 0.31640625 0.050694444444444445 0.0234375 0.0375
0 0.3390625 0.044444444444444446 0.0234375 0.041666666666666664
0 0.357421875 0.04583333333333333 0.02109375 0.044444444444444446
0 0.376953125 0.04791666666666667 0.02109375 0.0375
0 0.4 0.04513888888888889 0.0234375 0.04027777777777778
0 0.43046875 0.043055555555555555 0.0234375 0.04722222222222222
0 0.4484375 0.04236111111111111 0.01875 0.043055555555555555
0 0.47109375 0.043055555555555555 0.0203125 0.041666666666666664
0 0.491015625 0.03819444444444445 0.01953125 0.04583333333333333
0 0.5125 0.03958333333333333 0.021875 0.04583333333333333
0 0.53203125 0.03888888888888889 0.01875 0.04722222222222222
0 0.5546875 0.034027777777777775 0.01875 0.04861111111111111
0 0.5734375 0.03263888888888889 0.0171875 0.04861111111111111
0 0.594921875 0.034027777777777775 0.01953125 0.043055555555555555
0 0.61640625 0.03333333333333333 0.01875 0.03611111111111111
0 0.63828125 0.027083333333333334 0.01875 0.04583333333333333
0 0.659375 0.034722222222222224 0.021875 0.041666666666666664
0 0.683203125 0.030555555555555555 0.01796875 0.03611111111111111
0 0.703515625 0.025 0.01953125 0.04722222222222222
0 0.724609375 0.027083333333333334 0.01640625 0.0375
0 0.74921875 0.02638888888888889 0.0203125 0.044444444444444446
0 0.7734375 0.022916666666666665 0.021875 0.04583333333333333
0 0.794921875 0.020833333333333332 0.01640625 0.041666666666666664
0 0.81796875 0.022916666666666665 0.0234375 0.04583333333333333
0 0.8421875 0.021527777777777778 0.0203125 0.043055555555555555
0 0.28671875 0.013888888888888888 0.021875 0.027777777777777776
0 0.3046875 0.01597222222222222 0.01875 0.02638888888888889
0 0.32421875 0.013888888888888888 0.0171875 0.027777777777777776
0 0.34140625 0.01597222222222222 0.01875 0.03194444444444444
0 0.3625 0.0125 0.0203125 0.025
0 0.380859375 0.013194444444444444 0.01953125 0.02638888888888889
0 0.400390625 0.0125 0.01953125 0.025
0 0.429296875 0.0125 0.02265625 0.025
0 0.451953125 0.011805555555555555 0.01484375 0.02361111111111111
0 0.471484375 0.011805555555555555 0.02109375 0.02361111111111111
0 0.864453125 0.022222222222222223 0.02421875 0.044444444444444446
0 0.008984375 0.19583333333333333 0.01796875 0.030555555555555555
0 0.493359375 0.009722222222222222 0.02109375 0.019444444444444445
