0 0.953515625 0.9534722222222223 0.07265625 0.09027777777777778
0 0.91484375 0.7958333333333333 0.0765625 0.07222222222222222
0 0.9015625 0.7333333333333333 0.075 0.06111111111111111
0 0.985546875 0.6208333333333333 0.02734375 0.1
0 0.955859375 0.4666666666666667 0.04140625 0.075
0 0.9375 0.39791666666666664 0.0375 0.05694444444444444
0 0.854296875 0.46805555555555556 0.03671875 0.07777777777777778
0 0.81796875 0.46319444444444446 0.0359375 0.07083333333333333
0 0.83671875 0.6305555555555555 0.040625 0.1
0 0.8796875 0.6388888888888888 0.0421875 0.1
0 0.7625 0.6298611111111111 0.040625 0.09027777777777778
0 0.780078125 0.7375 0.04609375 0.10277777777777777
0 0.728515625 0.7270833333333333 0.03984375 0.10416666666666667
0 0.7546875 0.9409722222222222 0.040625 0.11527777777777778
0 0.703125 0.9576388888888889 0.0390625 0.08194444444444444
0 0.542578125 0.9527777777777777 0.03359375 0.09166666666666666
0 0.5015625 0.9555555555555556 0.0390625 0.08611111111111111
0 0.39921875 0.9541666666666667 0.046875 0.08888888888888889
0 0.248828125 0.9423611111111111 0.04609375 0.09861111111111111
0 0.212109375 0.9236111111111112 0.04453125 0.1111111111111111
0 0.162890625 0.9354166666666667 0.05078125 0.0875
0 0.119140625 0.9256944444444445 0.05078125 0.10416666666666667
0 0.0609375 0.7229166666666667 0.0546875 0.10138888888888889
0 0.028515625 0.71875 0.04609375 0.10972222222222222
0 0.261328125 0.7263888888888889 0.04609375 0.10555555555555556
0 0.3 0.7236111111111111 0.0390625 0.08611111111111111
0 0.51171875 0.73125 0.0328125 0.10138888888888889
0 0.61328125 0.6201388888888889 0.028125 0.0875
0 0.576171875 0.6201388888888889 0.02890625 0.0875
0 0.54375 0.6284722222222222 0.028125 0.09027777777777778
0 0.440234375 0.6263888888888889 0.03671875 0.08333333333333333
0 0.404296875 0.6263888888888889 0.03359375 0.08611111111111111
0 0.371875 0.6118055555555556 0.03125 0.0875
0 0.33671875 0.61875 0.03125 0.08194444444444444
0 0.30078125 0.6159722222222223 0.0375 0.08194444444444444
0 0.252734375 0.6166666666666667 0.03671875 0.08888888888888889
0 0.222265625 0.6159722222222223 0.03984375 0.08472222222222223
0 0.189453125 0.6131944444444445 0.03828125 0.0875
0 0.12421875 0.6145833333333334 0.0359375 0.08472222222222223
0 0.09453125 0.6138888888888889 0.0421875 0.075
0 0.066015625 0.6097222222222223 0.04609375 0.09444444444444444
0 0.03515625 0.6118055555555556 0.040625 0.0763888888888889
0 0.012109375 0.6076388888888888 0.02421875 0.0763888888888889
0 0.01953125 0.4041666666666667 0.0390625 0.06944444444444445
0 0.067578125 0.4618055555555556 0.03984375 0.07083333333333333
0 0.090625 0.39861111111111114 0.03125 0.06111111111111111
0 0.0640625 0.39652777777777776 0.03125 0.059722222222222225
0 0.169921875 0.4013888888888889 0.03515625 0.06111111111111111
0 0.19765625 0.4 0.0328125 0.06666666666666667
0 0.20546875 0.4597222222222222 0.0328125 0.07777777777777778
0 0.280078125 0.40069444444444446 0.03515625 0.07083333333333333
0 0.31015625 0.3993055555555556 0.0359375 0.07083333333333333
0 0.33828125 0.4576388888888889 0.03125 0.0763888888888889
0 0.3671875 0.4576388888888889 0.0296875 0.07083333333333333
0 0.42890625 0.4597222222222222 0.0265625 0.06666666666666667
0 0.457421875 0.4597222222222222 0.03046875 0.08611111111111111
0 0.381640625 0.3958333333333333 0.02734375 0.06944444444444445
0 0.408984375 0.40208333333333335 0.02734375 0.05694444444444444
0 0.43671875 0.39791666666666664 0.028125 0.0625
0 0.466015625 0.3923611111111111 0.03046875 0.05694444444444444
0 0.551171875 0.4576388888888889 0.02734375 0.0763888888888889
0 0.581640625 0.45555555555555555 0.02734375 0.08055555555555556
0 0.551953125 0.39375 0.02578125 0.0625
0 0.588671875 0.39305555555555555 0.02109375 0.058333333333333334
0 0.617578125 0.39375 0.02734375 0.05694444444444444
0 0.619140625 0.4625 0.02421875 0.07222222222222222
0 0.648828125 0.4583333333333333 0.02578125 0.075
0 0.71015625 0.45555555555555555 0.028125 0.08055555555555556
0 0.744140625 0.4576388888888889 0.03203125 0.08472222222222223
0 0.770703125 0.3951388888888889 0.03203125 0.06527777777777778
0 0.780078125 0.46111111111111114 0.03359375 0.06666666666666667
0 0.616796875 0.27847222222222223 0.02578125 0.06805555555555555
0 0.673046875 0.28402777777777777 0.02734375 0.06527777777777778
0 0.701171875 0.27569444444444446 0.02421875 0.06527777777777778
0 0.7609375 0.2763888888888889 0.0265625 0.06111111111111111
0 0.78828125 0.2763888888888889 0.03125 0.06388888888888888
0 0.777734375 0.21875 0.02421875 0.05138888888888889
0 0.75078125 0.2222222222222222 0.028125 0.04722222222222222
0 0.698046875 0.225 0.02734375 0.04722222222222222
0 0.669140625 0.22083333333333333 0.02734375 0.058333333333333334
0 0.483984375 0.28958333333333336 0.03046875 0.05416666666666667
0 0.464453125 0.23541666666666666 0.02265625 0.059722222222222225
0 0.4359375 0.24027777777777778 0.0234375 0.05277777777777778
0 0.412890625 0.23819444444444443 0.02421875 0.04861111111111111
0 0.377734375 0.28541666666666665 0.02890625 0.06527777777777778
0 0.340625 0.2861111111111111 0.0265625 0.058333333333333334
0 0.34921875 0.24027777777777778 0.0296875 0.04722222222222222
0 0.325 0.2375 0.0296875 0.058333333333333334
0 0.276171875 0.23680555555555555 0.03203125 0.06527777777777778
0 0.2515625 0.2388888888888889 0.0296875 0.05
0 0.2375 0.29097222222222224 0.03125 0.059722222222222225
0 0.18828125 0.2881944444444444 0.0296875 0.0625
0 0.18515625 0.2361111111111111 0.034375 0.05
0 0.158984375 0.24027777777777778 0.02578125 0.04722222222222222
0 0.13359375 0.24513888888888888 0.0328125 0.043055555555555555
0 0.1421875 0.28888888888888886 0.0375 0.06111111111111111
0 0.090625 0.2916666666666667 0.0328125 0.05555555555555555
0 0.06796875 0.2916666666666667 0.03125 0.06111111111111111
0 0.398046875 0.18819444444444444 0.04453125 0.04583333333333333
0 0.76796875 0.13541666666666666 0.028125 0.05416666666666667
0 0.76328125 0.09166666666666666 0.0234375 0.041666666666666664
0 0.81796875 0.022222222222222223 0.025 0.03888888888888889
0 0.7734375 0.02361111111111111 0.021875 0.04722222222222222
0 0.751953125 0.027083333333333334 0.02578125 0.043055555555555555
0 0.705859375 0.027083333333333334 0.02265625 0.04861111111111111
0 0.68515625 0.030555555555555555 0.021875 0.05277777777777778
0 0.63984375 0.030555555555555555 0.0203125 0.05
0 0.61953125 0.029166666666666667 0.0234375 0.05
0 0.596875 0.027083333333333334 0.0234375 0.05416666666666667
0 0.575 0.027083333333333334 0.0203125 0.05138888888888889
0 0.555859375 0.03125 0.02421875 0.05138888888888889
0 0.533203125 0.03263888888888889 0.02109375 0.043055555555555555
0 0.475 0.01875 0.0203125 0.0375
0 0.454296875 0.0125 0.01640625 0.025
0 0.448046875 0.04375 0.02109375 0.04583333333333333
0 0.3578125 0.04652777777777778 0.021875 0.043055555555555555
0 0.73671875 0.09375 0.0234375 0.04583333333333333
0 0.718359375 0.1361111111111111 0.02421875 0.05
0 0.593359375 0.1 0.01953125 0.05277777777777778
0 0.569921875 0.10416666666666667 0.01796875 0.05277777777777778
0 0.546484375 0.14444444444444443 0.01953125 0.05277777777777778
0 0.52421875 0.10277777777777777 0.0203125 0.04722222222222222
0 0.522265625 0.14444444444444443 0.02265625 0.05
0 0.49453125 0.15208333333333332 0.0203125 0.05138888888888889
0 0.483203125 0.10833333333333334 0.02109375 0.04722222222222222
0 0.457421875 0.10902777777777778 0.02265625 0.03194444444444444
0 0.451953125 0.14930555555555555 0.02109375 0.05138888888888889
0 0.43671875 0.1111111111111111 0.025 0.04722222222222222
0 0.4140625 0.11597222222222223 0.025 0.04583333333333333
0 0.356640625 0.11319444444444444 0.02734375 0.0375
0 0.349609375 0.15 0.02734375 0.05277777777777778
0 0.3234375 0.15 0.025 0.04722222222222222
0 0.294921875 0.11319444444444444 0.02109375 0.0375
0 0.283984375 0.1527777777777778 0.02421875 0.05
0 0.25234375 0.12013888888888889 0.025 0.04583333333333333
0 0.212890625 0.11388888888888889 0.03046875 0.03888888888888889
0 0.21796875 0.15625 0.028125 0.043055555555555555
0 0.195703125 0.1527777777777778 0.02734375 0.05277777777777778
0 0.158203125 0.15902777777777777 0.03203125 0.04583333333333333
0 0.1515625 0.12222222222222222 0.0296875 0.041666666666666664
0 0.130078125 0.11875 0.03046875 0.05416666666666667
0 0.0953125 0.1625 0.034375 0.05
0 0.14296875 0.06111111111111111 0.0296875 0.044444444444444446
0 0.158203125 0.029861111111111113 0.02734375 0.029166666666666667
0 0.16328125 0.06041666666666667 0.021875 0.03194444444444444
0 0.1828125 0.05763888888888889 0.025 0.034722222222222224
0 0.196484375 0.021527777777777778 0.02109375 0.04027777777777778
0 0.213671875 0.022916666666666665 0.01953125 0.03194444444444444
0 0.2203125 0.05138888888888889 0.0203125 0.041666666666666664
0 0.257421875 0.05277777777777778 0.02109375 0.041666666666666664
0 0.276953125 0.04791666666666667 0.02109375 0.034722222222222224
0 0.295703125 0.04861111111111111 0.02109375 0.041666666666666664
0 0.308984375 0.014583333333333334 0.02265625 0.02638888888888889
0 0.334765625 0.044444444444444446 0.02421875 0.041666666666666664
0 0.344140625 0.011111111111111112 0.01796875 0.022222222222222223
0 0.008984375 0.1986111111111111 0.01796875 0.03333333333333333
0 0.01640625 0.17430555555555555 0.0328125 0.034722222222222224
0 0.020703125 0.15694444444444444 0.04140625 0.030555555555555555
0 0.03203125 0.1375 0.0375 0.027777777777777776
0 0.04921875 0.11041666666666666 0.0359375 0.03194444444444444
0 0.079296875 0.06388888888888888 0.03828125 0.03333333333333333
0 0.09375 0.035416666666666666 0.0375 0.029166666666666667
0 0.102734375 0.022222222222222223 0.03671875 0.022222222222222223
0 0.112109375 0.011111111111111112 0.03984375 0.022222222222222223
