0 0.426171875 0.7395833333333334 0.04296875 0.10138888888888889
0 0.51171875 0.7381944444444445 0.03125 0.11805555555555555
0 0.552734375 0.7409722222222223 0.03203125 0.10138888888888889
0 0.59375 0.7347222222222223 0.03125 0.10277777777777777
0 0.727734375 0.7291666666666666 0.03515625 0.08611111111111111
0 0.83046875 0.7458333333333333 0.0421875 0.10555555555555556
0 0.900390625 0.7340277777777777 0.07421875 0.059722222222222225
0 0.919140625 0.7923611111111111 0.06953125 0.04861111111111111
0 0.93515625 0.8472222222222222 0.0765625 0.05
0 0.44375 0.9486111111111111 0.028125 0.07777777777777778
0 0.251953125 0.9430555555555555 0.03671875 0.08055555555555556
0 0.214453125 0.9263888888888889 0.03203125 0.09444444444444444
0 0.29609375 0.7402777777777778 0.0421875 0.09444444444444444
0 0.252734375 0.7458333333333333 0.04453125 0.11388888888888889
0 0.17265625 0.7416666666666667 0.0484375 0.1111111111111111
0 0.13515625 0.7305555555555555 0.0421875 0.10277777777777777
0 0.0953125 0.7368055555555556 0.046875 0.09861111111111111
0 0.056640625 0.7361111111111112 0.04921875 0.10555555555555556
0 0.02109375 0.7305555555555555 0.0390625 0.09444444444444444
0 0.028515625 0.6145833333333334 0.05078125 0.09583333333333334
0 0.060546875 0.6180555555555556 0.04296875 0.09722222222222222
0 0.09296875 0.6229166666666667 0.0390625 0.08194444444444444
0 0.149609375 0.6263888888888889 0.03671875 0.08611111111111111
0 0.18359375 0.625 0.0390625 0.08333333333333333
0 0.216015625 0.6270833333333333 0.04296875 0.08472222222222223
0 0.2515625 0.6263888888888889 0.0375 0.09722222222222222
0 0.299609375 0.6277777777777778 0.03671875 0.08888888888888889
0 0.33671875 0.6236111111111111 0.0359375 0.08333333333333333
0 0.36875 0.6270833333333333 0.0359375 0.08194444444444444
0 0.404296875 0.625 0.03671875 0.10277777777777777
0 0.440234375 0.6354166666666666 0.03203125 0.09861111111111111
0 0.469921875 0.625 0.03203125 0.09722222222222222
0 0.507421875 0.6333333333333333 0.03046875 0.09166666666666666
0 0.54140625 0.6326388888888889 0.0296875 0.09583333333333334
0 0.57578125 0.63125 0.028125 0.09027777777777778
0 0.61640625 0.6354166666666666 0.0265625 0.09305555555555556
0 0.654296875 0.6361111111111111 0.02890625 0.09722222222222222
0 0.691015625 0.6395833333333333 0.02734375 0.09305555555555556
0 0.72890625 0.6319444444444444 0.028125 0.1
0 0.7703125 0.6375 0.03125 0.09444444444444444
0 0.805078125 0.6430555555555556 0.02890625 0.09166666666666666
0 0.842578125 0.6347222222222222 0.03203125 0.1
0 0.88515625 0.64375 0.0328125 0.09027777777777778
0 0.962890625 0.48055555555555557 0.03828125 0.09166666666666666
0 0.94609375 0.4048611111111111 0.0375 0.07916666666666666
0 0.9296875 0.3416666666666667 0.0359375 0.06944444444444445
0 0.852734375 0.46319444444444446 0.03046875 0.08472222222222223
0 0.817578125 0.46805555555555556 0.03359375 0.06388888888888888
0 0.785546875 0.46458333333333335 0.03203125 0.08472222222222223
0 0.745703125 0.46319444444444446 0.03515625 0.07916666666666666
0 0.68671875 0.5368055555555555 0.05625 0.06805555555555555
0 0.68046875 0.46458333333333335 0.0296875 0.0875
0 0.709765625 0.40347222222222223 0.02734375 0.08194444444444444
0 0.770703125 0.39444444444444443 0.02890625 0.06111111111111111
0 0.803125 0.39861111111111114 0.0296875 0.07222222222222222
0 0.837109375 0.39444444444444443 0.02890625 0.08055555555555556
0 0.677734375 0.39791666666666664 0.02734375 0.06527777777777778
0 0.647265625 0.39652777777777776 0.02734375 0.07361111111111111
0 0.64921875 0.4673611111111111 0.0265625 0.07083333333333333
0 0.617578125 0.46458333333333335 0.02578125 0.08472222222222223
0 0.587109375 0.4638888888888889 0.02265625 0.08055555555555556
0 0.587109375 0.3972222222222222 0.02578125 0.06666666666666667
0 0.55390625 0.3993055555555556 0.0234375 0.05416666666666667
0 0.552734375 0.4618055555555556 0.02890625 0.08194444444444444
0 0.525 0.39652777777777776 0.025 0.0625
0 0.521875 0.45902777777777776 0.025 0.0763888888888889
0 0.491015625 0.4722222222222222 0.02265625 0.06666666666666667
0 0.492578125 0.3993055555555556 0.02578125 0.06527777777777778
0 0.465234375 0.39861111111111114 0.02578125 0.058333333333333334
0 0.459375 0.46805555555555556 0.0234375 0.08333333333333333
0 0.435546875 0.39652777777777776 0.02734375 0.07083333333333333
0 0.429296875 0.4638888888888889 0.02578125 0.08055555555555556
0 0.40859375 0.39861111111111114 0.025 0.058333333333333334
0 0.39765625 0.46597222222222223 0.0328125 0.0763888888888889
0 0.366796875 0.4708333333333333 0.03515625 0.08888888888888889
0 0.336328125 0.46805555555555556 0.03515625 0.08888888888888889
0 0.291796875 0.46597222222222223 0.03515625 0.08194444444444444
0 0.27890625 0.4013888888888889 0.0328125 0.05555555555555555
0 0.25 0.40347222222222223 0.034375 0.059722222222222225
0 0.257421875 0.4673611111111111 0.03203125 0.0763888888888889
0 0.23046875 0.46944444444444444 0.0359375 0.07777777777777778
0 0.20234375 0.46597222222222223 0.0359375 0.07361111111111111
0 0.1734375 0.46875 0.040625 0.08194444444444444
0 0.142578125 0.47152777777777777 0.03515625 0.07916666666666666
0 0.116796875 0.4708333333333333 0.03828125 0.07777777777777778
0 0.087890625 0.4673611111111111 0.03828125 0.0763888888888889
0 0.0375 0.4673611111111111 0.0359375 0.0763888888888889
0 0.01640625 0.46805555555555556 0.0296875 0.08055555555555556
0 0.222265625 0.3951388888888889 0.03984375 0.06805555555555555
0 0.196875 0.4027777777777778 0.03125 0.05
0 0.16640625 0.40069444444444446 0.040625 0.059722222222222225
0 0.11328125 0.40555555555555556 0.0375 0.05555555555555555
0 0.0859375 0.40555555555555556 0.0375 0.06111111111111111
0 0.059375 0.40625 0.0359375 0.05694444444444444
0 0.03671875 0.4048611111111111 0.0328125 0.05416666666666667
0 0.013671875 0.4048611111111111 0.02265625 0.05138888888888889
0 0.818359375 0.28125 0.02734375 0.0625
0 0.7609375 0.28194444444444444 0.021875 0.06666666666666667
0 0.72890625 0.28055555555555556 0.0265625 0.06111111111111111
0 0.70078125 0.28194444444444444 0.0203125 0.06944444444444445
0 0.671875 0.28055555555555556 0.021875 0.06944444444444445
0 0.644921875 0.28194444444444444 0.02265625 0.06388888888888888
0 0.61640625 0.2798611111111111 0.0234375 0.06805555555555555
0 0.587890625 0.2798611111111111 0.02109375 0.06805555555555555
0 0.56171875 0.28055555555555556 0.0203125 0.06666666666666667
0 0.533984375 0.28680555555555554 0.02265625 0.06527777777777778
0 0.4828125 0.2923611111111111 0.025 0.059722222222222225
0 0.45703125 0.2881944444444444 0.021875 0.0625
0 0.403125 0.2881944444444444 0.0296875 0.07083333333333333
0 0.410546875 0.2361111111111111 0.02578125 0.05555555555555555
0 0.386328125 0.24166666666666667 0.02734375 0.05555555555555555
0 0.347265625 0.24097222222222223 0.02890625 0.04861111111111111
0 0.33515625 0.2923611111111111 0.0296875 0.0625
0 0.4875 0.23680555555555555 0.0234375 0.05694444444444444
0 0.512890625 0.2388888888888889 0.02265625 0.06111111111111111
0 0.538671875 0.23680555555555555 0.02265625 0.05694444444444444
0 0.589453125 0.22777777777777777 0.02109375 0.05
0 0.61640625 0.2263888888888889 0.021875 0.044444444444444446
0 0.646484375 0.22777777777777777 0.02421875 0.05
0 0.67421875 0.22708333333333333 0.0265625 0.04861111111111111
0 0.699609375 0.22916666666666666 0.02265625 0.05277777777777778
0 0.723828125 0.2222222222222222 0.02890625 0.06111111111111111
0 0.755078125 0.22777777777777777 0.02421875 0.058333333333333334
0 0.783984375 0.22916666666666666 0.02578125 0.06111111111111111
0 0.8109375 0.23125 0.0265625 0.05138888888888889
0 0.3078125 0.29305555555555557 0.0328125 0.06666666666666667
0 0.317578125 0.2388888888888889 0.02578125 0.041666666666666664
0 0.2828125 0.29444444444444445 0.0265625 0.06111111111111111
0 0.259375 0.2965277777777778 0.025 0.05416666666666667
0 0.23125 0.2923611111111111 0.028125 0.059722222222222225
0 0.205078125 0.2951388888888889 0.03359375 0.0625
0 0.1359375 0.29097222222222224 0.03125 0.0625
0 0.11015625 0.2972222222222222 0.0265625 0.058333333333333334
0 0.08359375 0.29791666666666666 0.028125 0.059722222222222225
0 0.0625 0.2986111111111111 0.0265625 0.058333333333333334
0 0.03828125 0.30277777777777776 0.0359375 0.05555555555555555
0 0.269921875 0.23680555555555555 0.03203125 0.04861111111111111
0 0.245703125 0.2388888888888889 0.02890625 0.05
0 0.19921875 0.24166666666666667 0.0328125 0.05
0 0.1765625 0.24375 0.0328125 0.04861111111111111
0 0.152734375 0.24097222222222223 0.03203125 0.043055555555555555
0 0.128515625 0.24375 0.02265625 0.04583333333333333
0 0.105078125 0.24583333333333332 0.03671875 0.04722222222222222
0 0.080859375 0.25 0.03203125 0.044444444444444446
0 0.061328125 0.25277777777777777 0.03203125 0.044444444444444446
0 0.037890625 0.25555555555555554 0.03515625 0.044444444444444446
0 0.79609375 0.13541666666666666 0.0234375 0.04861111111111111
0 0.789453125 0.09166666666666666 0.01953125 0.05
0 0.7625 0.09583333333333334 0.025 0.05555555555555555
0 0.737890625 0.09652777777777778 0.02109375 0.043055555555555555
0 0.741796875 0.1388888888888889 0.02578125 0.05555555555555555
0 0.717578125 0.13333333333333333 0.02265625 0.06111111111111111
0 0.715625 0.08680555555555555 0.021875 0.034722222222222224
0 0.691015625 0.10069444444444445 0.02109375 0.05416666666666667
0 0.665234375 0.09444444444444444 0.02109375 0.03888888888888889
0 0.668359375 0.14027777777777778 0.02109375 0.044444444444444446
0 0.642578125 0.09166666666666666 0.02109375 0.04722222222222222
0 0.643359375 0.13958333333333334 0.02265625 0.05416666666666667
0 0.618359375 0.09027777777777778 0.02109375 0.05555555555555555
0 0.616796875 0.14444444444444443 0.02109375 0.05277777777777778
0 0.59453125 0.14652777777777778 0.01875 0.05138888888888889
0 0.569921875 0.14097222222222222 0.01796875 0.05416666666666667
0 0.547265625 0.09722222222222222 0.01953125 0.05277777777777778
0 0.5453125 0.14583333333333334 0.01875 0.05277777777777778
0 0.521875 0.10902777777777778 0.025 0.04861111111111111
0 0.49453125 0.14652777777777778 0.0265625 0.05138888888888889
0 0.500390625 0.10902777777777778 0.01953125 0.0375
0 0.4796875 0.10972222222222222 0.0203125 0.03611111111111111
0 0.4734375 0.15208333333333332 0.0203125 0.05416666666666667
0 0.45 0.15555555555555556 0.0203125 0.05
0 0.45546875 0.10694444444444444 0.01875 0.041666666666666664
0 0.43203125 0.1125 0.021875 0.03888888888888889
0 0.426171875 0.15208333333333332 0.02421875 0.05138888888888889
0 0.408984375 0.11041666666666666 0.02578125 0.034722222222222224
0 0.40234375 0.15486111111111112 0.021875 0.05694444444444444
0 0.41328125 0.12638888888888888 0.0 0.0
0 0.36796875 0.1527777777777778 0.025 0.05555555555555555
0 0.355859375 0.11597222222222223 0.02578125 0.0375
0 0.344140625 0.15486111111111112 0.02109375 0.05138888888888889
0 0.333203125 0.11597222222222223 0.01640625 0.03194444444444444
0 0.319921875 0.15763888888888888 0.02578125 0.05416666666666667
0 0.312890625 0.11319444444444444 0.02265625 0.04583333333333333
0 0.298828125 0.15486111111111112 0.02265625 0.0625
0 0.273828125 0.15763888888888888 0.02890625 0.05138888888888889
0 0.288671875 0.11736111111111111 0.02265625 0.04027777777777778
0 0.266015625 0.12083333333333333 0.02265625 0.044444444444444446
0 0.24765625 0.11527777777777778 0.021875 0.03888888888888889
0 0.23359375 0.15694444444444444 0.028125 0.05277777777777778
0 0.191796875 0.15833333333333333 0.02890625 0.04722222222222222
0 0.2046875 0.12291666666666666 0.025 0.034722222222222224
0 0.183984375 0.12152777777777778 0.02109375 0.029166666666666667
0 0.1625 0.11944444444444445 0.025 0.030555555555555555
0 0.140234375 0.12430555555555556 0.02109375 0.0375
0 0.121875 0.12569444444444444 0.0296875 0.034722222222222224
0 0.101171875 0.12638888888888888 0.02578125 0.03888888888888889
0 0.083984375 0.16458333333333333 0.02734375 0.05138888888888889
0 0.10390625 0.16666666666666666 0.03125 0.05
0 0.127734375 0.16319444444444445 0.02421875 0.05416666666666667
0 0.1453125 0.15902777777777777 0.025 0.05694444444444444
0 0.166015625 0.16041666666666668 0.02890625 0.05138888888888889
0 0.01484375 0.1763888888888889 0.025 0.027777777777777776
0 0.01796875 0.15694444444444444 0.034375 0.03333333333333333
0 0.02890625 0.1388888888888889 0.0375 0.030555555555555555
0 0.033203125 0.12222222222222222 0.03828125 0.03333333333333333
0 0.046484375 0.10486111111111111 0.03359375 0.029166666666666667
0 0.055078125 0.0875 0.03671875 0.027777777777777776
0 0.0734375 0.06388888888888888 0.0328125 0.027777777777777776
0 0.08203125 0.04791666666666667 0.0296875 0.02638888888888889
0 0.08984375 0.030555555555555555 0.028125 0.030555555555555555
0 0.09765625 0.01597222222222222 0.0265625 0.02638888888888889
0 0.1390625 0.06111111111111111 0.0234375 0.044444444444444446
0 0.1578125 0.059722222222222225 0.021875 0.03611111111111111
0 0.153515625 0.030555555555555555 0.02578125 0.030555555555555555
0 0.17734375 0.05625 0.021875 0.04583333333333333
0 0.196484375 0.05347222222222222 0.02421875 0.04027777777777778
0 0.2140625 0.049305555555555554 0.021875 0.04861111111111111
0 0.23359375 0.04861111111111111 0.0234375 0.05
0 0.251953125 0.052083333333333336 0.02421875 0.04027777777777778
0 0.273828125 0.050694444444444445 0.02578125 0.0375
0 0.311328125 0.049305555555555554 0.02265625 0.04861111111111111
0 0.33125 0.04513888888888889 0.01875 0.04027777777777778
0 0.351953125 0.04513888888888889 0.01953125 0.04583333333333333
0 0.3734375 0.050694444444444445 0.0171875 0.0375
0 0.392578125 0.04722222222222222 0.02265625 0.044444444444444446
0 0.4265625 0.04583333333333333 0.0171875 0.044444444444444446
0 0.448046875 0.041666666666666664 0.02265625 0.044444444444444446
0 0.512109375 0.034722222222222224 0.01640625 0.04722222222222222
0 0.530859375 0.035416666666666666 0.01640625 0.04861111111111111
0 0.551953125 0.030555555555555555 0.01953125 0.041666666666666664
0 0.573046875 0.034722222222222224 0.02109375 0.05
0 0.596484375 0.029861111111111113 0.01796875 0.04861111111111111
0 0.618359375 0.030555555555555555 0.01796875 0.05
0 0.63984375 0.027777777777777776 0.01875 0.05
0 0.683984375 0.027083333333333334 0.01640625 0.04583333333333333
0 0.7078125 0.02638888888888889 0.01875 0.03888888888888889
0 0.7296875 0.02847222222222222 0.0203125 0.043055555555555555
0 0.75 0.025694444444444443 0.01875 0.04861111111111111
0 0.774609375 0.027083333333333334 0.02265625 0.05138888888888889
0 0.79609375 0.024305555555555556 0.0203125 0.04027777777777778
0 0.821484375 0.02361111111111111 0.01796875 0.04722222222222222
0 0.843359375 0.022222222222222223 0.02265625 0.041666666666666664
0 0.20703125 0.020833333333333332 0.0171875 0.025
0 0.228125 0.02013888888888889 0.021875 0.02638888888888889
0 0.266015625 0.01597222222222222 0.01484375 0.029166666666666667
0 0.2875 0.013888888888888888 0.0234375 0.027777777777777776
0 0.30859375 0.016666666666666666 0.0234375 0.030555555555555555
0 0.344921875 0.014583333333333334 0.02265625 0.02361111111111111
0 0.432421875 0.0125 0.02109375 0.022222222222222223
0 0.4515625 0.013194444444444444 0.0203125 0.02361111111111111
0 0.475390625 0.019444444444444445 0.01953125 0.030555555555555555
0 0.985546875 0.6222222222222222 0.02734375 0.09166666666666666
0 0.95234375 0.9465277777777777 0.0671875 0.09583333333333334
0 0.703515625 0.9645833333333333 0.03515625 0.06805555555555555
0 0.542578125 0.9597222222222223 0.04296875 0.07777777777777778
0 0.868359375 0.016666666666666666 0.02265625 0.03333333333333333
0 0.648828125 0.9548611111111112 0.04140625 0.0875
