0 0.23515625 0.2881944444444444 0.0359375 0.0625
0 0.259765625 0.2902777777777778 0.03515625 0.06666666666666667
0 0.286328125 0.2902777777777778 0.03359375 0.06666666666666667
0 0.3109375 0.28888888888888886 0.0359375 0.06666666666666667
0 0.336328125 0.29097222222222224 0.03359375 0.0625
0 0.3765625 0.2875 0.0328125 0.06388888888888888
0 0.404296875 0.2881944444444444 0.02734375 0.059722222222222225
0 0.430078125 0.2902777777777778 0.02578125 0.06388888888888888
0 0.4546875 0.2875 0.0265625 0.06388888888888888
0 0.48125 0.28888888888888886 0.028125 0.06111111111111111
0 0.50625 0.28680555555555554 0.025 0.05416666666666667
0 0.5328125 0.28680555555555554 0.0265625 0.05694444444444444
0 0.5609375 0.28194444444444444 0.025 0.05277777777777778
0 0.61796875 0.2826388888888889 0.025 0.059722222222222225
0 0.673046875 0.28125 0.02734375 0.05416666666666667
0 0.19765625 0.40069444444444446 0.0421875 0.059722222222222225
0 0.223046875 0.3993055555555556 0.04140625 0.0625
0 0.249609375 0.4013888888888889 0.03828125 0.06388888888888888
0 0.281640625 0.4013888888888889 0.03984375 0.058333333333333334
0 0.312890625 0.4027777777777778 0.03671875 0.06111111111111111
0 0.350390625 0.40208333333333335 0.03515625 0.05694444444444444
0 0.375390625 0.4013888888888889 0.03515625 0.06111111111111111
0 0.409765625 0.3958333333333333 0.03359375 0.058333333333333334
0 0.436328125 0.39791666666666664 0.03359375 0.05694444444444444
0 0.465234375 0.39652777777777776 0.03515625 0.0625
0 0.495703125 0.3958333333333333 0.03203125 0.06111111111111111
0 0.521875 0.39652777777777776 0.03125 0.059722222222222225
0 0.553125 0.3951388888888889 0.0296875 0.06805555555555555
0 0.176171875 0.4618055555555556 0.03671875 0.07916666666666666
0 0.205078125 0.4638888888888889 0.04453125 0.08055555555555556
0 0.232421875 0.4597222222222222 0.03984375 0.08333333333333333
0 0.26015625 0.4673611111111111 0.040625 0.07916666666666666
0 0.291015625 0.4652777777777778 0.03671875 0.08055555555555556
0 0.335546875 0.46875 0.03046875 0.08472222222222223
0 0.3671875 0.4666666666666667 0.0421875 0.08333333333333333
0 0.39453125 0.46805555555555556 0.0375 0.07777777777777778
0 0.42734375 0.4638888888888889 0.0375 0.08333333333333333
0 0.456640625 0.46805555555555556 0.03046875 0.075
0 0.48984375 0.46805555555555556 0.0328125 0.075
0 0.55234375 0.46597222222222223 0.0265625 0.07083333333333333
0 0.582421875 0.4673611111111111 0.03203125 0.07083333333333333
0 0.646875 0.4638888888888889 0.03125 0.07222222222222222
0 0.77890625 0.46319444444444446 0.0390625 0.07361111111111111
0 0.8484375 0.4597222222222222 0.0421875 0.075
0 0.121875 0.6152777777777778 0.0453125 0.08333333333333333
0 0.1515625 0.6180555555555556 0.0453125 0.07777777777777778
0 0.187109375 0.61875 0.04453125 0.07916666666666666
0 0.219140625 0.6166666666666667 0.04140625 0.07777777777777778
0 0.2515625 0.6222222222222222 0.0421875 0.075
0 0.30234375 0.61875 0.0390625 0.07083333333333333
0 0.33671875 0.6166666666666667 0.040625 0.07777777777777778
0 0.37265625 0.6201388888888889 0.0484375 0.08472222222222223
0 0.405078125 0.6201388888888889 0.04140625 0.07916666666666666
0 0.438671875 0.6236111111111111 0.04140625 0.08055555555555556
0 0.47109375 0.6222222222222222 0.0359375 0.08055555555555556
0 0.506640625 0.6243055555555556 0.03671875 0.0875
0 0.54140625 0.6208333333333333 0.0375 0.07777777777777778
0 0.57890625 0.6222222222222222 0.0359375 0.08611111111111111
0 0.6140625 0.6201388888888889 0.0359375 0.08194444444444444
0 0.689453125 0.6277777777777778 0.04140625 0.08333333333333333
0 0.25703125 0.7368055555555556 0.053125 0.0875
0 0.300390625 0.7354166666666667 0.05234375 0.07916666666666666
0 0.510546875 0.7479166666666667 0.04609375 0.0875
0 0.12421875 0.8256944444444444 0.08125 0.05694444444444444
0 0.1609375 0.9354166666666667 0.0328125 0.10416666666666667
0 0.216796875 0.9263888888888889 0.03984375 0.12222222222222222
0 0.900390625 0.7354166666666667 0.07734375 0.0625
0 0.914453125 0.8027777777777778 0.08671875 0.05
0 0.923046875 0.8631944444444445 0.07578125 0.05694444444444444
0 0.093359375 0.6159722222222223 0.04765625 0.09305555555555556
0 0.070703125 0.6069444444444444 0.04609375 0.08055555555555556
0 0.0328125 0.6152777777777778 0.0484375 0.08333333333333333
0 0.158984375 0.5270833333333333 0.06484375 0.04861111111111111
0 0.5984375 0.5395833333333333 0.0546875 0.0625
0 0.11953125 0.46319444444444446 0.0390625 0.07361111111111111
0 0.148046875 0.4625 0.03359375 0.06666666666666667
0 0.16875 0.40069444444444446 0.0359375 0.05694444444444444
0 0.1421875 0.4013888888888889 0.0359375 0.05277777777777778
0 0.115234375 0.39861111111111114 0.03671875 0.05277777777777778
0 0.087890625 0.40347222222222223 0.03359375 0.05416666666666667
0 0.065234375 0.40347222222222223 0.03515625 0.059722222222222225
0 0.04140625 0.39791666666666664 0.0296875 0.06805555555555555
0 0.015234375 0.4652777777777778 0.03046875 0.075
0 0.0375 0.4652777777777778 0.0328125 0.06666666666666667
0 0.06328125 0.4625 0.0375 0.07222222222222222
0 0.091796875 0.4597222222222222 0.03515625 0.07222222222222222
0 0.54140625 0.22569444444444445 0.0234375 0.05694444444444444
0 0.513671875 0.23055555555555557 0.02265625 0.06111111111111111
0 0.46015625 0.23194444444444445 0.028125 0.058333333333333334
0 0.433203125 0.23819444444444443 0.02890625 0.05416666666666667
0 0.409375 0.23680555555555555 0.025 0.05416666666666667
0 0.383203125 0.2361111111111111 0.02578125 0.05
0 0.348046875 0.2361111111111111 0.02890625 0.04722222222222222
0 0.3203125 0.23333333333333334 0.0234375 0.05277777777777778
0 0.294140625 0.23541666666666666 0.02890625 0.05694444444444444
0 0.27109375 0.2375 0.0265625 0.04722222222222222
0 0.24921875 0.23819444444444443 0.0234375 0.043055555555555555
0 0.225 0.23958333333333334 0.028125 0.043055555555555555
0 0.20078125 0.2423611111111111 0.03125 0.04027777777777778
0 0.176953125 0.24375 0.02734375 0.04861111111111111
0 0.157421875 0.2423611111111111 0.02578125 0.05138888888888889
0 0.135546875 0.23958333333333334 0.02421875 0.05416666666666667
0 0.1109375 0.24513888888888888 0.03125 0.0375
0 0.086328125 0.24722222222222223 0.02890625 0.044444444444444446
0 0.06640625 0.24930555555555556 0.0265625 0.04583333333333333
0 0.04140625 0.25069444444444444 0.0296875 0.04027777777777778
0 0.209765625 0.28888888888888886 0.03359375 0.05555555555555555
0 0.185546875 0.28888888888888886 0.02890625 0.05555555555555555
0 0.1609375 0.29375 0.03125 0.05138888888888889
0 0.136328125 0.29097222222222224 0.03046875 0.05416666666666667
0 0.113671875 0.29444444444444445 0.02890625 0.058333333333333334
0 0.088671875 0.29444444444444445 0.03203125 0.058333333333333334
0 0.066796875 0.2965277777777778 0.03203125 0.05694444444444444
0 0.044921875 0.30069444444444443 0.03046875 0.05694444444444444
0 0.021484375 0.29791666666666666 0.03671875 0.05694444444444444
0 0.786328125 0.09513888888888888 0.02578125 0.04583333333333333
0 0.759765625 0.09513888888888888 0.02265625 0.043055555555555555
0 0.7109375 0.09583333333333334 0.0203125 0.05
0 0.687109375 0.09791666666666667 0.02109375 0.04861111111111111
0 0.664453125 0.09861111111111111 0.02109375 0.05
0 0.641015625 0.10069444444444445 0.01953125 0.04861111111111111
0 0.617578125 0.1 0.02265625 0.04722222222222222
0 0.595703125 0.1 0.01796875 0.05555555555555555
0 0.569921875 0.10416666666666667 0.02265625 0.05277777777777778
0 0.54765625 0.10347222222222222 0.021875 0.04583333333333333
0 0.525 0.10069444444444445 0.01875 0.04027777777777778
0 0.523046875 0.14444444444444443 0.02265625 0.05
0 0.496484375 0.14722222222222223 0.02421875 0.058333333333333334
0 0.500390625 0.10486111111111111 0.02109375 0.03194444444444444
0 0.473828125 0.14930555555555555 0.01953125 0.04861111111111111
0 0.449609375 0.15069444444444444 0.02109375 0.04861111111111111
0 0.42734375 0.1527777777777778 0.025 0.05
0 0.401953125 0.15347222222222223 0.02421875 0.05138888888888889
0 0.36953125 0.15555555555555556 0.0265625 0.044444444444444446
0 0.346875 0.15486111111111112 0.0265625 0.043055555555555555
0 0.323046875 0.15347222222222223 0.02265625 0.04027777777777778
0 0.301953125 0.1527777777777778 0.02734375 0.04722222222222222
0 0.27734375 0.15555555555555556 0.025 0.05277777777777778
0 0.256640625 0.15486111111111112 0.02734375 0.05416666666666667
0 0.234765625 0.15625 0.02265625 0.05416666666666667
0 0.214453125 0.15694444444444444 0.02578125 0.05277777777777778
0 0.193359375 0.15902777777777777 0.02578125 0.05416666666666667
0 0.17109375 0.16180555555555556 0.0296875 0.05416666666666667
0 0.1484375 0.16597222222222222 0.028125 0.05138888888888889
0 0.1296875 0.16527777777777777 0.0265625 0.05
0 0.11015625 0.16597222222222222 0.028125 0.04861111111111111
0 0.089453125 0.16805555555555557 0.03203125 0.04722222222222222
0 0.10234375 0.12916666666666668 0.0265625 0.03888888888888889
0 0.1234375 0.12986111111111112 0.025 0.04027777777777778
0 0.146484375 0.125 0.02578125 0.03888888888888889
0 0.16484375 0.12291666666666666 0.0234375 0.03194444444444444
0 0.187109375 0.11944444444444445 0.02109375 0.030555555555555555
0 0.20546875 0.11527777777777778 0.0234375 0.044444444444444446
0 0.2265625 0.11597222222222223 0.0234375 0.0375
0 0.248046875 0.10833333333333334 0.02265625 0.03333333333333333
0 0.26953125 0.11180555555555556 0.021875 0.03194444444444444
0 0.286328125 0.11388888888888889 0.02265625 0.030555555555555555
0 0.3125 0.10972222222222222 0.0234375 0.04722222222222222
0 0.3359375 0.11527777777777778 0.0203125 0.03611111111111111
0 0.355859375 0.11180555555555556 0.02265625 0.04583333333333333
0 0.38046875 0.1111111111111111 0.0265625 0.03611111111111111
0 0.41171875 0.11180555555555556 0.021875 0.034722222222222224
0 0.434765625 0.1111111111111111 0.02109375 0.041666666666666664
0 0.45703125 0.1111111111111111 0.01875 0.03888888888888889
0 0.479296875 0.10277777777777777 0.02109375 0.03333333333333333
0 0.015234375 0.17291666666666666 0.02734375 0.02361111111111111
0 0.01875 0.15208333333333332 0.0328125 0.02638888888888889
0 0.0328125 0.14027777777777778 0.034375 0.027777777777777776
0 0.040234375 0.12430555555555556 0.03671875 0.029166666666666667
0 0.04921875 0.10416666666666667 0.0359375 0.025
0 0.057421875 0.09166666666666666 0.03203125 0.025
0 0.06875 0.07430555555555556 0.0359375 0.02638888888888889
0 0.076171875 0.058333333333333334 0.02734375 0.030555555555555555
0 0.0859375 0.04583333333333333 0.0296875 0.030555555555555555
0 0.09921875 0.020833333333333332 0.034375 0.016666666666666666
0 0.09296875 0.034722222222222224 0.0359375 0.022222222222222223
0 0.140625 0.06388888888888888 0.0265625 0.044444444444444446
0 0.16015625 0.06111111111111111 0.0234375 0.05
0 0.180078125 0.05416666666666667 0.01953125 0.03611111111111111
0 0.1953125 0.058333333333333334 0.0234375 0.041666666666666664
0 0.216015625 0.05625 0.02109375 0.043055555555555555
0 0.2359375 0.05138888888888889 0.015625 0.03888888888888889
0 0.25546875 0.05416666666666667 0.0171875 0.03888888888888889
0 0.275 0.050694444444444445 0.0203125 0.034722222222222224
0 0.292578125 0.050694444444444445 0.02109375 0.0375
0 0.315234375 0.05138888888888889 0.02265625 0.041666666666666664
0 0.335546875 0.050694444444444445 0.01796875 0.0375
0 0.35546875 0.049305555555555554 0.025 0.043055555555555555
0 0.376171875 0.04652777777777778 0.01953125 0.04027777777777778
0 0.398046875 0.04791666666666667 0.02421875 0.0375
0 0.4265625 0.04583333333333333 0.021875 0.041666666666666664
0 0.447265625 0.04513888888888889 0.02265625 0.0375
0 0.46953125 0.04236111111111111 0.021875 0.034722222222222224
0 0.491015625 0.03680555555555556 0.02109375 0.04027777777777778
0 0.5125 0.03819444444444445 0.021875 0.04027777777777778
0 0.53359375 0.03958333333333333 0.01875 0.043055555555555555
0 0.555078125 0.034722222222222224 0.01796875 0.041666666666666664
0 0.573046875 0.03125 0.02109375 0.04583333333333333
0 0.592578125 0.03125 0.02421875 0.0375
0 0.6171875 0.03611111111111111 0.01875 0.041666666666666664
0 0.637890625 0.027777777777777776 0.01953125 0.04722222222222222
0 0.6609375 0.03194444444444444 0.01875 0.041666666666666664
0 0.68046875 0.03194444444444444 0.021875 0.04722222222222222
0 0.703125 0.025694444444444443 0.021875 0.034722222222222224
0 0.72421875 0.025 0.021875 0.03888888888888889
0 0.7484375 0.03125 0.025 0.0375
0 0.77109375 0.027083333333333334 0.0265625 0.04027777777777778
0 0.795703125 0.025694444444444443 0.01953125 0.034722222222222224
0 0.8171875 0.021527777777777778 0.01875 0.029166666666666667
0 0.841015625 0.018055555555555554 0.02421875 0.03611111111111111
0 0.159375 0.024305555555555556 0.01875 0.02638888888888889
0 0.173828125 0.027083333333333334 0.01796875 0.04027777777777778
0 0.193359375 0.021527777777777778 0.01953125 0.034722222222222224
0 0.21328125 0.022222222222222223 0.0234375 0.03611111111111111
0 0.230078125 0.022222222222222223 0.01953125 0.03333333333333333
0 0.245703125 0.025 0.02109375 0.041666666666666664
0 0.266015625 0.02013888888888889 0.01953125 0.029166666666666667
0 0.2859375 0.02013888888888889 0.0203125 0.03194444444444444
0 0.306640625 0.017361111111111112 0.01796875 0.02361111111111111
0 0.325390625 0.014583333333333334 0.01796875 0.02361111111111111
0 0.34375 0.01597222222222222 0.0171875 0.029166666666666667
0 0.362890625 0.014583333333333334 0.02109375 0.02638888888888889
0 0.383984375 0.01597222222222222 0.01796875 0.02638888888888889
0 0.403125 0.015277777777777777 0.0171875 0.022222222222222223
0 0.432421875 0.014583333333333334 0.02109375 0.029166666666666667
0 0.019140625 0.40694444444444444 0.03828125 0.05555555555555555
0 0.009765625 0.19652777777777777 0.01953125 0.02361111111111111
0 0.452734375 0.0125 0.01640625 0.025
0 0.473828125 0.011805555555555555 0.01796875 0.02361111111111111
0 0.49375 0.010416666666666666 0.0171875 0.020833333333333332
0 0.515234375 0.009722222222222222 0.01953125 0.019444444444444445
