0 0.23515625 0.2881944444444444 0.0359375 0.0625
0 0.259765625 0.2902777777777778 0.03515625 0.06666666666666667
0 0.286328125 0.2902777777777778 0.03359375 0.06666666666666667
0 0.3109375 0.28888888888888886 0.0359375 0.06666666666666667
0 0.336328125 0.29097222222222224 0.03359375 0.0625
0 0.3765625 0.2875 0.0328125 0.06388888888888888
0 0.404296875 0.2881944444444444 0.02734375 0.059722222222222225
0 0.430078125 0.2902777777777778 0.02578125 0.06388888888888888
0 0.4546875 0.2875 0.0265625 0.06388888888888888
0 0.48125 0.28888888888888886 0.028125 0.06111111111111111
0 0.50625 0.28680555555555554 0.025 0.05416666666666667
0 0.5328125 0.28680555555555554 0.0265625 0.05694444444444444
0 0.5609375 0.28194444444444444 0.025 0.05277777777777778
0 0.588671875 0.2826388888888889 0.02890625 0.059722222222222225
0 0.61796875 0.2826388888888889 0.025 0.059722222222222225
0 0.644140625 0.28125 0.02734375 0.05416666666666667
0 0.673046875 0.28125 0.02734375 0.05416666666666667
0 0.701171875 0.27847222222222223 0.02734375 0.05138888888888889
0 0.731640625 0.28055555555555556 0.03046875 0.05555555555555555
0 0.7609375 0.27708333333333335 0.028125 0.0625
0 0.78671875 0.27708333333333335 0.03125 0.05416666666666667
0 0.81640625 0.2743055555555556 0.0359375 0.0625
0 0.19765625 0.40069444444444446 0.0421875 0.059722222222222225
0 0.223046875 0.3993055555555556 0.04140625 0.0625
0 0.249609375 0.4013888888888889 0.03828125 0.06388888888888888
0 0.281640625 0.4013888888888889 0.03984375 0.058333333333333334
0 0.312890625 0.4027777777777778 0.03671875 0.06111111111111111
0 0.350390625 0.40208333333333335 0.03515625 0.05694444444444444
0 0.375390625 0.4013888888888889 0.03515625 0.06111111111111111
0 0.409765625 0.3958333333333333 0.03359375 0.058333333333333334
0 0.436328125 0.39791666666666664 0.03359375 0.05694444444444444
0 0.465234375 0.39652777777777776 0.03515625 0.0625
0 0.495703125 0.3958333333333333 0.03203125 0.06111111111111111
0 0.521875 0.39652777777777776 0.03125 0.059722222222222225
0 0.553125 0.3951388888888889 0.0296875 0.06805555555555555
0 0.58359375 0.39652777777777776 0.0296875 0.059722222222222225
0 0.61328125 0.39305555555555555 0.034375 0.06388888888888888
0 0.647265625 0.3888888888888889 0.03046875 0.07222222222222222
0 0.67890625 0.39375 0.03125 0.07361111111111111
0 0.709375 0.38958333333333334 0.0359375 0.07361111111111111
0 0.741015625 0.39166666666666666 0.03203125 0.06944444444444445
0 0.7734375 0.39166666666666666 0.0375 0.075
0 0.806640625 0.3909722222222222 0.03359375 0.07083333333333333
0 0.839453125 0.39166666666666666 0.03671875 0.06666666666666667
0 0.176171875 0.4618055555555556 0.03671875 0.07916666666666666
0 0.205078125 0.4638888888888889 0.04453125 0.08055555555555556
0 0.232421875 0.4597222222222222 0.03984375 0.08333333333333333
0 0.26015625 0.4673611111111111 0.040625 0.07916666666666666
0 0.291015625 0.4652777777777778 0.03671875 0.08055555555555556
0 0.335546875 0.46875 0.03046875 0.08472222222222223
0 0.3671875 0.4666666666666667 0.0421875 0.08333333333333333
0 0.39453125 0.46805555555555556 0.0375 0.07777777777777778
0 0.42734375 0.4638888888888889 0.0375 0.08333333333333333
0 0.456640625 0.46805555555555556 0.03046875 0.075
0 0.48984375 0.46805555555555556 0.0328125 0.075
0 0.51875 0.46875 0.0328125 0.07083333333333333
0 0.55234375 0.46597222222222223 0.0265625 0.07083333333333333
0 0.582421875 0.4673611111111111 0.03203125 0.07083333333333333
0 0.613671875 0.4666666666666667 0.02890625 0.07222222222222222
0 0.646875 0.4638888888888889 0.03125 0.07222222222222222
0 0.68046875 0.4673611111111111 0.03125 0.07083333333333333
0 0.71171875 0.4652777777777778 0.0359375 0.06666666666666667
0 0.74609375 0.46597222222222223 0.0328125 0.07361111111111111
0 0.77890625 0.46319444444444446 0.0390625 0.07361111111111111
0 0.812109375 0.46597222222222223 0.03515625 0.06805555555555555
0 0.8484375 0.4597222222222222 0.0421875 0.075
0 0.121875 0.6152777777777778 0.0453125 0.08333333333333333
0 0.1515625 0.6180555555555556 0.0453125 0.07777777777777778
0 0.187109375 0.61875 0.04453125 0.07916666666666666
0 0.219140625 0.6166666666666667 0.04140625 0.07777777777777778
0 0.2515625 0.6222222222222222 0.0421875 0.075
0 0.30234375 0.61875 0.0390625 0.07083333333333333
0 0.33671875 0.6166666666666667 0.040625 0.07777777777777778
0 0.37265625 0.6201388888888889 0.0484375 0.08472222222222223
0 0.405078125 0.6201388888888889 0.04140625 0.07916666666666666
0 0.438671875 0.6236111111111111 0.04140625 0.08055555555555556
0 0.47109375 0.6222222222222222 0.0359375 0.08055555555555556
0 0.506640625 0.6243055555555556 0.03671875 0.0875
0 0.54140625 0.6208333333333333 0.0375 0.07777777777777778
0 0.57890625 0.6222222222222222 0.0359375 0.08611111111111111
0 0.6140625 0.6201388888888889 0.0359375 0.08194444444444444
0 0.651953125 0.6256944444444444 0.03671875 0.08194444444444444
0 0.689453125 0.6277777777777778 0.04140625 0.08333333333333333
0 0.7265625 0.6256944444444444 0.0421875 0.08194444444444444
0 0.7640625 0.625 0.040625 0.08888888888888889
0 0.801171875 0.6277777777777778 0.04453125 0.09166666666666666
0 0.837109375 0.6236111111111111 0.04140625 0.08888888888888889
0 0.875 0.6215277777777778 0.0484375 0.0875
0 0.1375 0.7388888888888889 0.0546875 0.08611111111111111
0 0.510546875 0.7479166666666667 0.04609375 0.0875
0 0.44609375 0.9472222222222222 0.0359375 0.09722222222222222
0 0.69765625 0.9583333333333334 0.040625 0.08055555555555556
0 0.95 0.9479166666666666 0.075 0.09583333333333334
0 0.92421875 0.8611111111111112 0.0796875 0.06388888888888888
0 0.914453125 0.7979166666666667 0.08359375 0.0625
0 0.8984375 0.7340277777777777 0.0703125 0.0625
0 0.9796875 0.6076388888888888 0.0390625 0.09305555555555556
0 0.96640625 0.5319444444444444 0.040625 0.07222222222222222
0 0.907421875 0.5340277777777778 0.06328125 0.06805555555555555
0 0.941796875 0.42291666666666666 0.04296875 0.07083333333333333
0 0.921875 0.3458333333333333 0.0328125 0.058333333333333334
0 0.904296875 0.28888888888888886 0.03359375 0.06111111111111111
0 0.59453125 0.7319444444444444 0.0359375 0.10277777777777777
0 0.73046875 0.7270833333333333 0.0375 0.10138888888888889
0 0.198046875 0.5527777777777778 0.06015625 0.04722222222222222
0 0.096484375 0.6125 0.04453125 0.08055555555555556
0 0.06640625 0.6111111111111112 0.0453125 0.09444444444444444
0 0.034765625 0.6090277777777777 0.04296875 0.09583333333333334
0 0.012890625 0.6097222222222223 0.02578125 0.07222222222222222
0 0.14921875 0.4625 0.0359375 0.06944444444444445
0 0.171484375 0.4027777777777778 0.03203125 0.05277777777777778
0 0.143359375 0.3972222222222222 0.03203125 0.058333333333333334
0 0.117578125 0.39861111111111114 0.03828125 0.06388888888888888
0 0.090234375 0.40347222222222223 0.03359375 0.05138888888888889
0 0.06328125 0.3993055555555556 0.0328125 0.059722222222222225
0 0.040234375 0.39652777777777776 0.03359375 0.06805555555555555
0 0.016015625 0.40625 0.03203125 0.05694444444444444
0 0.12265625 0.4638888888888889 0.0390625 0.075
0 0.094921875 0.4618055555555556 0.03828125 0.0763888888888889
0 0.069921875 0.4625 0.03828125 0.08055555555555556
0 0.043359375 0.4618055555555556 0.04296875 0.07361111111111111
0 0.018359375 0.45902777777777776 0.03671875 0.07083333333333333
0 0.206640625 0.29375 0.03203125 0.0625
0 0.18671875 0.28680555555555554 0.03125 0.0625
0 0.162109375 0.2923611111111111 0.03359375 0.05416666666666667
0 0.137890625 0.29375 0.03828125 0.06527777777777778
0 0.11171875 0.29305555555555557 0.0328125 0.06388888888888888
0 0.090234375 0.2923611111111111 0.03046875 0.0625
0 0.069140625 0.2951388888888889 0.03359375 0.059722222222222225
0 0.04453125 0.2986111111111111 0.0359375 0.06111111111111111
0 0.0203125 0.2972222222222222 0.0328125 0.05555555555555555
0 0.808203125 0.2222222222222222 0.02734375 0.04722222222222222
0 0.779296875 0.22013888888888888 0.02734375 0.0625
0 0.750390625 0.22013888888888888 0.02421875 0.04861111111111111
0 0.6953125 0.23125 0.0234375 0.04583333333333333
0 0.669921875 0.22708333333333333 0.02421875 0.04861111111111111
0 0.643359375 0.22916666666666666 0.02109375 0.05277777777777778
0 0.618359375 0.22777777777777777 0.02265625 0.03888888888888889
0 0.590234375 0.22708333333333333 0.02421875 0.0625
0 0.56328125 0.22291666666666668 0.025 0.059722222222222225
0 0.537890625 0.22777777777777777 0.01953125 0.05555555555555555
0 0.515234375 0.2263888888888889 0.02265625 0.06388888888888888
0 0.487890625 0.23402777777777778 0.02265625 0.05416666666666667
0 0.462890625 0.23333333333333334 0.02578125 0.05277777777777778
0 0.43671875 0.23680555555555555 0.0234375 0.04861111111111111
0 0.412109375 0.23472222222222222 0.02890625 0.04722222222222222
0 0.38671875 0.2361111111111111 0.025 0.05555555555555555
0 0.3515625 0.2361111111111111 0.0265625 0.05277777777777778
0 0.326171875 0.23680555555555555 0.02734375 0.04861111111111111
0 0.30234375 0.23472222222222222 0.03125 0.05277777777777778
0 0.273046875 0.2375 0.03046875 0.044444444444444446
0 0.248828125 0.23680555555555555 0.02734375 0.0375
0 0.22421875 0.23958333333333334 0.03125 0.04861111111111111
0 0.2015625 0.24375 0.03125 0.04027777777777778
0 0.1796875 0.24097222222222223 0.03125 0.05416666666666667
0 0.15625 0.23819444444444443 0.03125 0.04583333333333333
0 0.13203125 0.24444444444444444 0.0296875 0.044444444444444446
0 0.11015625 0.24444444444444444 0.0328125 0.044444444444444446
0 0.0859375 0.24444444444444444 0.0359375 0.04722222222222222
0 0.065625 0.2423611111111111 0.03125 0.043055555555555555
0 0.041796875 0.2465277777777778 0.03203125 0.04583333333333333
0 0.792578125 0.1388888888888889 0.02578125 0.05277777777777778
0 0.7640625 0.1326388888888889 0.025 0.05138888888888889
0 0.787109375 0.09444444444444444 0.02421875 0.03888888888888889
0 0.759765625 0.08819444444444445 0.02265625 0.03194444444444444
0 0.73359375 0.09097222222222222 0.0234375 0.04861111111111111
0 0.739453125 0.1375 0.02265625 0.044444444444444446
0 0.712109375 0.09513888888888888 0.02109375 0.04027777777777778
0 0.71640625 0.13958333333333334 0.021875 0.04861111111111111
0 0.687890625 0.09652777777777778 0.01953125 0.04583333333333333
0 0.69140625 0.1388888888888889 0.025 0.03888888888888889
0 0.6640625 0.09652777777777778 0.021875 0.043055555555555555
0 0.668359375 0.14305555555555555 0.02265625 0.04722222222222222
0 0.6421875 0.09930555555555555 0.021875 0.0375
0 0.642578125 0.14444444444444443 0.02265625 0.041666666666666664
0 0.61640625 0.09652777777777778 0.01875 0.04027777777777778
0 0.617578125 0.14375 0.02265625 0.04861111111111111
0 0.59296875 0.09861111111111111 0.0203125 0.05277777777777778
0 0.59296875 0.14583333333333334 0.021875 0.05277777777777778
0 0.570703125 0.10347222222222222 0.01953125 0.034722222222222224
0 0.569140625 0.14444444444444443 0.02265625 0.04722222222222222
0 0.54765625 0.10555555555555556 0.01875 0.041666666666666664
0 0.545703125 0.14583333333333334 0.01953125 0.044444444444444446
0 0.525390625 0.10555555555555556 0.01953125 0.05
0 0.522265625 0.14652777777777778 0.02421875 0.043055555555555555
0 0.502734375 0.10555555555555556 0.02109375 0.041666666666666664
0 0.498046875 0.1451388888888889 0.02265625 0.05138888888888889
0 0.479296875 0.11180555555555556 0.02421875 0.0375
0 0.475390625 0.14583333333333334 0.02265625 0.04722222222222222
0 0.4578125 0.10625 0.021875 0.034722222222222224
0 0.454296875 0.14930555555555555 0.02578125 0.05694444444444444
0 0.435546875 0.1125 0.02109375 0.041666666666666664
0 0.4296875 0.15208333333333332 0.0265625 0.05138888888888889
0 0.411328125 0.11319444444444444 0.02265625 0.043055555555555555
0 0.403515625 0.15555555555555556 0.02421875 0.05
0 0.38046875 0.11527777777777778 0.0234375 0.03888888888888889
0 0.372265625 0.15416666666666667 0.02421875 0.05555555555555555
0 0.358203125 0.11388888888888889 0.02265625 0.041666666666666664
0 0.34609375 0.15416666666666667 0.0265625 0.04722222222222222
0 0.338671875 0.11180555555555556 0.02421875 0.043055555555555555
0 0.324609375 0.15 0.02421875 0.058333333333333334
0 0.314453125 0.11527777777777778 0.02265625 0.044444444444444446
0 0.301953125 0.15763888888888888 0.02578125 0.04861111111111111
0 0.2921875 0.11666666666666667 0.025 0.03888888888888889
0 0.271875 0.11527777777777778 0.0265625 0.03333333333333333
0 0.251171875 0.11736111111111111 0.02578125 0.04027777777777778
0 0.23671875 0.15486111111111112 0.028125 0.05416666666666667
0 0.215625 0.15694444444444444 0.028125 0.04722222222222222
0 0.19140625 0.1597222222222222 0.028125 0.041666666666666664
0 0.17265625 0.15763888888888888 0.028125 0.04583333333333333
0 0.14921875 0.1625 0.0328125 0.05
0 0.13359375 0.1597222222222222 0.0265625 0.04722222222222222
0 0.11328125 0.1638888888888889 0.028125 0.05
0 0.09140625 0.16597222222222222 0.0265625 0.04861111111111111
0 0.230859375 0.11944444444444445 0.02109375 0.03333333333333333
0 0.21015625 0.11875 0.0234375 0.043055555555555555
0 0.191015625 0.11666666666666667 0.02578125 0.044444444444444446
0 0.167578125 0.12222222222222222 0.02734375 0.03888888888888889
0 0.14453125 0.125 0.028125 0.03333333333333333
0 0.12734375 0.12569444444444444 0.025 0.029166666666666667
0 0.10703125 0.12638888888888888 0.025 0.030555555555555555
0 0.84140625 0.021527777777777778 0.0234375 0.0375
0 0.819921875 0.022916666666666665 0.02421875 0.0375
0 0.79765625 0.02361111111111111 0.021875 0.04722222222222222
0 0.775390625 0.022222222222222223 0.01953125 0.044444444444444446
0 0.751171875 0.025 0.02109375 0.05
0 0.726953125 0.025694444444444443 0.01796875 0.05138888888888889
0 0.704296875 0.025 0.01796875 0.05
0 0.68359375 0.025694444444444443 0.0203125 0.05138888888888889
0 0.66015625 0.027083333333333334 0.01875 0.043055555555555555
0 0.6390625 0.03125 0.01875 0.04583333333333333
0 0.61953125 0.030555555555555555 0.0171875 0.04722222222222222
0 0.598046875 0.034027777777777775 0.02109375 0.04583333333333333
0 0.576171875 0.034027777777777775 0.01796875 0.04027777777777778
0 0.553125 0.035416666666666666 0.01875 0.04583333333333333
0 0.532421875 0.03611111111111111 0.01953125 0.04722222222222222
0 0.512109375 0.03611111111111111 0.01796875 0.041666666666666664
0 0.492578125 0.043055555555555555 0.01953125 0.03333333333333333
0 0.470703125 0.04236111111111111 0.01953125 0.043055555555555555
0 0.450390625 0.04583333333333333 0.01953125 0.03888888888888889
0 0.429296875 0.04652777777777778 0.02265625 0.04027777777777778
0 0.39609375 0.04722222222222222 0.0234375 0.03888888888888889
0 0.37578125 0.04652777777777778 0.021875 0.043055555555555555
0 0.35859375 0.04375 0.025 0.04027777777777778
0 0.33984375 0.04791666666666667 0.021875 0.034722222222222224
0 0.316796875 0.04861111111111111 0.02265625 0.041666666666666664
0 0.29609375 0.04722222222222222 0.0234375 0.04722222222222222
0 0.27734375 0.04791666666666667 0.0234375 0.04861111111111111
0 0.25859375 0.052083333333333336 0.0203125 0.04027777777777778
0 0.239453125 0.05138888888888889 0.01953125 0.03611111111111111
0 0.219921875 0.05555555555555555 0.01953125 0.03888888888888889
0 0.200390625 0.05625 0.02421875 0.043055555555555555
0 0.180859375 0.059027777777777776 0.02734375 0.043055555555555555
0 0.162109375 0.059722222222222225 0.02421875 0.03888888888888889
0 0.144140625 0.0625 0.02578125 0.041666666666666664
0 0.15546875 0.029861111111111113 0.025 0.02638888888888889
0 0.17734375 0.02847222222222222 0.0234375 0.03194444444444444
0 0.194140625 0.02638888888888889 0.02109375 0.030555555555555555
0 0.2109375 0.024305555555555556 0.0234375 0.02361111111111111
0 0.230078125 0.020833333333333332 0.02265625 0.03333333333333333
0 0.24921875 0.019444444444444445 0.0234375 0.030555555555555555
0 0.266796875 0.020833333333333332 0.02109375 0.027777777777777776
0 0.286328125 0.020833333333333332 0.01953125 0.027777777777777776
0 0.306640625 0.01597222222222222 0.02109375 0.02361111111111111
0 0.3234375 0.015277777777777777 0.0171875 0.025
0 0.345703125 0.014583333333333334 0.01953125 0.02638888888888889
0 0.359765625 0.014583333333333334 0.01640625 0.02638888888888889
0 0.38125 0.013888888888888888 0.021875 0.027777777777777776
0 0.404296875 0.017361111111111112 0.01953125 0.034722222222222224
0 0.012890625 0.17777777777777778 0.02578125 0.03333333333333333
0 0.022265625 0.1597222222222222 0.03515625 0.030555555555555555
0 0.03203125 0.1375 0.034375 0.025
0 0.042578125 0.12222222222222222 0.03203125 0.025
0 0.053125 0.10694444444444444 0.0296875 0.022222222222222223
0 0.062109375 0.09375 0.03359375 0.02361111111111111
0 0.070703125 0.07777777777777778 0.03046875 0.019444444444444445
0 0.0765625 0.06111111111111111 0.0296875 0.019444444444444445
0 0.08671875 0.05 0.028125 0.025
0 0.094140625 0.035416666666666666 0.03046875 0.020833333333333332
0 0.1015625 0.021527777777777778 0.0296875 0.02638888888888889
0 0.431640625 0.017361111111111112 0.01953125 0.03194444444444444
0 0.45390625 0.013888888888888888 0.015625 0.027777777777777776
0 0.473828125 0.0125 0.01796875 0.025
0 0.49453125 0.014583333333333334 0.01875 0.029166666666666667
