0 0.3109375 0.28888888888888886 0.0359375 0.06666666666666667
0 0.430078125 0.2902777777777778 0.02578125 0.06388888888888888
0 0.48125 0.28888888888888886 0.028125 0.06111111111111111
0 0.5609375 0.28194444444444444 0.025 0.05277777777777778
0 0.644140625 0.28125 0.02734375 0.05416666666666667
0 0.673046875 0.28125 0.02734375 0.05416666666666667
0 0.78671875 0.27708333333333335 0.03125 0.05416666666666667
0 0.350390625 0.40208333333333335 0.03515625 0.05694444444444444
0 0.409765625 0.3958333333333333 0.03359375 0.058333333333333334
0 0.67890625 0.39375 0.03125 0.07361111111111111
0 0.709375 0.38958333333333334 0.0359375 0.07361111111111111
0 0.741015625 0.39166666666666666 0.03203125 0.06944444444444445
0 0.7734375 0.39166666666666666 0.0375 0.075
0 0.205078125 0.4638888888888889 0.04453125 0.08055555555555556
0 0.335546875 0.46875 0.03046875 0.08472222222222223
0 0.456640625 0.46805555555555556 0.03046875 0.075
0 0.51875 0.46875 0.0328125 0.07083333333333333
0 0.55234375 0.46597222222222223 0.0265625 0.07083333333333333
0 0.613671875 0.4666666666666667 0.02890625 0.07222222222222222
0 0.646875 0.4638888888888889 0.03125 0.07222222222222222
0 0.74609375 0.46597222222222223 0.0328125 0.07361111111111111
0 0.812109375 0.46597222222222223 0.03515625 0.06805555555555555
0 0.8484375 0.4597222222222222 0.0421875 0.075
0 0.121875 0.6152777777777778 0.0453125 0.08333333333333333
0 0.1515625 0.6180555555555556 0.0453125 0.07777777777777778
0 0.187109375 0.61875 0.04453125 0.07916666666666666
0 0.219140625 0.6166666666666667 0.04140625 0.07777777777777778
0 0.2515625 0.6222222222222222 0.0421875 0.075
0 0.30234375 0.61875 0.0390625 0.07083333333333333
0 0.33671875 0.6166666666666667 0.040625 0.07777777777777778
0 0.37265625 0.6201388888888889 0.0484375 0.08472222222222223
0 0.438671875 0.6236111111111111 0.04140625 0.08055555555555556
0 0.47109375 0.6222222222222222 0.0359375 0.08055555555555556
0 0.506640625 0.6243055555555556 0.03671875 0.0875
0 0.54140625 0.6208333333333333 0.0375 0.07777777777777778
0 0.7265625 0.6256944444444444 0.0421875 0.08194444444444444
0 0.7640625 0.625 0.040625 0.08888888888888889
0 0.875 0.6215277777777778 0.0484375 0.0875
0 0.059375 0.7333333333333333 0.053125 0.075
0 0.1375 0.7388888888888889 0.0546875 0.08611111111111111
0 0.1765625 0.7388888888888889 0.059375 0.08888888888888889
0 0.219140625 0.7368055555555556 0.05390625 0.09305555555555556
0 0.25703125 0.7368055555555556 0.053125 0.0875
0 0.429296875 0.7409722222222223 0.04921875 0.08194444444444444
0 0.510546875 0.7479166666666667 0.04609375 0.0875
0 0.309375 0.9472222222222222 0.05 0.10277777777777777
0 0.40078125 0.9513888888888888 0.040625 0.09444444444444444
0 0.543359375 0.9513888888888888 0.03671875 0.09444444444444444
0 0.21640625 0.9236111111111112 0.0515625 0.11388888888888889
0 0.1609375 0.9381944444444444 0.0390625 0.0875
0 0.112890625 0.9298611111111111 0.04765625 0.10138888888888889
0 0.902734375 0.73125 0.07421875 0.043055555555555555
0 0.909375 0.7902777777777777 0.0734375 0.06111111111111111
0 0.98046875 0.5902777777777778 0.0375 0.09722222222222222
0 0.9390625 0.40555555555555556 0.0390625 0.07777777777777778
0 0.723828125 0.7277777777777777 0.03828125 0.10277777777777777
0 0.0265625 0.7270833333333333 0.0453125 0.09583333333333334
0 0.034765625 0.6152777777777778 0.04296875 0.07777777777777778
0 0.15078125 0.4618055555555556 0.0375 0.0763888888888889
0 0.137109375 0.2923611111111111 0.03515625 0.05694444444444444
0 0.11015625 0.24861111111111112 0.034375 0.044444444444444446
0 0.066796875 0.24722222222222223 0.03671875 0.05277777777777778
0 0.041796875 0.2513888888888889 0.03046875 0.05
0 0.05859375 0.10972222222222222 0.0375 0.03888888888888889
0 0.05390625 0.08611111111111111 0.0234375 0.016666666666666666
0 0.078125 0.06041666666666667 0.034375 0.034722222222222224
0 0.128125 0.16458333333333333 0.0328125 0.04583333333333333
0 0.12578125 0.13194444444444445 0.0328125 0.03888888888888889
0 0.10546875 0.13194444444444445 0.028125 0.041666666666666664
0 0.16796875 0.12638888888888888 0.028125 0.03888888888888889
0 0.197265625 0.05763888888888889 0.02734375 0.04027777777777778
0 0.2375 0.05694444444444444 0.0265625 0.03611111111111111
0 0.27578125 0.050694444444444445 0.025 0.043055555555555555
0 0.269921875 0.11736111111111111 0.02734375 0.04583333333333333
0 0.215234375 0.15486111111111112 0.03046875 0.04583333333333333
0 0.333984375 0.11875 0.02578125 0.04027777777777778
0 0.432421875 0.01597222222222222 0.02109375 0.03194444444444444
0 0.44765625 0.04513888888888889 0.0203125 0.04861111111111111
0 0.472265625 0.04027777777777778 0.02109375 0.044444444444444446
0 0.43203125 0.11319444444444444 0.025 0.04861111111111111
0 0.476953125 0.1111111111111111 0.02578125 0.041666666666666664
0 0.565625 0.14097222222222222 0.0203125 0.05416666666666667
0 0.5921875 0.14097222222222222 0.0203125 0.04583333333333333
0 0.641796875 0.13680555555555557 0.02109375 0.05694444444444444
0 0.6890625 0.027083333333333334 0.0390625 0.034722222222222224
0 0.69296875 0.13402777777777777 0.0234375 0.059722222222222225
0 0.710546875 0.09236111111111112 0.01953125 0.05138888888888889
0 0.741015625 0.13402777777777777 0.02578125 0.05694444444444444
0 0.723046875 0.03194444444444444 0.02109375 0.03888888888888889
0 0.75 0.029166666666666667 0.021875 0.03888888888888889
0 0.772265625 0.02638888888888889 0.02109375 0.041666666666666664
0 0.795703125 0.025694444444444443 0.01953125 0.034722222222222224
0 0.818359375 0.022222222222222223 0.02265625 0.03611111111111111
0 0.723828125 0.22916666666666666 0.02421875 0.05555555555555555
0 0.752734375 0.22777777777777777 0.02265625 0.05277777777777778
0 0.778515625 0.22569444444444445 0.02265625 0.05694444444444444
0 0.80859375 0.22777777777777777 0.0265625 0.05555555555555555
