0 0.286328125 0.2902777777777778 0.03359375 0.06666666666666667
0 0.336328125 0.29097222222222224 0.03359375 0.0625
0 0.3765625 0.2875 0.0328125 0.06388888888888888
0 0.430078125 0.2902777777777778 0.02578125 0.06388888888888888
0 0.48125 0.28888888888888886 0.028125 0.06111111111111111
0 0.50625 0.28680555555555554 0.025 0.05416666666666667
0 0.5328125 0.28680555555555554 0.0265625 0.05694444444444444
0 0.5609375 0.28194444444444444 0.025 0.05277777777777778
0 0.61796875 0.2826388888888889 0.025 0.059722222222222225
0 0.673046875 0.28125 0.02734375 0.05416666666666667
0 0.731640625 0.28055555555555556 0.03046875 0.05555555555555555
0 0.7609375 0.27708333333333335 0.028125 0.0625
0 0.78671875 0.27708333333333335 0.03125 0.05416666666666667
0 0.81640625 0.2743055555555556 0.0359375 0.0625
0 0.223046875 0.3993055555555556 0.04140625 0.0625
0 0.249609375 0.4013888888888889 0.03828125 0.06388888888888888
0 0.281640625 0.4013888888888889 0.03984375 0.058333333333333334
0 0.312890625 0.4027777777777778 0.03671875 0.06111111111111111
0 0.350390625 0.40208333333333335 0.03515625 0.05694444444444444
0 0.375390625 0.4013888888888889 0.03515625 0.06111111111111111
0 0.409765625 0.3958333333333333 0.03359375 0.058333333333333334
0 0.436328125 0.39791666666666664 0.03359375 0.05694444444444444
0 0.465234375 0.39652777777777776 0.03515625 0.0625
0 0.495703125 0.3958333333333333 0.03203125 0.06111111111111111
0 0.521875 0.39652777777777776 0.03125 0.059722222222222225
0 0.553125 0.3951388888888889 0.0296875 0.06805555555555555
0 0.741015625 0.39166666666666666 0.03203125 0.06944444444444445
0 0.7734375 0.39166666666666666 0.0375 0.075
0 0.806640625 0.3909722222222222 0.03359375 0.07083333333333333
0 0.839453125 0.39166666666666666 0.03671875 0.06666666666666667
0 0.205078125 0.4638888888888889 0.04453125 0.08055555555555556
0 0.232421875 0.4597222222222222 0.03984375 0.08333333333333333
0 0.26015625 0.4673611111111111 0.040625 0.07916666666666666
0 0.291015625 0.4652777777777778 0.03671875 0.08055555555555556
0 0.335546875 0.46875 0.03046875 0.08472222222222223
0 0.39453125 0.46805555555555556 0.0375 0.07777777777777778
0 0.456640625 0.46805555555555556 0.03046875 0.075
0 0.48984375 0.46805555555555556 0.0328125 0.075
0 0.51875 0.46875 0.0328125 0.07083333333333333
0 0.55234375 0.46597222222222223 0.0265625 0.07083333333333333
0 0.582421875 0.4673611111111111 0.03203125 0.07083333333333333
0 0.613671875 0.4666666666666667 0.02890625 0.07222222222222222
0 0.646875 0.4638888888888889 0.03125 0.07222222222222222
0 0.68046875 0.4673611111111111 0.03125 0.07083333333333333
0 0.71171875 0.4652777777777778 0.0359375 0.06666666666666667
0 0.74609375 0.46597222222222223 0.0328125 0.07361111111111111
0 0.77890625 0.46319444444444446 0.0390625 0.07361111111111111
0 0.812109375 0.46597222222222223 0.03515625 0.06805555555555555
0 0.8484375 0.4597222222222222 0.0421875 0.075
0 0.121875 0.6152777777777778 0.0453125 0.08333333333333333
0 0.1515625 0.6180555555555556 0.0453125 0.07777777777777778
0 0.2515625 0.6222222222222222 0.0421875 0.075
0 0.33671875 0.6166666666666667 0.040625 0.07777777777777778
0 0.37265625 0.6201388888888889 0.0484375 0.08472222222222223
0 0.405078125 0.6201388888888889 0.04140625 0.07916666666666666
0 0.438671875 0.6236111111111111 0.04140625 0.08055555555555556
0 0.47109375 0.6222222222222222 0.0359375 0.08055555555555556
0 0.506640625 0.6243055555555556 0.03671875 0.0875
0 0.54140625 0.6208333333333333 0.0375 0.07777777777777778
0 0.57890625 0.6222222222222222 0.0359375 0.08611111111111111
0 0.6140625 0.6201388888888889 0.0359375 0.08194444444444444
0 0.651953125 0.6256944444444444 0.03671875 0.08194444444444444
0 0.689453125 0.6277777777777778 0.04140625 0.08333333333333333
0 0.7265625 0.6256944444444444 0.0421875 0.08194444444444444
0 0.7640625 0.625 0.040625 0.08888888888888889
0 0.801171875 0.6277777777777778 0.04453125 0.09166666666666666
0 0.875 0.6215277777777778 0.0484375 0.0875
0 0.095703125 0.7368055555555556 0.05546875 0.08472222222222223
0 0.1375 0.7388888888888889 0.0546875 0.08611111111111111
0 0.25703125 0.7368055555555556 0.053125 0.0875
0 0.300390625 0.7354166666666667 0.05234375 0.07916666666666666
0 0.470703125 0.7444444444444445 0.04140625 0.08611111111111111
0 0.510546875 0.7479166666666667 0.04609375 0.0875
0 0.44609375 0.9493055555555555 0.034375 0.09861111111111111
0 0.247265625 0.9458333333333333 0.04921875 0.10277777777777777
0 0.115625 0.9333333333333333 0.046875 0.10555555555555556
0 0.50078125 0.9534722222222223 0.0359375 0.0875
0 0.544921875 0.9534722222222223 0.03515625 0.09027777777777778
0 0.59609375 0.95 0.0328125 0.09722222222222222
0 0.639453125 0.9444444444444444 0.03203125 0.10277777777777777
0 0.697265625 0.95625 0.03515625 0.08194444444444444
0 0.749609375 0.9465277777777777 0.03984375 0.10138888888888889
0 0.948828125 0.9520833333333333 0.06953125 0.09305555555555556
0 0.91171875 0.7909722222222222 0.075 0.0625
0 0.899609375 0.725 0.08046875 0.058333333333333334
0 0.947265625 0.45416666666666666 0.03671875 0.075
0 0.829296875 0.7388888888888889 0.04296875 0.10555555555555556
0 0.777734375 0.7368055555555556 0.04296875 0.09861111111111111
0 0.729296875 0.7270833333333333 0.03671875 0.10416666666666667
0 0.593359375 0.7298611111111111 0.03203125 0.10972222222222222
0 0.028125 0.7222222222222222 0.0515625 0.10555555555555556
0 0.071875 0.6083333333333333 0.04375 0.09444444444444444
0 0.034375 0.6104166666666667 0.0421875 0.07361111111111111
0 0.013671875 0.6131944444444445 0.02734375 0.07361111111111111
0 0.022265625 0.5388888888888889 0.04453125 0.05555555555555555
0 0.67890625 0.5284722222222222 0.0609375 0.05138888888888889
0 0.17109375 0.39791666666666664 0.0359375 0.0625
0 0.142578125 0.39791666666666664 0.03671875 0.0625
0 0.149609375 0.4652777777777778 0.03828125 0.075
0 0.123046875 0.45902777777777776 0.03359375 0.07083333333333333
0 0.071875 0.46319444444444446 0.04375 0.07083333333333333
0 0.040234375 0.4576388888888889 0.04140625 0.0763888888888889
0 0.016015625 0.45902777777777776 0.03203125 0.07916666666666666
0 0.092578125 0.39791666666666664 0.03203125 0.0625
0 0.06640625 0.40069444444444446 0.0359375 0.05416666666666667
0 0.039453125 0.3993055555555556 0.03984375 0.05138888888888889
0 0.01640625 0.39861111111111114 0.0328125 0.06388888888888888
0 0.208984375 0.2881944444444444 0.02734375 0.05416666666666667
0 0.187109375 0.2881944444444444 0.03203125 0.05416666666666667
0 0.1640625 0.28958333333333336 0.034375 0.05416666666666667
0 0.139453125 0.29444444444444445 0.02890625 0.044444444444444446
0 0.11484375 0.29305555555555557 0.028125 0.058333333333333334
0 0.09140625 0.2923611111111111 0.0328125 0.05138888888888889
0 0.0453125 0.29375 0.0359375 0.05694444444444444
0 0.01875 0.2986111111111111 0.0359375 0.05277777777777778
0 0.04296875 0.2534722222222222 0.0296875 0.04583333333333333
0 0.06796875 0.24791666666666667 0.0328125 0.043055555555555555
0 0.11328125 0.24513888888888888 0.028125 0.04027777777777778
0 0.22421875 0.2388888888888889 0.028125 0.04722222222222222
0 0.251171875 0.24583333333333332 0.02421875 0.05277777777777778
0 0.346484375 0.23680555555555555 0.03203125 0.05138888888888889
0 0.384375 0.2388888888888889 0.03125 0.05
0 0.4859375 0.23472222222222222 0.0265625 0.05277777777777778
0 0.617578125 0.13958333333333334 0.02265625 0.05416666666666667
0 0.741796875 0.13680555555555557 0.02109375 0.05416666666666667
0 0.7328125 0.09166666666666666 0.0234375 0.044444444444444446
0 0.793359375 0.13333333333333333 0.02109375 0.06388888888888888
0 0.726953125 0.02361111111111111 0.01796875 0.03611111111111111
0 0.596875 0.03333333333333333 0.01875 0.03888888888888889
0 0.524609375 0.14375 0.02109375 0.05138888888888889
0 0.5015625 0.11319444444444444 0.0234375 0.04861111111111111
0 0.473046875 0.14583333333333334 0.02109375 0.05
0 0.403125 0.1527777777777778 0.0265625 0.05555555555555555
0 0.414453125 0.1111111111111111 0.01953125 0.03611111111111111
0 0.3796875 0.11875 0.0203125 0.043055555555555555
0 0.3359375 0.11597222222222223 0.025 0.04861111111111111
0 0.292578125 0.11805555555555555 0.02421875 0.03611111111111111
0 0.2796875 0.15486111111111112 0.0296875 0.043055555555555555
0 0.226953125 0.12361111111111112 0.02890625 0.03888888888888889
0 0.1875 0.11944444444444445 0.028125 0.03333333333333333
0 0.19296875 0.15416666666666667 0.0265625 0.05
0 0.172265625 0.15902777777777777 0.03046875 0.05138888888888889
0 0.149609375 0.16180555555555556 0.02890625 0.04861111111111111
0 0.149609375 0.12361111111111112 0.02578125 0.03888888888888889
0 0.128515625 0.12708333333333333 0.02578125 0.03194444444444444
0 0.105859375 0.1284722222222222 0.02421875 0.029166666666666667
0 0.130078125 0.16458333333333333 0.02734375 0.043055555555555555
0 0.110546875 0.1638888888888889 0.02578125 0.03888888888888889
0 0.091015625 0.16527777777777777 0.02890625 0.04722222222222222
0 0.01484375 0.17291666666666666 0.0296875 0.034722222222222224
0 0.07421875 0.125 0.0328125 0.04722222222222222
0 0.0375 0.12430555555555556 0.0375 0.02638888888888889
0 0.04921875 0.10625 0.03125 0.02361111111111111
0 0.05703125 0.08819444444444445 0.0328125 0.02638888888888889
0 0.069921875 0.075 0.03203125 0.025
0 0.100390625 0.02361111111111111 0.03359375 0.025
0 0.108984375 0.009722222222222222 0.03359375 0.019444444444444445
0 0.142578125 0.06458333333333334 0.02578125 0.04027777777777778
0 0.16171875 0.06041666666666667 0.0234375 0.0375
0 0.18046875 0.05555555555555555 0.021875 0.03611111111111111
0 0.196875 0.058333333333333334 0.0234375 0.030555555555555555
0 0.213671875 0.058333333333333334 0.02734375 0.04722222222222222
0 0.23515625 0.05555555555555555 0.021875 0.044444444444444446
0 0.2546875 0.05 0.0234375 0.041666666666666664
0 0.2734375 0.05347222222222222 0.0234375 0.04583333333333333
0 0.294140625 0.052083333333333336 0.02265625 0.043055555555555555
0 0.315625 0.050694444444444445 0.0203125 0.04861111111111111
0 0.355078125 0.050694444444444445 0.02109375 0.043055555555555555
0 0.39765625 0.05138888888888889 0.021875 0.04722222222222222
0 0.423828125 0.04652777777777778 0.01953125 0.04583333333333333
0 0.446875 0.04236111111111111 0.021875 0.043055555555555555
0 0.468359375 0.04236111111111111 0.01953125 0.04583333333333333
0 0.155859375 0.029861111111111113 0.01953125 0.02361111111111111
0 0.17734375 0.027083333333333334 0.025 0.03194444444444444
0 0.19375 0.02638888888888889 0.01875 0.030555555555555555
0 0.212109375 0.027777777777777776 0.02109375 0.030555555555555555
0 0.22890625 0.019444444444444445 0.021875 0.03888888888888889
0 0.24921875 0.021527777777777778 0.01875 0.02638888888888889
0 0.26953125 0.01597222222222222 0.0203125 0.029166666666666667
0 0.28828125 0.014583333333333334 0.01875 0.02638888888888889
0 0.30625 0.016666666666666666 0.0203125 0.027777777777777776
0 0.325390625 0.018055555555555554 0.01953125 0.030555555555555555
0 0.343359375 0.019444444444444445 0.02109375 0.03333333333333333
0 0.36328125 0.017361111111111112 0.0234375 0.034722222222222224
0 0.403125 0.016666666666666666 0.0203125 0.03333333333333333
0 0.009765625 0.1951388888888889 0.01953125 0.034722222222222224
0 0.43125 0.013194444444444444 0.01875 0.02638888888888889
0 0.451171875 0.013194444444444444 0.01953125 0.02638888888888889
0 0.471484375 0.011111111111111112 0.01484375 0.022222222222222223
0 0.493359375 0.01597222222222222 0.01796875 0.03194444444444444
0 0.5140625 0.015277777777777777 0.0203125 0.030555555555555555
0 0.551953125 0.015277777777777777 0.02109375 0.030555555555555555
0 0.5765625 0.011805555555555555 0.0171875 0.02361111111111111
