0 0.23515625 0.2881944444444444 0.0359375 0.0625
0 0.259765625 0.2902777777777778 0.03515625 0.06666666666666667
0 0.286328125 0.2902777777777778 0.03359375 0.06666666666666667
0 0.336328125 0.29097222222222224 0.03359375 0.0625
0 0.430078125 0.2902777777777778 0.02578125 0.06388888888888888
0 0.4546875 0.2875 0.0265625 0.06388888888888888
0 0.5328125 0.28680555555555554 0.0265625 0.05694444444444444
0 0.588671875 0.2826388888888889 0.02890625 0.059722222222222225
0 0.644140625 0.28125 0.02734375 0.05416666666666667
0 0.7609375 0.27708333333333335 0.028125 0.0625
0 0.81640625 0.2743055555555556 0.0359375 0.0625
0 0.19765625 0.40069444444444446 0.0421875 0.059722222222222225
0 0.223046875 0.3993055555555556 0.04140625 0.0625
0 0.249609375 0.4013888888888889 0.03828125 0.06388888888888888
0 0.281640625 0.4013888888888889 0.03984375 0.058333333333333334
0 0.312890625 0.4027777777777778 0.03671875 0.06111111111111111
0 0.409765625 0.3958333333333333 0.03359375 0.058333333333333334
0 0.465234375 0.39652777777777776 0.03515625 0.0625
0 0.553125 0.3951388888888889 0.0296875 0.06805555555555555
0 0.58359375 0.39652777777777776 0.0296875 0.059722222222222225
0 0.61328125 0.39305555555555555 0.034375 0.06388888888888888
0 0.647265625 0.3888888888888889 0.03046875 0.07222222222222222
0 0.67890625 0.39375 0.03125 0.07361111111111111
0 0.709375 0.38958333333333334 0.0359375 0.07361111111111111
0 0.806640625 0.3909722222222222 0.03359375 0.07083333333333333
0 0.839453125 0.39166666666666666 0.03671875 0.06666666666666667
0 0.205078125 0.4638888888888889 0.04453125 0.08055555555555556
0 0.26015625 0.4673611111111111 0.040625 0.07916666666666666
0 0.291015625 0.4652777777777778 0.03671875 0.08055555555555556
0 0.335546875 0.46875 0.03046875 0.08472222222222223
0 0.3671875 0.4666666666666667 0.0421875 0.08333333333333333
0 0.39453125 0.46805555555555556 0.0375 0.07777777777777778
0 0.456640625 0.46805555555555556 0.03046875 0.075
0 0.48984375 0.46805555555555556 0.0328125 0.075
0 0.51875 0.46875 0.0328125 0.07083333333333333
0 0.55234375 0.46597222222222223 0.0265625 0.07083333333333333
0 0.582421875 0.4673611111111111 0.03203125 0.07083333333333333
0 0.613671875 0.4666666666666667 0.02890625 0.07222222222222222
0 0.646875 0.4638888888888889 0.03125 0.07222222222222222
0 0.71171875 0.4652777777777778 0.0359375 0.06666666666666667
0 0.74609375 0.46597222222222223 0.0328125 0.07361111111111111
0 0.77890625 0.46319444444444446 0.0390625 0.07361111111111111
0 0.812109375 0.46597222222222223 0.03515625 0.06805555555555555
0 0.8484375 0.4597222222222222 0.0421875 0.075
0 0.121875 0.6152777777777778 0.0453125 0.08333333333333333
0 0.1515625 0.6180555555555556 0.0453125 0.07777777777777778
0 0.187109375 0.61875 0.04453125 0.07916666666666666
0 0.219140625 0.6166666666666667 0.04140625 0.07777777777777778
0 0.2515625 0.6222222222222222 0.0421875 0.075
0 0.30234375 0.61875 0.0390625 0.07083333333333333
0 0.33671875 0.6166666666666667 0.040625 0.07777777777777778
0 0.37265625 0.6201388888888889 0.0484375 0.08472222222222223
0 0.438671875 0.6236111111111111 0.04140625 0.08055555555555556
0 0.506640625 0.6243055555555556 0.03671875 0.0875
0 0.54140625 0.6208333333333333 0.0375 0.07777777777777778
0 0.6140625 0.6201388888888889 0.0359375 0.08194444444444444
0 0.651953125 0.6256944444444444 0.03671875 0.08194444444444444
0 0.689453125 0.6277777777777778 0.04140625 0.08333333333333333
0 0.7265625 0.6256944444444444 0.0421875 0.08194444444444444
0 0.7640625 0.625 0.040625 0.08888888888888889
0 0.801171875 0.6277777777777778 0.04453125 0.09166666666666666
0 0.837109375 0.6236111111111111 0.04140625 0.08888888888888889
0 0.875 0.6215277777777778 0.0484375 0.0875
0 0.059375 0.7333333333333333 0.053125 0.075
0 0.095703125 0.7368055555555556 0.05546875 0.08472222222222223
0 0.1375 0.7388888888888889 0.0546875 0.08611111111111111
0 0.25703125 0.7368055555555556 0.053125 0.0875
0 0.300390625 0.7354166666666667 0.05234375 0.07916666666666666
0 0.429296875 0.7409722222222223 0.04921875 0.08194444444444444
0 0.470703125 0.7444444444444445 0.04140625 0.08611111111111111
0 0.510546875 0.7479166666666667 0.04609375 0.0875
0 0.308984375 0.9493055555555555 0.04140625 0.09861111111111111
0 0.254296875 0.9486111111111111 0.04296875 0.1
0 0.216796875 0.9215277777777777 0.03984375 0.10694444444444444
0 0.166796875 0.9347222222222222 0.04140625 0.08888888888888889
0 0.401953125 0.9513888888888888 0.04453125 0.09444444444444444
0 0.446875 0.9513888888888888 0.0375 0.09444444444444444
0 0.745703125 0.95 0.03515625 0.09722222222222222
0 0.9578125 0.9611111111111111 0.065625 0.075
0 0.940625 0.8631944444444445 0.071875 0.0625
0 0.901171875 0.7402777777777778 0.07421875 0.06111111111111111
0 0.96796875 0.6631944444444444 0.0625 0.10694444444444444
0 0.9875 0.6236111111111111 0.0234375 0.09722222222222222
0 0.91796875 0.4826388888888889 0.0390625 0.08472222222222223
0 0.953515625 0.4701388888888889 0.03671875 0.06805555555555555
0 0.93671875 0.40069444444444446 0.0375 0.06805555555555555
0 0.92109375 0.3375 0.03125 0.06388888888888888
0 0.596484375 0.7284722222222222 0.03828125 0.09305555555555556
0 0.731640625 0.7277777777777777 0.03203125 0.09722222222222222
0 0.023828125 0.725 0.04765625 0.09722222222222222
0 0.032421875 0.6131944444444445 0.04609375 0.08472222222222223
0 0.0671875 0.6125 0.0484375 0.09722222222222222
0 0.1671875 0.4041666666666667 0.034375 0.05555555555555555
0 0.141015625 0.40555555555555556 0.03515625 0.06111111111111111
0 0.11484375 0.4048611111111111 0.040625 0.0625
0 0.0421875 0.40069444444444446 0.040625 0.059722222222222225
0 0.017578125 0.46319444444444446 0.03515625 0.0625
0 0.0390625 0.4618055555555556 0.040625 0.06527777777777778
0 0.017578125 0.3055555555555556 0.02734375 0.05277777777777778
0 0.043359375 0.29444444444444445 0.03046875 0.05
0 0.066796875 0.29583333333333334 0.03828125 0.05555555555555555
0 0.043359375 0.2520833333333333 0.03359375 0.043055555555555555
0 0.0890625 0.24444444444444444 0.0296875 0.041666666666666664
0 0.10859375 0.25 0.0296875 0.044444444444444446
0 0.13203125 0.24583333333333332 0.03125 0.05277777777777778
0 0.153515625 0.24444444444444444 0.03203125 0.05
0 0.17578125 0.24305555555555555 0.034375 0.044444444444444446
0 0.1609375 0.2951388888888889 0.0328125 0.05694444444444444
0 0.186328125 0.2916666666666667 0.03046875 0.06111111111111111
0 0.225390625 0.2361111111111111 0.02734375 0.044444444444444446
0 0.209765625 0.28888888888888886 0.02734375 0.04722222222222222
0 0.24921875 0.23680555555555555 0.0296875 0.05416666666666667
0 0.2734375 0.23958333333333334 0.028125 0.04027777777777778
0 0.347265625 0.23194444444444445 0.02890625 0.06111111111111111
0 0.382421875 0.24375 0.02734375 0.05138888888888889
0 0.4359375 0.2361111111111111 0.025 0.05
0 0.51015625 0.23194444444444445 0.0296875 0.06111111111111111
0 0.644140625 0.22847222222222222 0.02265625 0.05416666666666667
0 0.696484375 0.22777777777777777 0.02734375 0.05277777777777778
0 0.723046875 0.22916666666666666 0.02265625 0.05277777777777778
0 0.7515625 0.22361111111111112 0.0265625 0.05277777777777778
0 0.795703125 0.13541666666666666 0.02109375 0.05416666666666667
0 0.7875 0.09097222222222222 0.0234375 0.04583333333333333
0 0.764453125 0.13402777777777777 0.02265625 0.05138888888888889
0 0.735546875 0.09722222222222222 0.02578125 0.04722222222222222
0 0.819140625 0.022222222222222223 0.02421875 0.03611111111111111
0 0.79765625 0.022916666666666665 0.0203125 0.04027777777777778
0 0.773046875 0.022916666666666665 0.01796875 0.04583333333333333
0 0.691796875 0.1388888888888889 0.02265625 0.05
0 0.687109375 0.09444444444444444 0.01953125 0.03611111111111111
0 0.662109375 0.09305555555555556 0.02265625 0.03888888888888889
0 0.665625 0.14027777777777778 0.0265625 0.05277777777777778
0 0.594140625 0.14305555555555555 0.02421875 0.05555555555555555
0 0.56875 0.10694444444444444 0.021875 0.041666666666666664
0 0.519921875 0.14444444444444443 0.02421875 0.05277777777777778
0 0.47890625 0.11041666666666666 0.021875 0.04027777777777778
0 0.45078125 0.15069444444444444 0.021875 0.043055555555555555
0 0.4265625 0.1486111111111111 0.0234375 0.058333333333333334
0 0.403125 0.15138888888888888 0.0234375 0.05
0 0.41171875 0.1111111111111111 0.021875 0.03611111111111111
0 0.368359375 0.15486111111111112 0.02578125 0.05138888888888889
0 0.751953125 0.024305555555555556 0.01953125 0.04861111111111111
0 0.729296875 0.02013888888888889 0.02109375 0.04027777777777778
0 0.7046875 0.02361111111111111 0.021875 0.04722222222222222
0 0.662890625 0.027083333333333334 0.01796875 0.04861111111111111
0 0.63984375 0.030555555555555555 0.0171875 0.04722222222222222
0 0.617578125 0.027083333333333334 0.01640625 0.05416666666666667
0 0.595703125 0.024305555555555556 0.01640625 0.04861111111111111
0 0.573046875 0.03194444444444444 0.01640625 0.058333333333333334
0 0.53359375 0.04027777777777778 0.0203125 0.041666666666666664
0 0.512109375 0.03611111111111111 0.02265625 0.044444444444444446
0 0.4890625 0.03888888888888889 0.0234375 0.04722222222222222
0 0.46953125 0.03819444444444445 0.021875 0.04861111111111111
0 0.45234375 0.03958333333333333 0.025 0.05138888888888889
0 0.383203125 0.02013888888888889 0.02265625 0.034722222222222224
0 0.366015625 0.013194444444444444 0.01796875 0.02638888888888889
0 0.35390625 0.04791666666666667 0.0265625 0.04861111111111111
0 0.344140625 0.017361111111111112 0.02109375 0.034722222222222224
0 0.30625 0.016666666666666666 0.0203125 0.030555555555555555
0 0.293359375 0.05 0.02265625 0.03888888888888889
0 0.27578125 0.05 0.0265625 0.041666666666666664
0 0.26796875 0.016666666666666666 0.0203125 0.030555555555555555
0 0.255078125 0.050694444444444445 0.02265625 0.04583333333333333
0 0.196875 0.058333333333333334 0.025 0.03888888888888889
0 0.17890625 0.058333333333333334 0.0265625 0.041666666666666664
0 0.14296875 0.06805555555555555 0.0296875 0.041666666666666664
0 0.155859375 0.02847222222222222 0.02578125 0.034722222222222224
0 0.091796875 0.03611111111111111 0.03359375 0.027777777777777776
0 0.337109375 0.11458333333333333 0.02578125 0.029166666666666667
0 0.323828125 0.15069444444444444 0.02421875 0.05138888888888889
0 0.3015625 0.15625 0.0234375 0.04861111111111111
0 0.291015625 0.11527777777777778 0.02578125 0.03888888888888889
0 0.25 0.12013888888888889 0.025 0.04861111111111111
0 0.228125 0.11736111111111111 0.025 0.05138888888888889
0 0.206640625 0.11875 0.02578125 0.05416666666666667
0 0.185546875 0.125 0.02734375 0.041666666666666664
0 0.166015625 0.12222222222222222 0.02421875 0.030555555555555555
0 0.1453125 0.12291666666666666 0.021875 0.0375
0 0.1265625 0.13125 0.028125 0.04583333333333333
0 0.10390625 0.13402777777777777 0.028125 0.04583333333333333
0 0.153515625 0.1597222222222222 0.02734375 0.044444444444444446
0 0.13046875 0.1625 0.0296875 0.044444444444444446
0 0.0828125 0.04791666666666667 0.0328125 0.029166666666666667
0 0.076953125 0.059722222222222225 0.03203125 0.025
0 0.07109375 0.0763888888888889 0.028125 0.027777777777777776
0 0.058984375 0.08958333333333333 0.03203125 0.02361111111111111
0 0.04765625 0.1076388888888889 0.0390625 0.029166666666666667
0 0.028515625 0.13819444444444445 0.03828125 0.034722222222222224
0 0.020703125 0.15833333333333333 0.03359375 0.027777777777777776
0 0.01484375 0.17777777777777778 0.0296875 0.030555555555555555
0 0.55390625 0.013888888888888888 0.0171875 0.027777777777777776
