0 0.401171875 0.6201388888888889 0.03828125 0.09583333333333334
0 0.616015625 0.45694444444444443 0.03203125 0.08611111111111111
0 0.716015625 0.4861111111111111 0.03671875 0.08888888888888889
0 0.75078125 0.22847222222222222 0.0328125 0.059722222222222225
0 0.72578125 0.02638888888888889 0.0234375 0.03611111111111111
0 0.50859375 0.03263888888888889 0.0203125 0.0625
0 0.487890625 0.04097222222222222 0.01953125 0.04027777777777778
0 0.42578125 0.04513888888888889 0.0234375 0.04027777777777778
0 0.412890625 0.1076388888888889 0.02265625 0.05694444444444444
0 0.4 0.018055555555555554 0.021875 0.03611111111111111
0 0.355859375 0.049305555555555554 0.02421875 0.0375
0 0.284765625 0.018055555555555554 0.02265625 0.03611111111111111
0 0.195703125 0.05555555555555555 0.02578125 0.03333333333333333
0 0.2125 0.02361111111111111 0.0265625 0.03333333333333333
0 0.24609375 0.12083333333333333 0.028125 0.03888888888888889
0 0.230859375 0.45694444444444443 0.04140625 0.08333333333333333
0 0.231640625 0.29305555555555557 0.03203125 0.05277777777777778
0 0.108203125 0.25 0.03828125 0.05
0 0.0609375 0.30069444444444443 0.040625 0.05416666666666667
0 0.01953125 0.2965277777777778 0.0375 0.0625
0 0.05703125 0.4041666666666667 0.040625 0.06666666666666667
0 0.1171875 0.4625 0.04375 0.07777777777777778
0 0.087109375 0.16527777777777777 0.02890625 0.041666666666666664
0 0.104296875 0.1284722222222222 0.02734375 0.034722222222222224
0 0.125 0.13194444444444445 0.028125 0.041666666666666664
0 0.141015625 0.06388888888888888 0.03203125 0.03333333333333333
0 0.15390625 0.03125 0.028125 0.034722222222222224
0 0.09609375 0.022222222222222223 0.034375 0.030555555555555555
0 0.073828125 0.06319444444444444 0.03515625 0.029166666666666667
0 0.046875 0.10833333333333334 0.040625 0.030555555555555555
0 0.337890625 0.46458333333333335 0.03671875 0.08472222222222223
