0 0.23515625 0.2881944444444444 0.0359375 0.0625
0 0.259765625 0.2902777777777778 0.03515625 0.06666666666666667
0 0.286328125 0.2902777777777778 0.03359375 0.06666666666666667
0 0.3109375 0.28888888888888886 0.0359375 0.06666666666666667
0 0.336328125 0.29097222222222224 0.03359375 0.0625
0 0.3765625 0.2875 0.0328125 0.06388888888888888
0 0.404296875 0.2881944444444444 0.02734375 0.059722222222222225
0 0.430078125 0.2902777777777778 0.02578125 0.06388888888888888
0 0.4546875 0.2875 0.0265625 0.06388888888888888
0 0.48125 0.28888888888888886 0.028125 0.06111111111111111
0 0.50625 0.28680555555555554 0.025 0.05416666666666667
0 0.5328125 0.28680555555555554 0.0265625 0.05694444444444444
0 0.5609375 0.28194444444444444 0.025 0.05277777777777778
0 0.61796875 0.2826388888888889 0.025 0.059722222222222225
0 0.673046875 0.28125 0.02734375 0.05416666666666667
0 0.19765625 0.40069444444444446 0.0421875 0.059722222222222225
0 0.223046875 0.3993055555555556 0.04140625 0.0625
0 0.249609375 0.4013888888888889 0.03828125 0.06388888888888888
0 0.281640625 0.4013888888888889 0.03984375 0.058333333333333334
0 0.312890625 0.4027777777777778 0.03671875 0.06111111111111111
0 0.350390625 0.40208333333333335 0.03515625 0.05694444444444444
0 0.375390625 0.4013888888888889 0.03515625 0.06111111111111111
0 0.409765625 0.3958333333333333 0.03359375 0.058333333333333334
0 0.436328125 0.39791666666666664 0.03359375 0.05694444444444444
0 0.465234375 0.39652777777777776 0.03515625 0.0625
0 0.495703125 0.3958333333333333 0.03203125 0.06111111111111111
0 0.521875 0.39652777777777776 0.03125 0.059722222222222225
0 0.553125 0.3951388888888889 0.0296875 0.06805555555555555
0 0.58359375 0.39652777777777776 0.0296875 0.059722222222222225
0 0.176171875 0.4618055555555556 0.03671875 0.07916666666666666
0 0.205078125 0.4638888888888889 0.04453125 0.08055555555555556
0 0.232421875 0.4597222222222222 0.03984375 0.08333333333333333
0 0.26015625 0.4673611111111111 0.040625 0.07916666666666666
0 0.291015625 0.4652777777777778 0.03671875 0.08055555555555556
0 0.335546875 0.46875 0.03046875 0.08472222222222223
0 0.3671875 0.4666666666666667 0.0421875 0.08333333333333333
0 0.39453125 0.46805555555555556 0.0375 0.07777777777777778
0 0.42734375 0.4638888888888889 0.0375 0.08333333333333333
0 0.456640625 0.46805555555555556 0.03046875 0.075
0 0.48984375 0.46805555555555556 0.0328125 0.075
0 0.51875 0.46875 0.0328125 0.07083333333333333
0 0.55234375 0.46597222222222223 0.0265625 0.07083333333333333
0 0.582421875 0.4673611111111111 0.03203125 0.07083333333333333
0 0.646875 0.4638888888888889 0.03125 0.07222222222222222
0 0.71171875 0.4652777777777778 0.0359375 0.06666666666666667
0 0.77890625 0.46319444444444446 0.0390625 0.07361111111111111
0 0.8484375 0.4597222222222222 0.0421875 0.075
0 0.121875 0.6152777777777778 0.0453125 0.08333333333333333
0 0.1515625 0.6180555555555556 0.0453125 0.07777777777777778
0 0.187109375 0.61875 0.04453125 0.07916666666666666
0 0.219140625 0.6166666666666667 0.04140625 0.07777777777777778
0 0.2515625 0.6222222222222222 0.0421875 0.075
0 0.30234375 0.61875 0.0390625 0.07083333333333333
0 0.33671875 0.6166666666666667 0.040625 0.07777777777777778
0 0.37265625 0.6201388888888889 0.0484375 0.08472222222222223
0 0.405078125 0.6201388888888889 0.04140625 0.07916666666666666
0 0.438671875 0.6236111111111111 0.04140625 0.08055555555555556
0 0.47109375 0.6222222222222222 0.0359375 0.08055555555555556
0 0.506640625 0.6243055555555556 0.03671875 0.0875
0 0.54140625 0.6208333333333333 0.0375 0.07777777777777778
0 0.57890625 0.6222222222222222 0.0359375 0.08611111111111111
0 0.6140625 0.6201388888888889 0.0359375 0.08194444444444444
0 0.651953125 0.6256944444444444 0.03671875 0.08194444444444444
0 0.689453125 0.6277777777777778 0.04140625 0.08333333333333333
0 0.7265625 0.6256944444444444 0.0421875 0.08194444444444444
0 0.25703125 0.7368055555555556 0.053125 0.0875
0 0.300390625 0.7354166666666667 0.05234375 0.07916666666666666
0 0.510546875 0.7479166666666667 0.04609375 0.0875
0 0.216796875 0.9222222222222223 0.04765625 0.1
0 0.161328125 0.9354166666666667 0.04140625 0.10138888888888889
0 0.90234375 0.7361111111111112 0.0703125 0.06111111111111111
0 0.914453125 0.8041666666666667 0.07890625 0.05555555555555555
0 0.922265625 0.8666666666666667 0.07421875 0.06111111111111111
0 0.975 0.6583333333333333 0.0484375 0.10555555555555556
0 0.60859375 0.5361111111111111 0.025 0.08055555555555556
0 0.096875 0.6159722222222223 0.05 0.09305555555555556
0 0.072265625 0.6048611111111111 0.04453125 0.08472222222222223
0 0.03359375 0.6097222222222223 0.0484375 0.08611111111111111
0 0.01171875 0.6083333333333333 0.0234375 0.075
0 0.148828125 0.4625 0.03359375 0.07222222222222222
0 0.120703125 0.4618055555555556 0.03671875 0.0763888888888889
0 0.092578125 0.45902777777777776 0.03828125 0.08194444444444444
0 0.06484375 0.46111111111111114 0.040625 0.06666666666666667
0 0.0375 0.46319444444444446 0.0359375 0.07083333333333333
0 0.01484375 0.4625 0.0296875 0.075
0 0.169140625 0.4041666666666667 0.03203125 0.06111111111111111
0 0.142578125 0.40208333333333335 0.03359375 0.05694444444444444
0 0.116796875 0.3951388888888889 0.03671875 0.05138888888888889
0 0.090625 0.4 0.0328125 0.05
0 0.06640625 0.4 0.0359375 0.06388888888888888
0 0.042578125 0.39375 0.03515625 0.0625
0 0.0171875 0.40208333333333335 0.034375 0.05416666666666667
0 0.211328125 0.29097222222222224 0.03515625 0.05694444444444444
0 0.185546875 0.2875 0.02890625 0.058333333333333334
0 0.1609375 0.2916666666666667 0.0296875 0.05555555555555555
0 0.13828125 0.2881944444444444 0.0296875 0.05138888888888889
0 0.1140625 0.28958333333333336 0.0328125 0.059722222222222225
0 0.08984375 0.29444444444444445 0.034375 0.058333333333333334
0 0.0703125 0.29375 0.034375 0.05416666666666667
0 0.04609375 0.29791666666666666 0.03125 0.05416666666666667
0 0.020703125 0.2986111111111111 0.03671875 0.058333333333333334
0 0.040234375 0.25069444444444444 0.02734375 0.04027777777777778
0 0.065234375 0.24305555555555555 0.03046875 0.03888888888888889
0 0.087890625 0.24375 0.03046875 0.043055555555555555
0 0.109765625 0.24444444444444444 0.03359375 0.044444444444444446
0 0.135546875 0.2375 0.02734375 0.05555555555555555
0 0.156640625 0.23819444444444443 0.02890625 0.043055555555555555
0 0.180078125 0.24097222222222223 0.03203125 0.04583333333333333
0 0.20078125 0.23819444444444443 0.028125 0.043055555555555555
0 0.223046875 0.24027777777777778 0.02734375 0.044444444444444446
0 0.247265625 0.23819444444444443 0.02578125 0.04027777777777778
0 0.269921875 0.23680555555555555 0.02890625 0.04583333333333333
0 0.29453125 0.23125 0.0265625 0.05416666666666667
0 0.32109375 0.2326388888888889 0.025 0.05694444444444444
0 0.35 0.2298611111111111 0.0296875 0.05416666666666667
0 0.384375 0.23333333333333334 0.0296875 0.04722222222222222
0 0.409765625 0.23402777777777778 0.02578125 0.05138888888888889
0 0.4359375 0.23472222222222222 0.0296875 0.04722222222222222
0 0.462890625 0.23125 0.02265625 0.05138888888888889
0 0.510546875 0.22777777777777777 0.02578125 0.05277777777777778
0 0.539453125 0.2263888888888889 0.01796875 0.06111111111111111
0 0.78671875 0.09444444444444444 0.025 0.04722222222222222
0 0.758203125 0.09513888888888888 0.02734375 0.04583333333333333
0 0.709375 0.09513888888888888 0.0234375 0.043055555555555555
0 0.68671875 0.09930555555555555 0.021875 0.04583333333333333
0 0.662890625 0.09791666666666667 0.01953125 0.05138888888888889
0 0.639453125 0.10069444444444445 0.02109375 0.04861111111111111
0 0.6171875 0.10138888888888889 0.0203125 0.04722222222222222
0 0.594921875 0.10208333333333333 0.01953125 0.05416666666666667
0 0.5703125 0.10486111111111111 0.021875 0.05416666666666667
0 0.546875 0.10416666666666667 0.0203125 0.05
0 0.524609375 0.09930555555555555 0.01796875 0.043055555555555555
0 0.52265625 0.14305555555555555 0.021875 0.05555555555555555
0 0.499609375 0.10347222222222222 0.02109375 0.0375
0 0.49765625 0.14583333333333334 0.021875 0.05555555555555555
0 0.478515625 0.10833333333333334 0.01953125 0.041666666666666664
0 0.475 0.1486111111111111 0.0234375 0.05277777777777778
0 0.457421875 0.10625 0.02265625 0.0375
0 0.451171875 0.15 0.02109375 0.04722222222222222
0 0.433203125 0.10902777777777778 0.02265625 0.0375
0 0.428125 0.14791666666666667 0.025 0.04583333333333333
0 0.41171875 0.10972222222222222 0.021875 0.03611111111111111
0 0.404296875 0.15138888888888888 0.02421875 0.05
0 0.38125 0.10902777777777778 0.0234375 0.0375
0 0.374609375 0.14791666666666667 0.02890625 0.04861111111111111
0 0.35625 0.10902777777777778 0.025 0.05138888888888889
0 0.348828125 0.14930555555555555 0.02578125 0.04583333333333333
0 0.326171875 0.15069444444444444 0.02734375 0.043055555555555555
0 0.302734375 0.1527777777777778 0.02578125 0.041666666666666664
0 0.2796875 0.15486111111111112 0.025 0.04861111111111111
0 0.25625 0.15138888888888888 0.025 0.04722222222222222
0 0.236328125 0.15069444444444444 0.02421875 0.04861111111111111
0 0.215625 0.15138888888888888 0.0234375 0.044444444444444446
0 0.193359375 0.15694444444444444 0.02734375 0.05
0 0.1734375 0.15763888888888888 0.028125 0.05138888888888889
0 0.151171875 0.16180555555555556 0.02734375 0.04861111111111111
0 0.13125 0.16319444444444445 0.0265625 0.04583333333333333
0 0.108984375 0.1625 0.02734375 0.044444444444444446
0 0.0890625 0.16597222222222222 0.028125 0.04861111111111111
0 0.106640625 0.12708333333333333 0.02578125 0.03194444444444444
0 0.126953125 0.12708333333333333 0.02578125 0.03194444444444444
0 0.14765625 0.125 0.028125 0.03611111111111111
0 0.167578125 0.12222222222222222 0.02578125 0.030555555555555555
0 0.18671875 0.11944444444444445 0.021875 0.03333333333333333
0 0.20859375 0.11180555555555556 0.0234375 0.0375
0 0.230859375 0.11388888888888889 0.02578125 0.03333333333333333
0 0.25078125 0.11180555555555556 0.0203125 0.043055555555555555
0 0.271484375 0.11180555555555556 0.01953125 0.04027777777777778
0 0.292578125 0.11527777777777778 0.02265625 0.03333333333333333
0 0.31328125 0.10833333333333334 0.0265625 0.041666666666666664
0 0.33515625 0.11041666666666666 0.025 0.03194444444444444
0 0.014453125 0.1763888888888889 0.02890625 0.030555555555555555
0 0.01953125 0.15625 0.034375 0.029166666666666667
0 0.033984375 0.14097222222222222 0.03515625 0.02361111111111111
0 0.038671875 0.12569444444444444 0.03515625 0.02638888888888889
0 0.04765625 0.1076388888888889 0.03125 0.029166666666666667
0 0.0578125 0.09236111111111112 0.0328125 0.018055555555555554
0 0.066796875 0.075 0.03515625 0.030555555555555555
0 0.076953125 0.06111111111111111 0.03046875 0.025
0 0.08828125 0.05 0.0296875 0.027777777777777776
0 0.09375 0.035416666666666666 0.03125 0.018055555555555554
0 0.10078125 0.020833333333333332 0.03125 0.022222222222222223
0 0.108984375 0.006944444444444444 0.03203125 0.013888888888888888
0 0.14140625 0.06319444444444444 0.0265625 0.04027777777777778
0 0.159375 0.059722222222222225 0.021875 0.03888888888888889
0 0.156640625 0.034027777777777775 0.02109375 0.02638888888888889
0 0.1734375 0.02847222222222222 0.01875 0.02361111111111111
0 0.190234375 0.02638888888888889 0.01953125 0.030555555555555555
0 0.178125 0.05694444444444444 0.0234375 0.041666666666666664
0 0.195703125 0.058333333333333334 0.02265625 0.03888888888888889
0 0.213671875 0.059027777777777776 0.02109375 0.0375
0 0.234375 0.059027777777777776 0.0203125 0.034722222222222224
0 0.254296875 0.05416666666666667 0.01640625 0.03611111111111111
0 0.273828125 0.05138888888888889 0.02265625 0.041666666666666664
0 0.2921875 0.050694444444444445 0.0203125 0.0375
0 0.312890625 0.050694444444444445 0.01796875 0.0375
0 0.334765625 0.049305555555555554 0.01640625 0.0375
0 0.355078125 0.05 0.01953125 0.041666666666666664
0 0.374609375 0.04791666666666667 0.02109375 0.043055555555555555
0 0.398046875 0.04722222222222222 0.02109375 0.03888888888888889
0 0.426171875 0.04583333333333333 0.02109375 0.041666666666666664
0 0.448046875 0.04583333333333333 0.02109375 0.03888888888888889
0 0.467578125 0.044444444444444446 0.01796875 0.03611111111111111
0 0.49140625 0.0375 0.01875 0.03611111111111111
0 0.51328125 0.0375 0.01875 0.03888888888888889
0 0.532421875 0.0375 0.01953125 0.044444444444444446
0 0.553125 0.03611111111111111 0.0203125 0.04722222222222222
0 0.573828125 0.03680555555555556 0.01953125 0.0375
0 0.594140625 0.03819444444444445 0.01953125 0.04027777777777778
0 0.616796875 0.03680555555555556 0.01796875 0.0375
0 0.638671875 0.029861111111111113 0.01953125 0.04861111111111111
0 0.65859375 0.03125 0.01875 0.0375
0 0.68203125 0.027083333333333334 0.01875 0.043055555555555555
0 0.703515625 0.02847222222222222 0.01796875 0.04027777777777778
0 0.723828125 0.02847222222222222 0.02109375 0.04027777777777778
0 0.750390625 0.029861111111111113 0.02265625 0.034722222222222224
0 0.770703125 0.024305555555555556 0.01953125 0.04583333333333333
0 0.79296875 0.02638888888888889 0.021875 0.044444444444444446
0 0.817578125 0.021527777777777778 0.02265625 0.0375
0 0.8421875 0.01875 0.0234375 0.0375
0 0.211328125 0.020833333333333332 0.02265625 0.03333333333333333
0 0.227734375 0.024305555555555556 0.01953125 0.03194444444444444
0 0.246484375 0.021527777777777778 0.02109375 0.03194444444444444
0 0.264453125 0.01875 0.02265625 0.034722222222222224
0 0.284765625 0.016666666666666666 0.02265625 0.027777777777777776
0 0.305859375 0.016666666666666666 0.02109375 0.03333333333333333
0 0.323046875 0.015277777777777777 0.02109375 0.030555555555555555
0 0.342578125 0.015277777777777777 0.01796875 0.030555555555555555
0 0.361328125 0.013888888888888888 0.02109375 0.027777777777777776
0 0.380078125 0.015277777777777777 0.02265625 0.030555555555555555
0 0.40234375 0.013888888888888888 0.01875 0.027777777777777776
0 0.432421875 0.011111111111111112 0.01796875 0.022222222222222223
0 0.451953125 0.0125 0.01953125 0.025
0 0.472265625 0.013194444444444444 0.01796875 0.02638888888888889
0 0.49375 0.010416666666666666 0.025 0.020833333333333332
0 0.8625 0.02361111111111111 0.021875 0.04722222222222222
0 0.009765625 0.1951388888888889 0.01953125 0.03194444444444444
0 0.472265625 0.022916666666666665 0.80390625 0.04583333333333333
0 0.009375 0.19791666666666666 0.01875 0.02638888888888889
