0 0.015234375 0.6097222222222223 0.02578125 0.07777777777777778
0 0.01875 0.46597222222222223 0.0328125 0.07361111111111111
0 0.294921875 0.9444444444444444 0.03203125 0.08333333333333333
0 0.541796875 0.6229166666666667 0.02734375 0.09305555555555556
0 0.434375 0.1125 0.021875 0.05
0 0.595703125 0.034027777777777775 0.02265625 0.04583333333333333
0 0.42890625 0.04583333333333333 0.0203125 0.04722222222222222
0 0.29375 0.05347222222222222 0.028125 0.04027777777777778
0 0.2546875 0.05416666666666667 0.0234375 0.041666666666666664
0 0.246875 0.02361111111111111 0.025 0.041666666666666664
0 0.211328125 0.02847222222222222 0.02265625 0.04583333333333333
0 0.21015625 0.0798611111111111 0.0359375 0.04027777777777778
0 0.066015625 0.30486111111111114 0.03984375 0.05694444444444444
0 0.04375 0.24930555555555556 0.0328125 0.059722222222222225
0 0.089453125 0.17083333333333334 0.03203125 0.044444444444444446
0 0.10625 0.12986111111111112 0.0296875 0.0375
0 0.126953125 0.13333333333333333 0.02421875 0.041666666666666664
0 0.144921875 0.1326388888888889 0.03203125 0.043055555555555555
0 0.161328125 0.06458333333333334 0.02578125 0.0375
0 0.17578125 0.025694444444444443 0.025 0.04027777777777778
0 0.141796875 0.06597222222222222 0.02265625 0.0375
0 0.141796875 0.019444444444444445 0.03515625 0.03333333333333333
0 0.0984375 0.024305555555555556 0.034375 0.020833333333333332
0 0.0671875 0.08125 0.034375 0.02638888888888889
0 0.03671875 0.125 0.0375 0.03333333333333333
0 0.00859375 0.19305555555555556 0.0171875 0.03611111111111111
0 0.10546875 0.009027777777777777 0.0296875 0.018055555555555554
