0 0.025390625 0.7319444444444444 0.04765625 0.1
0 0.13046875 0.6194444444444445 0.034375 0.08333333333333333
0 0.187890625 0.6222222222222222 0.03984375 0.08611111111111111
0 0.25078125 0.6243055555555556 0.0453125 0.08472222222222223
0 0.30390625 0.625 0.040625 0.08888888888888889
0 0.366015625 0.6229166666666667 0.03515625 0.09305555555555556
0 0.4421875 0.6256944444444444 0.0296875 0.09027777777777778
0 0.539453125 0.6256944444444444 0.02890625 0.08472222222222223
0 0.348828125 0.9430555555555555 0.03984375 0.08611111111111111
0 0.5828125 0.6270833333333333 0.0296875 0.08194444444444444
0 0.61796875 0.6215277777777778 0.03125 0.09861111111111111
0 0.76875 0.6340277777777777 0.040625 0.09583333333333334
0 0.83828125 0.6347222222222222 0.0453125 0.1
0 0.97734375 0.54375 0.0390625 0.10416666666666667
0 0.939453125 0.40902777777777777 0.03671875 0.07361111111111111
0 0.8078125 0.4027777777777778 0.03125 0.075
0 0.851953125 0.47152777777777777 0.03515625 0.06805555555555555
0 0.743359375 0.46319444444444446 0.03359375 0.0763888888888889
0 0.678125 0.39652777777777776 0.0265625 0.0625
0 0.6828125 0.4625 0.0296875 0.08055555555555556
0 0.5515625 0.46319444444444446 0.0296875 0.06805555555555555
0 0.428515625 0.4618055555555556 0.03359375 0.059722222222222225
0 0.3984375 0.4652777777777778 0.0296875 0.075
0 0.3671875 0.4666666666666667 0.034375 0.07777777777777778
0 0.3484375 0.40208333333333335 0.0359375 0.0763888888888889
0 0.438671875 0.39861111111111114 0.02734375 0.06388888888888888
0 0.06875 0.6125 0.0484375 0.09444444444444444
0 0.03046875 0.6152777777777778 0.0421875 0.075
0 0.010546875 0.6111111111111112 0.02109375 0.06944444444444445
0 0.013671875 0.46041666666666664 0.02578125 0.06805555555555555
0 0.0390625 0.46805555555555556 0.0375 0.06388888888888888
0 0.0640625 0.46458333333333335 0.0375 0.0625
0 0.09140625 0.4638888888888889 0.0359375 0.06388888888888888
0 0.119921875 0.46319444444444446 0.03515625 0.059722222222222225
0 0.143359375 0.47430555555555554 0.03984375 0.07083333333333333
0 0.1671875 0.4041666666666667 0.0296875 0.05555555555555555
0 0.221484375 0.4048611111111111 0.03046875 0.06805555555555555
0 0.25078125 0.40069444444444446 0.0328125 0.07083333333333333
0 0.230859375 0.4652777777777778 0.03515625 0.06944444444444445
0 0.291015625 0.46458333333333335 0.03515625 0.0625
0 0.3109375 0.40625 0.0328125 0.059722222222222225
0 0.0640625 0.40555555555555556 0.040625 0.06111111111111111
0 0.037109375 0.40208333333333335 0.03203125 0.05416666666666667
0 0.3765625 0.28680555555555554 0.03125 0.05694444444444444
0 0.617578125 0.23055555555555557 0.02109375 0.06111111111111111
0 0.72421875 0.225 0.028125 0.06666666666666667
0 0.791796875 0.2791666666666667 0.03046875 0.06944444444444445
0 0.563671875 0.28055555555555556 0.02265625 0.06111111111111111
0 0.56484375 0.23125 0.0234375 0.05694444444444444
0 0.537109375 0.23333333333333334 0.02734375 0.06388888888888888
0 0.4859375 0.2361111111111111 0.0234375 0.05555555555555555
0 0.434765625 0.2388888888888889 0.03046875 0.06111111111111111
0 0.38359375 0.2361111111111111 0.0234375 0.05
0 0.345703125 0.23958333333333334 0.03203125 0.05138888888888889
0 0.2921875 0.24097222222222223 0.0296875 0.05138888888888889
0 0.267578125 0.24305555555555555 0.02890625 0.05277777777777778
0 0.24921875 0.23819444444444443 0.028125 0.05138888888888889
0 0.22109375 0.24097222222222223 0.0328125 0.059722222222222225
0 0.198828125 0.24513888888888888 0.02734375 0.05416666666666667
0 0.178125 0.2361111111111111 0.028125 0.05
0 0.1359375 0.24305555555555555 0.0296875 0.05277777777777778
0 0.158984375 0.2916666666666667 0.03671875 0.05555555555555555
0 0.115625 0.2965277777777778 0.0328125 0.05416666666666667
0 0.088671875 0.3 0.03359375 0.04722222222222222
0 0.0203125 0.2965277777777778 0.0328125 0.0625
0 0.1078125 0.16041666666666668 0.034375 0.059722222222222225
0 0.0125 0.17152777777777778 0.025 0.034722222222222224
0 0.055078125 0.09027777777777778 0.03515625 0.027777777777777776
0 0.068359375 0.07708333333333334 0.02734375 0.02638888888888889
0 0.079296875 0.059027777777777776 0.03203125 0.03194444444444444
0 0.098046875 0.022916666666666665 0.03515625 0.029166666666666667
0 0.154296875 0.03263888888888889 0.02109375 0.0375
0 0.17421875 0.027777777777777776 0.0265625 0.03888888888888889
0 0.178515625 0.05625 0.02265625 0.04583333333333333
0 0.1875 0.08888888888888889 0.040625 0.027777777777777776
0 0.163671875 0.12638888888888888 0.02734375 0.044444444444444446
0 0.1890625 0.15833333333333333 0.025 0.041666666666666664
0 0.211328125 0.15347222222222223 0.02265625 0.04027777777777778
0 0.233984375 0.15625 0.02421875 0.05416666666666667
0 0.25703125 0.15486111111111112 0.021875 0.04027777777777778
0 0.280078125 0.14791666666666667 0.02421875 0.04861111111111111
0 0.30234375 0.14930555555555555 0.0234375 0.0375
0 0.33203125 0.11875 0.025 0.043055555555555555
0 0.3546875 0.11458333333333333 0.025 0.05416666666666667
0 0.37734375 0.11666666666666667 0.028125 0.05277777777777778
0 0.36796875 0.1597222222222222 0.028125 0.044444444444444446
0 0.4125 0.11458333333333333 0.028125 0.04861111111111111
0 0.447265625 0.15138888888888888 0.02421875 0.05555555555555555
0 0.5 0.11319444444444444 0.021875 0.04861111111111111
0 0.544921875 0.15069444444444444 0.02265625 0.05416666666666667
0 0.569921875 0.13958333333333334 0.02109375 0.05694444444444444
0 0.59453125 0.13958333333333334 0.01875 0.05416666666666667
0 0.616015625 0.10277777777777777 0.02109375 0.041666666666666664
0 0.638671875 0.10625 0.02265625 0.04861111111111111
0 0.665234375 0.09791666666666667 0.02109375 0.05694444444444444
0 0.715625 0.09652777777777778 0.0234375 0.05416666666666667
0 0.741796875 0.13680555555555557 0.02109375 0.04583333333333333
0 0.76328125 0.09097222222222222 0.021875 0.04861111111111111
0 0.7875 0.09097222222222222 0.0265625 0.05138888888888889
0 0.75078125 0.027083333333333334 0.01875 0.04583333333333333
0 0.774609375 0.022916666666666665 0.02421875 0.043055555555555555
0 0.6625 0.03125 0.01875 0.043055555555555555
0 0.638671875 0.02361111111111111 0.02109375 0.041666666666666664
0 0.598046875 0.030555555555555555 0.01953125 0.04722222222222222
0 0.51171875 0.03819444444444445 0.0203125 0.043055555555555555
0 0.48828125 0.03819444444444445 0.0203125 0.04583333333333333
0 0.398046875 0.04722222222222222 0.01796875 0.03888888888888889
0 0.376953125 0.04236111111111111 0.02109375 0.04027777777777778
0 0.313671875 0.050694444444444445 0.02265625 0.04027777777777778
0 0.23515625 0.05277777777777778 0.0234375 0.044444444444444446
0 0.208203125 0.022222222222222223 0.01640625 0.03888888888888889
0 0.22890625 0.02013888888888889 0.01875 0.0375
0 0.23671875 0.0 0.0 0.0
0 0.24765625 0.02013888888888889 0.021875 0.04027777777777778
0 0.2859375 0.02013888888888889 0.021875 0.0375
0 0.320703125 0.016666666666666666 0.01953125 0.030555555555555555
0 0.341796875 0.01875 0.01953125 0.034722222222222224
0 0.1078125 0.007638888888888889 0.0328125 0.015277777777777777
0 0.021875 0.04097222222222222 0.028125 0.0375
0 0.38203125 0.013888888888888888 0.0203125 0.027777777777777776
0 0.402734375 0.013194444444444444 0.02265625 0.02638888888888889
0 0.43359375 0.013194444444444444 0.021875 0.02638888888888889
0 0.468359375 0.014583333333333334 0.01796875 0.029166666666666667
0 0.489453125 0.010416666666666666 0.01640625 0.020833333333333332
0 0.515234375 0.009722222222222222 0.01953125 0.019444444444444445
0 0.55390625 0.011111111111111112 0.0203125 0.022222222222222223
0 0.617578125 0.010416666666666666 0.02109375 0.020833333333333332
0 0.54765625 0.10416666666666667 0.021875 0.044444444444444446
0 0.57265625 0.10138888888888889 0.0234375 0.03333333333333333
0 0.89453125 0.23333333333333334 0.0359375 0.07777777777777778
