0 0.23515625 0.2881944444444444 0.0359375 0.0625
0 0.259765625 0.2902777777777778 0.03515625 0.06666666666666667
0 0.286328125 0.2902777777777778 0.03359375 0.06666666666666667
0 0.3109375 0.28888888888888886 0.0359375 0.06666666666666667
0 0.336328125 0.29097222222222224 0.03359375 0.0625
0 0.3765625 0.2875 0.0328125 0.06388888888888888
0 0.404296875 0.2881944444444444 0.02734375 0.059722222222222225
0 0.430078125 0.2902777777777778 0.02578125 0.06388888888888888
0 0.4546875 0.2875 0.0265625 0.06388888888888888
0 0.48125 0.28888888888888886 0.028125 0.06111111111111111
0 0.50625 0.28680555555555554 0.025 0.05416666666666667
0 0.5328125 0.28680555555555554 0.0265625 0.05694444444444444
0 0.5609375 0.28194444444444444 0.025 0.05277777777777778
0 0.588671875 0.2826388888888889 0.02890625 0.059722222222222225
0 0.61796875 0.2826388888888889 0.025 0.059722222222222225
0 0.644140625 0.28125 0.02734375 0.05416666666666667
0 0.673046875 0.28125 0.02734375 0.05416666666666667
0 0.701171875 0.27847222222222223 0.02734375 0.05138888888888889
0 0.731640625 0.28055555555555556 0.03046875 0.05555555555555555
0 0.7609375 0.27708333333333335 0.028125 0.0625
0 0.78671875 0.27708333333333335 0.03125 0.05416666666666667
0 0.81640625 0.2743055555555556 0.0359375 0.0625
0 0.19765625 0.40069444444444446 0.0421875 0.059722222222222225
0 0.223046875 0.3993055555555556 0.04140625 0.0625
0 0.249609375 0.4013888888888889 0.03828125 0.06388888888888888
0 0.281640625 0.4013888888888889 0.03984375 0.058333333333333334
0 0.312890625 0.4027777777777778 0.03671875 0.06111111111111111
0 0.350390625 0.40208333333333335 0.03515625 0.05694444444444444
0 0.375390625 0.4013888888888889 0.03515625 0.06111111111111111
0 0.409765625 0.3958333333333333 0.03359375 0.058333333333333334
0 0.436328125 0.39791666666666664 0.03359375 0.05694444444444444
0 0.465234375 0.39652777777777776 0.03515625 0.0625
0 0.495703125 0.3958333333333333 0.03203125 0.06111111111111111
0 0.521875 0.39652777777777776 0.03125 0.059722222222222225
0 0.553125 0.3951388888888889 0.0296875 0.06805555555555555
0 0.58359375 0.39652777777777776 0.0296875 0.059722222222222225
0 0.61328125 0.39305555555555555 0.034375 0.06388888888888888
0 0.647265625 0.3888888888888889 0.03046875 0.07222222222222222
0 0.67890625 0.39375 0.03125 0.07361111111111111
0 0.709375 0.38958333333333334 0.0359375 0.07361111111111111
0 0.741015625 0.39166666666666666 0.03203125 0.06944444444444445
0 0.7734375 0.39166666666666666 0.0375 0.075
0 0.806640625 0.3909722222222222 0.03359375 0.07083333333333333
0 0.839453125 0.39166666666666666 0.03671875 0.06666666666666667
0 0.176171875 0.4618055555555556 0.03671875 0.07916666666666666
0 0.205078125 0.4638888888888889 0.04453125 0.08055555555555556
0 0.232421875 0.4597222222222222 0.03984375 0.08333333333333333
0 0.26015625 0.4673611111111111 0.040625 0.07916666666666666
0 0.291015625 0.4652777777777778 0.03671875 0.08055555555555556
0 0.335546875 0.46875 0.03046875 0.08472222222222223
0 0.3671875 0.4666666666666667 0.0421875 0.08333333333333333
0 0.39453125 0.46805555555555556 0.0375 0.07777777777777778
0 0.42734375 0.4638888888888889 0.0375 0.08333333333333333
0 0.456640625 0.46805555555555556 0.03046875 0.075
0 0.48984375 0.46805555555555556 0.0328125 0.075
0 0.51875 0.46875 0.0328125 0.07083333333333333
0 0.55234375 0.46597222222222223 0.0265625 0.07083333333333333
0 0.582421875 0.4673611111111111 0.03203125 0.07083333333333333
0 0.613671875 0.4666666666666667 0.02890625 0.07222222222222222
0 0.646875 0.4638888888888889 0.03125 0.07222222222222222
0 0.68046875 0.4673611111111111 0.03125 0.07083333333333333
0 0.71171875 0.4652777777777778 0.0359375 0.06666666666666667
0 0.74609375 0.46597222222222223 0.0328125 0.07361111111111111
0 0.77890625 0.46319444444444446 0.0390625 0.07361111111111111
0 0.812109375 0.46597222222222223 0.03515625 0.06805555555555555
0 0.8484375 0.4597222222222222 0.0421875 0.075
0 0.121875 0.6152777777777778 0.0453125 0.08333333333333333
0 0.1515625 0.6180555555555556 0.0453125 0.07777777777777778
0 0.187109375 0.61875 0.04453125 0.07916666666666666
0 0.219140625 0.6166666666666667 0.04140625 0.07777777777777778
0 0.2515625 0.6222222222222222 0.0421875 0.075
0 0.30234375 0.61875 0.0390625 0.07083333333333333
0 0.33671875 0.6166666666666667 0.040625 0.07777777777777778
0 0.37265625 0.6201388888888889 0.0484375 0.08472222222222223
0 0.405078125 0.6201388888888889 0.04140625 0.07916666666666666
0 0.438671875 0.6236111111111111 0.04140625 0.08055555555555556
0 0.47109375 0.6222222222222222 0.0359375 0.08055555555555556
0 0.506640625 0.6243055555555556 0.03671875 0.0875
0 0.54140625 0.6208333333333333 0.0375 0.07777777777777778
0 0.57890625 0.6222222222222222 0.0359375 0.08611111111111111
0 0.6140625 0.6201388888888889 0.0359375 0.08194444444444444
0 0.651953125 0.6256944444444444 0.03671875 0.08194444444444444
0 0.689453125 0.6277777777777778 0.04140625 0.08333333333333333
0 0.7265625 0.6256944444444444 0.0421875 0.08194444444444444
0 0.7640625 0.625 0.040625 0.08888888888888889
0 0.801171875 0.6277777777777778 0.04453125 0.09166666666666666
0 0.837109375 0.6236111111111111 0.04140625 0.08888888888888889
0 0.875 0.6215277777777778 0.0484375 0.0875
0 0.1375 0.7388888888888889 0.0546875 0.08611111111111111
0 0.25703125 0.7368055555555556 0.053125 0.0875
0 0.510546875 0.7479166666666667 0.04609375 0.0875
0 0.25234375 0.9402777777777778 0.040625 0.1
0 0.45078125 0.9354166666666667 0.0390625 0.10416666666666667
0 0.723046875 0.7291666666666666 0.03515625 0.1
0 0.59453125 0.7291666666666666 0.034375 0.09166666666666666
0 0.893359375 0.7291666666666666 0.08203125 0.07222222222222222
0 0.91484375 0.8 0.0796875 0.05555555555555555
0 0.950390625 0.4666666666666667 0.04453125 0.07777777777777778
0 0.936328125 0.3951388888888889 0.03828125 0.07916666666666666
0 0.1640625 0.4041666666666667 0.034375 0.06666666666666667
0 0.15 0.4652777777777778 0.0265625 0.05277777777777778
0 0.11640625 0.46805555555555556 0.034375 0.06666666666666667
0 0.140625 0.40069444444444446 0.025 0.05694444444444444
0 0.114453125 0.4027777777777778 0.02890625 0.058333333333333334
0 0.0890625 0.39791666666666664 0.0328125 0.05138888888888889
0 0.091015625 0.46319444444444446 0.03515625 0.0625
0 0.066015625 0.46111111111111114 0.03671875 0.075
0 0.039453125 0.46319444444444446 0.03515625 0.06527777777777778
0 0.012890625 0.46111111111111114 0.02265625 0.06388888888888888
0 0.037890625 0.40347222222222223 0.03203125 0.05694444444444444
0 0.062890625 0.40555555555555556 0.03828125 0.06111111111111111
0 0.015234375 0.40208333333333335 0.02578125 0.05416666666666667
0 0.811328125 0.225 0.02734375 0.05277777777777778
0 0.753515625 0.22847222222222222 0.02734375 0.04861111111111111
0 0.721484375 0.22569444444444445 0.02421875 0.04861111111111111
0 0.671484375 0.225 0.02109375 0.06388888888888888
0 0.643359375 0.22916666666666666 0.02734375 0.05277777777777778
0 0.6171875 0.22916666666666666 0.021875 0.04722222222222222
0 0.58984375 0.22708333333333333 0.0234375 0.05694444444444444
0 0.565625 0.22916666666666666 0.025 0.06111111111111111
0 0.53671875 0.2298611111111111 0.0234375 0.06527777777777778
0 0.5109375 0.23055555555555557 0.0234375 0.05277777777777778
0 0.483984375 0.22916666666666666 0.02265625 0.058333333333333334
0 0.460546875 0.23125 0.02265625 0.0625
0 0.43515625 0.2361111111111111 0.0234375 0.05277777777777778
0 0.412109375 0.23333333333333334 0.02265625 0.04722222222222222
0 0.38671875 0.23333333333333334 0.0203125 0.05555555555555555
0 0.33515625 0.21805555555555556 0.0 0.0
0 0.33515625 0.21805555555555556 0.0 0.0
0 0.349609375 0.23958333333333334 0.02890625 0.043055555555555555
0 0.323828125 0.23680555555555555 0.02109375 0.04583333333333333
0 0.296484375 0.2326388888888889 0.02890625 0.04583333333333333
0 0.3109375 0.20972222222222223 0.0 0.0
0 0.269140625 0.23958333333333334 0.02734375 0.04861111111111111
0 0.2828125 0.2152777777777778 0.0 0.0
0 0.25 0.23541666666666666 0.0234375 0.04861111111111111
0 0.225390625 0.2361111111111111 0.02421875 0.044444444444444446
0 0.2375 0.21388888888888888 0.0 0.0
0 0.200390625 0.24166666666666667 0.03046875 0.05555555555555555
0 0.209765625 0.29097222222222224 0.02578125 0.059722222222222225
0 0.18671875 0.29097222222222224 0.0328125 0.059722222222222225
0 0.1640625 0.28958333333333336 0.028125 0.059722222222222225
0 0.13984375 0.28888888888888886 0.03125 0.06111111111111111
0 0.11328125 0.29375 0.0328125 0.05416666666666667
0 0.1296875 0.26666666666666666 0.0 0.0
0 0.094140625 0.2972222222222222 0.02734375 0.058333333333333334
0 0.067578125 0.29375 0.03515625 0.05694444444444444
0 0.08515625 0.2652777777777778 0.0 0.0
0 0.040234375 0.2972222222222222 0.03515625 0.06111111111111111
0 0.0578125 0.26666666666666666 0.0 0.0
0 0.01796875 0.2972222222222222 0.028125 0.05277777777777778
0 0.0421875 0.24722222222222223 0.0328125 0.05555555555555555
0 0.05859375 0.21944444444444444 0.0 0.0
0 0.061328125 0.24722222222222223 0.03046875 0.044444444444444446
0 0.0765625 0.225 0.0 0.0
0 0.08671875 0.24375 0.0328125 0.04861111111111111
0 0.109765625 0.25069444444444444 0.02421875 0.04861111111111111
0 0.133203125 0.2423611111111111 0.02421875 0.04027777777777778
0 0.1453125 0.2222222222222222 0.0 0.0
0 0.15390625 0.24305555555555555 0.0203125 0.03611111111111111
0 0.178515625 0.2388888888888889 0.03203125 0.03888888888888889
0 0.09296875 0.6152777777777778 0.0390625 0.075
0 0.06015625 0.6159722222222223 0.040625 0.09027777777777778
0 0.026953125 0.61875 0.04296875 0.08194444444444444
0 0.794921875 0.13680555555555557 0.02109375 0.05138888888888889
0 0.78671875 0.09375 0.0234375 0.059722222222222225
0 0.7625 0.09236111111111112 0.0171875 0.04861111111111111
0 0.743359375 0.1375 0.02578125 0.05277777777777778
0 0.737109375 0.09513888888888888 0.02265625 0.05416666666666667
0 0.713671875 0.09513888888888888 0.02265625 0.04027777777777778
0 0.715625 0.1375 0.0203125 0.05277777777777778
0 0.691015625 0.13541666666666666 0.02109375 0.05694444444444444
0 0.6875 0.09722222222222222 0.0203125 0.044444444444444446
0 0.665234375 0.14027777777777778 0.02109375 0.05277777777777778
0 0.6625 0.09722222222222222 0.01875 0.041666666666666664
0 0.639453125 0.10208333333333333 0.02109375 0.04027777777777778
0 0.640234375 0.14097222222222222 0.01953125 0.043055555555555555
0 0.618359375 0.1423611111111111 0.01953125 0.04861111111111111
0 0.6171875 0.10277777777777777 0.0203125 0.03888888888888889
0 0.593359375 0.10277777777777777 0.02265625 0.03611111111111111
0 0.592578125 0.14166666666666666 0.02109375 0.044444444444444446
0 0.566796875 0.14791666666666667 0.02109375 0.05138888888888889
0 0.5640625 0.12361111111111112 0.0 0.0
0 0.572265625 0.10208333333333333 0.01640625 0.043055555555555555
0 0.54453125 0.15 0.0234375 0.041666666666666664
0 0.548828125 0.10694444444444444 0.01953125 0.03888888888888889
0 0.526953125 0.10833333333333334 0.01953125 0.04722222222222222
0 0.521875 0.14722222222222223 0.021875 0.03888888888888889
0 0.49609375 0.1451388888888889 0.025 0.05138888888888889
0 0.503515625 0.10486111111111111 0.01796875 0.034722222222222224
0 0.475390625 0.14583333333333334 0.02421875 0.05277777777777778
0 0.47734375 0.11041666666666666 0.01875 0.0375
0 0.459375 0.10694444444444444 0.0203125 0.03888888888888889
0 0.434765625 0.10902777777777778 0.02421875 0.043055555555555555
0 0.4265625 0.1527777777777778 0.0234375 0.04722222222222222
0 0.451171875 0.14791666666666667 0.02109375 0.04027777777777778
0 0.398828125 0.15416666666666667 0.02890625 0.05277777777777778
0 0.4140625 0.11180555555555556 0.0234375 0.0375
0 0.378515625 0.10902777777777778 0.02578125 0.03194444444444444
0 0.367578125 0.14930555555555555 0.02734375 0.05694444444444444
0 0.345703125 0.15208333333333332 0.02421875 0.04583333333333333
0 0.3578125 0.11180555555555556 0.01875 0.034722222222222224
0 0.334765625 0.11666666666666667 0.02421875 0.03611111111111111
0 0.309375 0.17777777777777778 0.0 0.0
0 0.321875 0.15486111111111112 0.025 0.04583333333333333
0 0.312109375 0.11319444444444444 0.02734375 0.04027777777777778
0 0.29921875 0.15486111111111112 0.0234375 0.05416666666666667
0 0.27578125 0.15486111111111112 0.0296875 0.04861111111111111
0 0.290625 0.11805555555555555 0.021875 0.03611111111111111
0 0.271484375 0.11388888888888889 0.02265625 0.03611111111111111
0 0.255078125 0.15416666666666667 0.02734375 0.05277777777777778
0 0.233203125 0.15416666666666667 0.02734375 0.05
0 0.21328125 0.15486111111111112 0.0234375 0.04583333333333333
0 0.24765625 0.11944444444444445 0.0296875 0.030555555555555555
0 0.228515625 0.12013888888888889 0.02109375 0.0375
0 0.20703125 0.12152777777777778 0.0265625 0.0375
0 0.186328125 0.12361111111111112 0.02734375 0.03333333333333333
0 0.169921875 0.12222222222222222 0.02109375 0.041666666666666664
0 0.14765625 0.12361111111111112 0.021875 0.03611111111111111
0 0.12734375 0.12638888888888888 0.025 0.027777777777777776
0 0.109765625 0.125 0.02421875 0.03611111111111111
0 0.08828125 0.16180555555555556 0.0296875 0.04861111111111111
0 0.109765625 0.16458333333333333 0.02265625 0.043055555555555555
0 0.126953125 0.16111111111111112 0.02578125 0.044444444444444446
0 0.151171875 0.15902777777777777 0.02890625 0.04027777777777778
0 0.17109375 0.15625 0.0234375 0.04583333333333333
0 0.19140625 0.1597222222222222 0.021875 0.03888888888888889
0 0.1421875 0.06319444444444444 0.021875 0.04861111111111111
0 0.159765625 0.06180555555555556 0.02265625 0.043055555555555555
0 0.176171875 0.05555555555555555 0.02578125 0.044444444444444446
0 0.198046875 0.05486111111111111 0.02109375 0.04583333333333333
0 0.21640625 0.05416666666666667 0.0203125 0.03888888888888889
0 0.236328125 0.05277777777777778 0.02265625 0.04722222222222222
0 0.25546875 0.052083333333333336 0.025 0.043055555555555555
0 0.276171875 0.050694444444444445 0.02109375 0.043055555555555555
0 0.2953125 0.050694444444444445 0.01875 0.034722222222222224
0 0.312109375 0.049305555555555554 0.01953125 0.0375
0 0.33203125 0.04791666666666667 0.0234375 0.05138888888888889
0 0.353515625 0.04583333333333333 0.02421875 0.044444444444444446
0 0.3765625 0.04513888888888889 0.0203125 0.0375
0 0.39296875 0.05 0.025 0.044444444444444446
0 0.423046875 0.05 0.02265625 0.04722222222222222
0 0.446875 0.03888888888888889 0.01875 0.03888888888888889
0 0.46953125 0.04375 0.01875 0.04861111111111111
0 0.4875 0.041666666666666664 0.025 0.04722222222222222
0 0.509765625 0.03958333333333333 0.01796875 0.04861111111111111
0 0.534765625 0.035416666666666666 0.01953125 0.03194444444444444
0 0.554296875 0.03125 0.01640625 0.043055555555555555
0 0.5734375 0.03263888888888889 0.01875 0.04583333333333333
0 0.595703125 0.029166666666666667 0.02265625 0.03611111111111111
0 0.616796875 0.02638888888888889 0.01796875 0.041666666666666664
0 0.63828125 0.030555555555555555 0.021875 0.041666666666666664
0 0.6609375 0.02847222222222222 0.0203125 0.043055555555555555
0 0.683203125 0.025694444444444443 0.02265625 0.03194444444444444
0 0.70625 0.027777777777777776 0.01875 0.041666666666666664
0 0.728515625 0.025 0.02265625 0.044444444444444446
0 0.752734375 0.027083333333333334 0.02265625 0.04583333333333333
0 0.773828125 0.024305555555555556 0.01953125 0.04027777777777778
0 0.7953125 0.02361111111111111 0.0234375 0.03888888888888889
0 0.820703125 0.025694444444444443 0.02265625 0.04027777777777778
0 0.8421875 0.022222222222222223 0.0203125 0.041666666666666664
0 0.015625 0.1763888888888889 0.0296875 0.027777777777777776
0 0.021484375 0.15555555555555556 0.03671875 0.025
0 0.03046875 0.1375 0.034375 0.027777777777777776
0 0.03984375 0.12222222222222222 0.0328125 0.025
0 0.048828125 0.1076388888888889 0.03671875 0.02361111111111111
0 0.05859375 0.09166666666666666 0.0296875 0.025
0 0.06796875 0.07708333333333334 0.028125 0.02361111111111111
0 0.073828125 0.0625 0.02734375 0.027777777777777776
0 0.081640625 0.04791666666666667 0.03359375 0.029166666666666667
0 0.09375 0.035416666666666666 0.0296875 0.02638888888888889
0 0.1 0.021527777777777778 0.028125 0.02361111111111111
0 0.154296875 0.029861111111111113 0.02421875 0.029166666666666667
0 0.17265625 0.027083333333333334 0.01875 0.02638888888888889
0 0.190234375 0.022916666666666665 0.02265625 0.020833333333333332
0 0.210546875 0.019444444444444445 0.02421875 0.025
0 0.23125 0.02013888888888889 0.0171875 0.02638888888888889
0 0.248828125 0.020833333333333332 0.01953125 0.025
0 0.26640625 0.015277777777777777 0.0203125 0.030555555555555555
0 0.285546875 0.015277777777777777 0.01640625 0.030555555555555555
0 0.30234375 0.015277777777777777 0.0203125 0.030555555555555555
0 0.322265625 0.014583333333333334 0.02109375 0.029166666666666667
0 0.34375 0.011805555555555555 0.0171875 0.02361111111111111
0 0.36328125 0.011111111111111112 0.0203125 0.022222222222222223
0 0.38203125 0.013194444444444444 0.01875 0.02638888888888889
0 0.4015625 0.014583333333333334 0.01875 0.029166666666666667
0 0.433984375 0.014583333333333334 0.01953125 0.029166666666666667
0 0.453515625 0.009722222222222222 0.01796875 0.019444444444444445
0 0.4734375 0.009722222222222222 0.0171875 0.019444444444444445
0 0.493359375 0.009027777777777777 0.01484375 0.018055555555555554
0 0.514453125 0.007638888888888889 0.01953125 0.015277777777777777
0 0.534375 0.009027777777777777 0.01875 0.018055555555555554
0 0.864453125 0.01597222222222222 0.02421875 0.03194444444444444
0 0.109765625 0.010416666666666666 0.02734375 0.020833333333333332
0 0.011328125 0.06180555555555556 0.02265625 0.034722222222222224
0 0.008984375 0.03680555555555556 0.01796875 0.03194444444444444
0 0.95703125 0.9604166666666667 0.0640625 0.0763888888888889
0 0.930078125 0.8652777777777778 0.06640625 0.06666666666666667
