0 0.259765625 0.2902777777777778 0.03515625 0.06666666666666667
0 0.3109375 0.28888888888888886 0.0359375 0.06666666666666667
0 0.336328125 0.29097222222222224 0.03359375 0.0625
0 0.404296875 0.2881944444444444 0.02734375 0.059722222222222225
0 0.5609375 0.28194444444444444 0.025 0.05277777777777778
0 0.588671875 0.2826388888888889 0.02890625 0.059722222222222225
0 0.61796875 0.2826388888888889 0.025 0.059722222222222225
0 0.644140625 0.28125 0.02734375 0.05416666666666667
0 0.701171875 0.27847222222222223 0.02734375 0.05138888888888889
0 0.7609375 0.27708333333333335 0.028125 0.0625
0 0.78671875 0.27708333333333335 0.03125 0.05416666666666667
0 0.81640625 0.2743055555555556 0.0359375 0.0625
0 0.249609375 0.4013888888888889 0.03828125 0.06388888888888888
0 0.465234375 0.39652777777777776 0.03515625 0.0625
0 0.553125 0.3951388888888889 0.0296875 0.06805555555555555
0 0.647265625 0.3888888888888889 0.03046875 0.07222222222222222
0 0.67890625 0.39375 0.03125 0.07361111111111111
0 0.806640625 0.3909722222222222 0.03359375 0.07083333333333333
0 0.176171875 0.4618055555555556 0.03671875 0.07916666666666666
0 0.205078125 0.4638888888888889 0.04453125 0.08055555555555556
0 0.291015625 0.4652777777777778 0.03671875 0.08055555555555556
0 0.3671875 0.4666666666666667 0.0421875 0.08333333333333333
0 0.39453125 0.46805555555555556 0.0375 0.07777777777777778
0 0.456640625 0.46805555555555556 0.03046875 0.075
0 0.48984375 0.46805555555555556 0.0328125 0.075
0 0.51875 0.46875 0.0328125 0.07083333333333333
0 0.55234375 0.46597222222222223 0.0265625 0.07083333333333333
0 0.582421875 0.4673611111111111 0.03203125 0.07083333333333333
0 0.613671875 0.4666666666666667 0.02890625 0.07222222222222222
0 0.646875 0.4638888888888889 0.03125 0.07222222222222222
0 0.68046875 0.4673611111111111 0.03125 0.07083333333333333
0 0.71171875 0.4652777777777778 0.0359375 0.06666666666666667
0 0.74609375 0.46597222222222223 0.0328125 0.07361111111111111
0 0.77890625 0.46319444444444446 0.0390625 0.07361111111111111
0 0.1515625 0.6180555555555556 0.0453125 0.07777777777777778
0 0.187109375 0.61875 0.04453125 0.07916666666666666
0 0.2515625 0.6222222222222222 0.0421875 0.075
0 0.30234375 0.61875 0.0390625 0.07083333333333333
0 0.33671875 0.6166666666666667 0.040625 0.07777777777777778
0 0.405078125 0.6201388888888889 0.04140625 0.07916666666666666
0 0.438671875 0.6236111111111111 0.04140625 0.08055555555555556
0 0.47109375 0.6222222222222222 0.0359375 0.08055555555555556
0 0.506640625 0.6243055555555556 0.03671875 0.0875
0 0.54140625 0.6208333333333333 0.0375 0.07777777777777778
0 0.57890625 0.6222222222222222 0.0359375 0.08611111111111111
0 0.6140625 0.6201388888888889 0.0359375 0.08194444444444444
0 0.689453125 0.6277777777777778 0.04140625 0.08333333333333333
0 0.7265625 0.6256944444444444 0.0421875 0.08194444444444444
0 0.7640625 0.625 0.040625 0.08888888888888889
0 0.801171875 0.6277777777777778 0.04453125 0.09166666666666666
0 0.837109375 0.6236111111111111 0.04140625 0.08888888888888889
0 0.875 0.6215277777777778 0.0484375 0.0875
0 0.059375 0.7333333333333333 0.053125 0.075
0 0.095703125 0.7368055555555556 0.05546875 0.08472222222222223
0 0.1375 0.7388888888888889 0.0546875 0.08611111111111111
0 0.25703125 0.7368055555555556 0.053125 0.0875
0 0.300390625 0.7354166666666667 0.05234375 0.07916666666666666
0 0.429296875 0.7409722222222223 0.04921875 0.08194444444444444
0 0.470703125 0.7444444444444445 0.04140625 0.08611111111111111
0 0.02421875 0.7305555555555555 0.04375 0.09444444444444444
0 0.244921875 0.9416666666666667 0.04921875 0.08611111111111111
0 0.295703125 0.9430555555555555 0.03984375 0.08611111111111111
0 0.441796875 0.9430555555555555 0.03203125 0.08888888888888889
0 0.5984375 0.7333333333333333 0.0375 0.1111111111111111
0 0.729296875 0.7263888888888889 0.03671875 0.1
0 0.831640625 0.7430555555555556 0.04453125 0.10833333333333334
0 0.901171875 0.7402777777777778 0.07109375 0.06111111111111111
0 0.923828125 0.3263888888888889 0.03828125 0.07777777777777778
0 0.09140625 0.6152777777777778 0.0453125 0.08611111111111111
0 0.059765625 0.6159722222222223 0.04140625 0.09583333333333334
0 0.030078125 0.6111111111111112 0.04453125 0.09166666666666666
0 0.08515625 0.41041666666666665 0.040625 0.07083333333333333
0 0.22109375 0.2465277777777778 0.034375 0.0625
0 0.32109375 0.23958333333333334 0.03125 0.05416666666666667
0 0.387109375 0.24375 0.02421875 0.05694444444444444
0 0.46015625 0.24166666666666667 0.0296875 0.06944444444444445
0 0.56328125 0.23680555555555555 0.025 0.05694444444444444
0 0.615234375 0.23125 0.01953125 0.05416666666666667
0 0.780078125 0.225 0.02890625 0.058333333333333334
0 0.81171875 0.22569444444444445 0.021875 0.04861111111111111
0 0.691015625 0.1423611111111111 0.02578125 0.04583333333333333
0 0.641015625 0.14583333333333334 0.02265625 0.05
0 0.591796875 0.13958333333333334 0.02109375 0.05694444444444444
0 0.544921875 0.14583333333333334 0.02421875 0.05277777777777778
0 0.521484375 0.14305555555555555 0.02109375 0.05277777777777778
0 0.494921875 0.14930555555555555 0.02421875 0.05416666666666667
0 0.5484375 0.10416666666666667 0.01875 0.041666666666666664
0 0.73515625 0.09444444444444444 0.025 0.05555555555555555
0 0.78515625 0.09652777777777778 0.025 0.05138888888888889
0 0.794921875 0.025 0.02578125 0.03888888888888889
0 0.751171875 0.024305555555555556 0.02109375 0.0375
0 0.663671875 0.027083333333333334 0.02109375 0.043055555555555555
0 0.637109375 0.027777777777777776 0.02421875 0.04722222222222222
0 0.5953125 0.029861111111111113 0.021875 0.05138888888888889
0 0.533203125 0.034722222222222224 0.02265625 0.04722222222222222
0 0.46875 0.04097222222222222 0.0234375 0.04861111111111111
0 0.48046875 0.10277777777777777 0.021875 0.058333333333333334
0 0.5046875 0.10833333333333334 0.015625 0.04722222222222222
0 0.45859375 0.11180555555555556 0.0203125 0.043055555555555555
0 0.44765625 0.15 0.0203125 0.05555555555555555
0 0.35546875 0.11736111111111111 0.0234375 0.05138888888888889
0 0.355859375 0.04722222222222222 0.02265625 0.04722222222222222
0 0.428515625 0.04652777777777778 0.02421875 0.04583333333333333
0 0.23515625 0.15833333333333333 0.03125 0.05277777777777778
0 0.2375 0.05486111111111111 0.0234375 0.04583333333333333
0 0.18046875 0.0625 0.025 0.03888888888888889
0 0.141015625 0.06319444444444444 0.02734375 0.043055555555555555
0 0.0734375 0.06388888888888888 0.034375 0.027777777777777776
0 0.056640625 0.09375 0.03515625 0.029166666666666667
0 0.0375 0.125 0.0421875 0.027777777777777776
0 0.025390625 0.14305555555555555 0.03828125 0.030555555555555555
0 0.017578125 0.3 0.03046875 0.06111111111111111
0 0.041015625 0.2986111111111111 0.03203125 0.06666666666666667
0 0.06484375 0.29791666666666666 0.034375 0.05416666666666667
0 0.0640625 0.24722222222222223 0.028125 0.04722222222222222
0 0.086328125 0.2520833333333333 0.03515625 0.04861111111111111
0 0.13359375 0.24166666666666667 0.040625 0.06944444444444445
0 0.401953125 0.020833333333333332 0.02265625 0.03611111111111111
0 0.949609375 0.46041666666666664 0.04296875 0.07916666666666666
0 0.95546875 0.9708333333333333 0.0578125 0.05555555555555555
0 0.702734375 0.009722222222222222 0.02109375 0.019444444444444445
0 0.494921875 0.016666666666666666 0.01953125 0.03333333333333333
0 0.433203125 0.0125 0.02421875 0.025
0 0.1453125 0.12708333333333333 0.028125 0.034722222222222224
0 0.126171875 0.125 0.02265625 0.044444444444444446
0 0.10546875 0.12708333333333333 0.028125 0.0375
0 0.0859375 0.16458333333333333 0.028125 0.04583333333333333
0 0.1046875 0.1673611111111111 0.0265625 0.04861111111111111
0 0.130078125 0.1625 0.03046875 0.044444444444444446
0 0.5421875 0.95625 0.0390625 0.08472222222222223
