0 0.23515625 0.2881944444444444 0.0359375 0.0625
0 0.259765625 0.2902777777777778 0.03515625 0.06666666666666667
0 0.286328125 0.2902777777777778 0.03359375 0.06666666666666667
0 0.3109375 0.28888888888888886 0.0359375 0.06666666666666667
0 0.336328125 0.29097222222222224 0.03359375 0.0625
0 0.3765625 0.2875 0.0328125 0.06388888888888888
0 0.404296875 0.2881944444444444 0.02734375 0.059722222222222225
0 0.430078125 0.2902777777777778 0.02578125 0.06388888888888888
0 0.4546875 0.2875 0.0265625 0.06388888888888888
0 0.48125 0.28888888888888886 0.028125 0.06111111111111111
0 0.50625 0.28680555555555554 0.025 0.05416666666666667
0 0.5328125 0.28680555555555554 0.0265625 0.05694444444444444
0 0.5609375 0.28194444444444444 0.025 0.05277777777777778
0 0.588671875 0.2826388888888889 0.02890625 0.059722222222222225
0 0.61796875 0.2826388888888889 0.025 0.059722222222222225
0 0.644140625 0.28125 0.02734375 0.05416666666666667
0 0.673046875 0.28125 0.02734375 0.05416666666666667
0 0.701171875 0.27847222222222223 0.02734375 0.05138888888888889
0 0.731640625 0.28055555555555556 0.03046875 0.05555555555555555
0 0.81640625 0.2743055555555556 0.0359375 0.0625
0 0.19765625 0.40069444444444446 0.0421875 0.059722222222222225
0 0.223046875 0.3993055555555556 0.04140625 0.0625
0 0.249609375 0.4013888888888889 0.03828125 0.06388888888888888
0 0.281640625 0.4013888888888889 0.03984375 0.058333333333333334
0 0.312890625 0.4027777777777778 0.03671875 0.06111111111111111
0 0.350390625 0.40208333333333335 0.03515625 0.05694444444444444
0 0.375390625 0.4013888888888889 0.03515625 0.06111111111111111
0 0.409765625 0.3958333333333333 0.03359375 0.058333333333333334
0 0.436328125 0.39791666666666664 0.03359375 0.05694444444444444
0 0.465234375 0.39652777777777776 0.03515625 0.0625
0 0.495703125 0.3958333333333333 0.03203125 0.06111111111111111
0 0.521875 0.39652777777777776 0.03125 0.059722222222222225
0 0.553125 0.3951388888888889 0.0296875 0.06805555555555555
0 0.58359375 0.39652777777777776 0.0296875 0.059722222222222225
0 0.61328125 0.39305555555555555 0.034375 0.06388888888888888
0 0.176171875 0.4618055555555556 0.03671875 0.07916666666666666
0 0.205078125 0.4638888888888889 0.04453125 0.08055555555555556
0 0.232421875 0.4597222222222222 0.03984375 0.08333333333333333
0 0.26015625 0.4673611111111111 0.040625 0.07916666666666666
0 0.291015625 0.4652777777777778 0.03671875 0.08055555555555556
0 0.335546875 0.46875 0.03046875 0.08472222222222223
0 0.3671875 0.4666666666666667 0.0421875 0.08333333333333333
0 0.39453125 0.46805555555555556 0.0375 0.07777777777777778
0 0.42734375 0.4638888888888889 0.0375 0.08333333333333333
0 0.456640625 0.46805555555555556 0.03046875 0.075
0 0.48984375 0.46805555555555556 0.0328125 0.075
0 0.51875 0.46875 0.0328125 0.07083333333333333
0 0.55234375 0.46597222222222223 0.0265625 0.07083333333333333
0 0.582421875 0.4673611111111111 0.03203125 0.07083333333333333
0 0.646875 0.4638888888888889 0.03125 0.07222222222222222
0 0.68046875 0.4673611111111111 0.03125 0.07083333333333333
0 0.74609375 0.46597222222222223 0.0328125 0.07361111111111111
0 0.812109375 0.46597222222222223 0.03515625 0.06805555555555555
0 0.8484375 0.4597222222222222 0.0421875 0.075
0 0.121875 0.6152777777777778 0.0453125 0.08333333333333333
0 0.1515625 0.6180555555555556 0.0453125 0.07777777777777778
0 0.187109375 0.61875 0.04453125 0.07916666666666666
0 0.219140625 0.6166666666666667 0.04140625 0.07777777777777778
0 0.2515625 0.6222222222222222 0.0421875 0.075
0 0.30234375 0.61875 0.0390625 0.07083333333333333
0 0.33671875 0.6166666666666667 0.040625 0.07777777777777778
0 0.37265625 0.6201388888888889 0.0484375 0.08472222222222223
0 0.405078125 0.6201388888888889 0.04140625 0.07916666666666666
0 0.438671875 0.6236111111111111 0.04140625 0.08055555555555556
0 0.47109375 0.6222222222222222 0.0359375 0.08055555555555556
0 0.506640625 0.6243055555555556 0.03671875 0.0875
0 0.57890625 0.6222222222222222 0.0359375 0.08611111111111111
0 0.6140625 0.6201388888888889 0.0359375 0.08194444444444444
0 0.689453125 0.6277777777777778 0.04140625 0.08333333333333333
0 0.7265625 0.6256944444444444 0.0421875 0.08194444444444444
0 0.801171875 0.6277777777777778 0.04453125 0.09166666666666666
0 0.875 0.6215277777777778 0.0484375 0.0875
0 0.119921875 0.9305555555555556 0.05234375 0.1111111111111111
0 0.721484375 0.7298611111111111 0.03828125 0.10694444444444444
0 0.91171875 0.7923611111111111 0.0765625 0.06805555555555555
0 0.929296875 0.8506944444444444 0.08046875 0.059722222222222225
0 0.65859375 0.5444444444444444 0.04375 0.08055555555555556
0 0.0953125 0.60625 0.0578125 0.09861111111111111
0 0.065234375 0.6104166666666667 0.03671875 0.08472222222222223
0 0.035546875 0.6076388888888888 0.04765625 0.10138888888888889
0 0.012109375 0.60625 0.02265625 0.07083333333333333
0 0.146875 0.4666666666666667 0.0390625 0.07777777777777778
0 0.121484375 0.4618055555555556 0.03515625 0.06805555555555555
0 0.09375 0.4583333333333333 0.034375 0.075
0 0.06796875 0.46041666666666664 0.0421875 0.07916666666666666
0 0.04140625 0.4638888888888889 0.0359375 0.07222222222222222
0 0.016015625 0.46319444444444446 0.02890625 0.06527777777777778
0 0.01640625 0.3972222222222222 0.028125 0.05
0 0.04140625 0.39791666666666664 0.03125 0.05416666666666667
0 0.069140625 0.3909722222222222 0.03828125 0.0625
0 0.090625 0.39791666666666664 0.0296875 0.04861111111111111
0 0.1171875 0.3958333333333333 0.03125 0.05277777777777778
0 0.14453125 0.4 0.0328125 0.06111111111111111
0 0.16796875 0.39861111111111114 0.034375 0.05277777777777778
0 0.808984375 0.2152777777777778 0.02734375 0.04722222222222222
0 0.751171875 0.22291666666666668 0.03046875 0.06805555555555555
0 0.725 0.22152777777777777 0.0265625 0.06527777777777778
0 0.694140625 0.22013888888888888 0.03203125 0.0625
0 0.64453125 0.22291666666666668 0.025 0.05694444444444444
0 0.6171875 0.22708333333333333 0.025 0.0625
0 0.5890625 0.2263888888888889 0.025 0.05277777777777778
0 0.5609375 0.22361111111111112 0.025 0.04722222222222222
0 0.534765625 0.22361111111111112 0.02265625 0.06666666666666667
0 0.509765625 0.23055555555555557 0.02734375 0.058333333333333334
0 0.484765625 0.22916666666666666 0.02421875 0.058333333333333334
0 0.4625 0.23055555555555557 0.01875 0.05555555555555555
0 0.437109375 0.22916666666666666 0.02890625 0.058333333333333334
0 0.4125 0.23680555555555555 0.0234375 0.043055555555555555
0 0.385546875 0.23541666666666666 0.02578125 0.059722222222222225
0 0.350390625 0.2361111111111111 0.02578125 0.05277777777777778
0 0.324609375 0.23541666666666666 0.02421875 0.05416666666666667
0 0.2984375 0.2361111111111111 0.028125 0.05277777777777778
0 0.2734375 0.2361111111111111 0.025 0.05277777777777778
0 0.246875 0.24027777777777778 0.025 0.05277777777777778
0 0.2265625 0.23958333333333334 0.028125 0.05416666666666667
0 0.20859375 0.29097222222222224 0.0296875 0.059722222222222225
0 0.1828125 0.2916666666666667 0.03125 0.06666666666666667
0 0.162890625 0.2881944444444444 0.03203125 0.0625
0 0.177734375 0.23819444444444443 0.02734375 0.04583333333333333
0 0.201171875 0.24027777777777778 0.02890625 0.05
0 0.152734375 0.2423611111111111 0.02890625 0.05138888888888889
0 0.135546875 0.24305555555555555 0.02734375 0.05
0 0.112109375 0.24513888888888888 0.03203125 0.04583333333333333
0 0.09140625 0.2465277777777778 0.034375 0.04583333333333333
0 0.10859375 0.22361111111111112 0.0 0.0
0 0.08828125 0.29583333333333334 0.0359375 0.06666666666666667
0 0.1125 0.29444444444444445 0.03125 0.06111111111111111
0 0.1375 0.2916666666666667 0.0265625 0.05555555555555555
0 0.06875 0.29583333333333334 0.03125 0.05
0 0.043359375 0.2986111111111111 0.03359375 0.06666666666666667
0 0.023046875 0.29305555555555557 0.02890625 0.058333333333333334
0 0.044140625 0.25069444444444444 0.02890625 0.0375
0 0.06875 0.24583333333333332 0.0296875 0.04722222222222222
0 0.087890625 0.16875 0.02734375 0.05416666666666667
0 0.11015625 0.16527777777777777 0.0265625 0.04722222222222222
0 0.127734375 0.1638888888888889 0.02421875 0.05
0 0.148828125 0.16319444444444445 0.02578125 0.05416666666666667
0 0.171484375 0.1625 0.02265625 0.044444444444444446
0 0.190625 0.15763888888888888 0.028125 0.05138888888888889
0 0.21328125 0.15625 0.021875 0.04583333333333333
0 0.235546875 0.15347222222222223 0.02109375 0.05138888888888889
0 0.256640625 0.15486111111111112 0.03046875 0.05138888888888889
0 0.278125 0.15416666666666667 0.025 0.058333333333333334
0 0.290625 0.125 0.0 0.0
0 0.3 0.15347222222222223 0.0203125 0.05138888888888889
0 0.32421875 0.15625 0.0265625 0.04861111111111111
0 0.344921875 0.15208333333333332 0.02421875 0.04861111111111111
0 0.37109375 0.15 0.0234375 0.04722222222222222
0 0.404296875 0.14930555555555555 0.02109375 0.05416666666666667
0 0.425 0.14930555555555555 0.025 0.059722222222222225
0 0.4515625 0.15138888888888888 0.0234375 0.03888888888888889
0 0.47421875 0.14652777777777778 0.021875 0.04583333333333333
0 0.497265625 0.14583333333333334 0.02265625 0.04722222222222222
0 0.522265625 0.14375 0.02578125 0.05694444444444444
0 0.543359375 0.1423611111111111 0.02421875 0.05694444444444444
0 0.56875 0.14166666666666666 0.0203125 0.04722222222222222
0 0.59296875 0.13819444444444445 0.0234375 0.05416666666666667
0 0.618359375 0.13680555555555557 0.02109375 0.05416666666666667
0 0.642578125 0.14027777777777778 0.02109375 0.058333333333333334
0 0.687109375 0.1388888888888889 0.02265625 0.06111111111111111
0 0.715234375 0.13819444444444445 0.02421875 0.0625
0 0.73046875 0.15902777777777777 0.0 0.001388888888888889
0 0.74296875 0.13680555555555557 0.025 0.04583333333333333
0 0.78671875 0.1 0.021875 0.05277777777777778
0 0.7625 0.09722222222222222 0.0234375 0.044444444444444446
0 0.7375 0.09513888888888888 0.0234375 0.05138888888888889
0 0.7109375 0.09236111111111112 0.0234375 0.0375
0 0.68515625 0.09791666666666667 0.01875 0.034722222222222224
0 0.662890625 0.10069444444444445 0.01796875 0.04583333333333333
0 0.640234375 0.10138888888888889 0.01796875 0.041666666666666664
0 0.619140625 0.09652777777777778 0.01796875 0.034722222222222224
0 0.59296875 0.09722222222222222 0.021875 0.044444444444444446
0 0.569921875 0.10069444444444445 0.02109375 0.05138888888888889
0 0.54765625 0.09722222222222222 0.0171875 0.044444444444444446
0 0.52421875 0.10486111111111111 0.0171875 0.034722222222222224
0 0.50078125 0.10555555555555556 0.0203125 0.03333333333333333
0 0.48046875 0.10208333333333333 0.0203125 0.043055555555555555
0 0.45859375 0.11041666666666666 0.0203125 0.043055555555555555
0 0.434375 0.11319444444444444 0.0203125 0.0375
0 0.411328125 0.1111111111111111 0.02421875 0.030555555555555555
0 0.38125 0.10902777777777778 0.0234375 0.034722222222222224
0 0.351171875 0.11597222222222223 0.02890625 0.0375
0 0.3328125 0.11458333333333333 0.0265625 0.034722222222222224
0 0.312109375 0.11388888888888889 0.02421875 0.03888888888888889
0 0.29375 0.11319444444444444 0.025 0.04027777777777778
0 0.269140625 0.11736111111111111 0.02421875 0.029166666666666667
0 0.24765625 0.11458333333333333 0.0328125 0.0375
0 0.23125 0.11736111111111111 0.0234375 0.034722222222222224
0 0.208203125 0.11805555555555555 0.02734375 0.041666666666666664
0 0.189453125 0.12361111111111112 0.02734375 0.03888888888888889
0 0.16953125 0.12291666666666666 0.0265625 0.0375
0 0.1515625 0.12430555555555556 0.0234375 0.04027777777777778
0 0.128125 0.1284722222222222 0.025 0.034722222222222224
0 0.108203125 0.13055555555555556 0.03046875 0.03888888888888889
0 0.016015625 0.17569444444444443 0.02734375 0.03194444444444444
0 0.025390625 0.15555555555555556 0.03359375 0.022222222222222223
0 0.034765625 0.13958333333333334 0.03203125 0.02361111111111111
0 0.04140625 0.12777777777777777 0.0375 0.025
0 0.05 0.10694444444444444 0.03125 0.022222222222222223
0 0.06015625 0.09027777777777778 0.034375 0.027777777777777776
0 0.06875 0.0763888888888889 0.034375 0.03333333333333333
0 0.078515625 0.059027777777777776 0.03046875 0.02638888888888889
0 0.083984375 0.04861111111111111 0.03671875 0.025
0 0.094921875 0.03194444444444444 0.03203125 0.027777777777777776
0 0.14140625 0.06388888888888888 0.025 0.04722222222222222
0 0.1609375 0.0625 0.021875 0.03888888888888889
0 0.180078125 0.05694444444444444 0.02421875 0.044444444444444446
0 0.199609375 0.05763888888888889 0.02421875 0.043055555555555555
0 0.216796875 0.05416666666666667 0.01796875 0.05
0 0.2359375 0.04791666666666667 0.0234375 0.04583333333333333
0 0.252734375 0.05277777777777778 0.02421875 0.05
0 0.275390625 0.050694444444444445 0.02265625 0.04583333333333333
0 0.294140625 0.04791666666666667 0.02421875 0.043055555555555555
0 0.314453125 0.04861111111111111 0.02109375 0.05
0 0.335546875 0.04791666666666667 0.01953125 0.043055555555555555
0 0.3515625 0.05 0.025 0.05
0 0.374609375 0.04375 0.02265625 0.04861111111111111
0 0.397265625 0.04791666666666667 0.01953125 0.04583333333333333
0 0.425 0.04513888888888889 0.01875 0.043055555555555555
0 0.448046875 0.04027777777777778 0.01953125 0.044444444444444446
0 0.46875 0.04861111111111111 0.021875 0.04722222222222222
0 0.48984375 0.04513888888888889 0.0203125 0.04027777777777778
0 0.509765625 0.0375 0.01953125 0.05
0 0.52890625 0.03819444444444445 0.01875 0.043055555555555555
0 0.5515625 0.034722222222222224 0.0203125 0.044444444444444446
0 0.573828125 0.03263888888888889 0.01953125 0.05138888888888889
0 0.594921875 0.035416666666666666 0.02109375 0.043055555555555555
0 0.6171875 0.029861111111111113 0.01875 0.034722222222222224
0 0.641015625 0.03125 0.01484375 0.05416666666666667
0 0.66171875 0.027777777777777776 0.0203125 0.044444444444444446
0 0.683984375 0.029166666666666667 0.01640625 0.041666666666666664
0 0.70546875 0.029166666666666667 0.015625 0.03888888888888889
0 0.72578125 0.03194444444444444 0.0203125 0.04722222222222222
0 0.749609375 0.025694444444444443 0.01796875 0.043055555555555555
0 0.773828125 0.025 0.01953125 0.044444444444444446
0 0.792578125 0.025694444444444443 0.01953125 0.043055555555555555
0 0.81796875 0.022916666666666665 0.0171875 0.0375
0 0.84296875 0.021527777777777778 0.021875 0.0375
0 0.15625 0.025 0.0234375 0.027777777777777776
0 0.175390625 0.025 0.01953125 0.03333333333333333
0 0.191796875 0.024305555555555556 0.01640625 0.029166666666666667
0 0.208203125 0.021527777777777778 0.01953125 0.03194444444444444
0 0.228125 0.019444444444444445 0.0109375 0.03333333333333333
0 0.24765625 0.018055555555555554 0.0171875 0.027777777777777776
0 0.862109375 0.019444444444444445 0.02421875 0.03888888888888889
0 0.103515625 0.021527777777777778 0.03203125 0.03194444444444444
0 0.110546875 0.011111111111111112 0.03203125 0.022222222222222223
0 0.00703125 0.1909722222222222 0.0140625 0.03194444444444444
0 0.266796875 0.01597222222222222 0.01953125 0.03194444444444444
0 0.2859375 0.016666666666666666 0.0203125 0.03333333333333333
0 0.304296875 0.015277777777777777 0.02109375 0.030555555555555555
0 0.326171875 0.014583333333333334 0.01953125 0.029166666666666667
0 0.344140625 0.014583333333333334 0.01953125 0.029166666666666667
0 0.362890625 0.016666666666666666 0.02109375 0.03333333333333333
0 0.382421875 0.011805555555555555 0.01796875 0.02361111111111111
0 0.40234375 0.015277777777777777 0.0171875 0.030555555555555555
0 0.43203125 0.014583333333333334 0.0171875 0.029166666666666667
0 0.4515625 0.011111111111111112 0.01875 0.022222222222222223
0 0.4703125 0.013888888888888888 0.0171875 0.027777777777777776
0 0.49296875 0.0125 0.015625 0.025
0 0.514453125 0.011111111111111112 0.01953125 0.022222222222222223
0 0.53515625 0.011805555555555555 0.0171875 0.02361111111111111
