0 0.259765625 0.7333333333333333 0.05703125 0.11666666666666667
0 0.298046875 0.7291666666666666 0.03671875 0.09166666666666666
0 0.46640625 0.7333333333333333 0.040625 0.10833333333333334
0 0.507421875 0.7305555555555555 0.03203125 0.1
0 0.59296875 0.7319444444444444 0.0359375 0.10833333333333334
0 0.72734375 0.7319444444444444 0.0328125 0.1111111111111111
0 0.77890625 0.7347222222222223 0.0484375 0.10833333333333334
0 0.827734375 0.7375 0.03984375 0.10833333333333334
0 0.74921875 0.9326388888888889 0.0375 0.10416666666666667
0 0.702734375 0.9458333333333333 0.03671875 0.08333333333333333
0 0.545703125 0.9416666666666667 0.03828125 0.09166666666666666
0 0.4984375 0.95 0.0375 0.08611111111111111
0 0.44609375 0.9381944444444444 0.0296875 0.09305555555555556
0 0.39921875 0.9444444444444444 0.034375 0.08055555555555556
0 0.253515625 0.9381944444444444 0.04453125 0.08472222222222223
0 0.160546875 0.9375 0.04453125 0.09166666666666666
0 0.1125 0.9347222222222222 0.0390625 0.1
0 0.02890625 0.7243055555555555 0.05625 0.09861111111111111
0 0.137890625 0.725 0.04453125 0.10833333333333334
0 0.1796875 0.7215277777777778 0.0421875 0.09861111111111111
0 0.88203125 0.6305555555555555 0.04375 0.08888888888888889
0 0.900390625 0.7333333333333333 0.07734375 0.05277777777777778
0 0.919140625 0.7923611111111111 0.08046875 0.059722222222222225
0 0.92734375 0.8576388888888888 0.0828125 0.06527777777777778
0 0.94765625 0.9326388888888889 0.0609375 0.0875
0 0.842578125 0.6256944444444444 0.04140625 0.10138888888888889
0 0.8015625 0.6263888888888889 0.0390625 0.1111111111111111
0 0.763671875 0.6277777777777778 0.03984375 0.1
0 0.72578125 0.63125 0.0390625 0.09305555555555556
0 0.690625 0.6263888888888889 0.028125 0.09722222222222222
0 0.652734375 0.6277777777777778 0.03515625 0.09722222222222222
0 0.616796875 0.6222222222222222 0.03359375 0.10555555555555556
0 0.57734375 0.6215277777777778 0.0328125 0.09027777777777778
0 0.544140625 0.625 0.02734375 0.08333333333333333
0 0.5078125 0.6194444444444445 0.025 0.09444444444444444
0 0.4734375 0.6243055555555556 0.0328125 0.09027777777777778
0 0.436328125 0.6243055555555556 0.03359375 0.0875
0 0.403515625 0.625 0.03515625 0.08333333333333333
0 0.370703125 0.6229166666666667 0.03671875 0.09861111111111111
0 0.33515625 0.6284722222222222 0.0375 0.08472222222222223
0 0.3015625 0.6215277777777778 0.0375 0.07916666666666666
0 0.255859375 0.6229166666666667 0.03984375 0.08472222222222223
0 0.21953125 0.6229166666666667 0.0375 0.08472222222222223
0 0.186328125 0.6215277777777778 0.04296875 0.08194444444444444
0 0.15390625 0.6194444444444445 0.0375 0.08888888888888889
0 0.122265625 0.6236111111111111 0.03984375 0.08333333333333333
0 0.095703125 0.6166666666666667 0.04296875 0.08333333333333333
0 0.066015625 0.6159722222222223 0.04140625 0.09027777777777778
0 0.03515625 0.6159722222222223 0.0421875 0.07916666666666666
0 0.013671875 0.6118055555555556 0.02421875 0.08472222222222223
0 0.849609375 0.4701388888888889 0.03984375 0.08194444444444444
0 0.980859375 0.60625 0.03359375 0.09027777777777778
0 0.953515625 0.4527777777777778 0.03671875 0.08888888888888889
0 0.8140625 0.46319444444444446 0.0359375 0.0625
0 0.778515625 0.4625 0.03203125 0.08333333333333333
0 0.74375 0.46111111111111114 0.0296875 0.08055555555555556
0 0.71015625 0.4625 0.03125 0.07777777777777778
0 0.6796875 0.46111111111111114 0.03125 0.06944444444444445
0 0.64765625 0.45694444444444443 0.028125 0.07777777777777778
0 0.615234375 0.46111111111111114 0.02734375 0.075
0 0.582421875 0.4597222222222222 0.02890625 0.075
0 0.551953125 0.46111111111111114 0.02890625 0.07222222222222222
0 0.5203125 0.4597222222222222 0.0265625 0.06666666666666667
0 0.490234375 0.4597222222222222 0.02734375 0.07222222222222222
0 0.458984375 0.4618055555555556 0.02890625 0.07361111111111111
0 0.428125 0.46319444444444446 0.028125 0.0763888888888889
0 0.398828125 0.4597222222222222 0.03046875 0.075
0 0.36953125 0.46597222222222223 0.034375 0.07361111111111111
0 0.336328125 0.46111111111111114 0.03359375 0.08055555555555556
0 0.294921875 0.4638888888888889 0.03515625 0.07777777777777778
0 0.26640625 0.46458333333333335 0.0328125 0.07083333333333333
0 0.232421875 0.4652777777777778 0.03984375 0.07777777777777778
0 0.201953125 0.4673611111111111 0.03671875 0.06805555555555555
0 0.17578125 0.4638888888888889 0.0328125 0.07222222222222222
0 0.146875 0.4618055555555556 0.0390625 0.07361111111111111
0 0.11875 0.4625 0.03125 0.06388888888888888
0 0.093359375 0.4652777777777778 0.03828125 0.06944444444444445
0 0.068359375 0.46319444444444446 0.03984375 0.07083333333333333
0 0.040234375 0.46458333333333335 0.03828125 0.06527777777777778
0 0.015234375 0.45902777777777776 0.03046875 0.0625
0 0.709765625 0.39305555555555555 0.02890625 0.05277777777777778
0 0.67890625 0.39166666666666666 0.028125 0.075
0 0.6171875 0.3958333333333333 0.028125 0.058333333333333334
0 0.587890625 0.3951388888888889 0.02578125 0.07361111111111111
0 0.555859375 0.39652777777777776 0.02890625 0.06805555555555555
0 0.525 0.3972222222222222 0.0296875 0.07222222222222222
0 0.462890625 0.4048611111111111 0.03046875 0.06805555555555555
0 0.434765625 0.3958333333333333 0.03203125 0.075
0 0.383203125 0.4027777777777778 0.03515625 0.06111111111111111
0 0.351171875 0.4 0.03203125 0.058333333333333334
0 0.309375 0.40347222222222223 0.0328125 0.05694444444444444
0 0.278125 0.4 0.0359375 0.06111111111111111
0 0.2203125 0.4013888888888889 0.034375 0.06388888888888888
0 0.194921875 0.39791666666666664 0.03359375 0.06527777777777778
0 0.143359375 0.4013888888888889 0.03671875 0.06111111111111111
0 0.11953125 0.4027777777777778 0.0375 0.05555555555555555
0 0.0921875 0.4013888888888889 0.0328125 0.05555555555555555
0 0.0671875 0.40069444444444446 0.0390625 0.05138888888888889
0 0.038671875 0.4048611111111111 0.03515625 0.05694444444444444
0 0.018359375 0.4 0.03046875 0.05555555555555555
0 0.816796875 0.27569444444444446 0.03203125 0.07083333333333333
0 0.78984375 0.2777777777777778 0.03125 0.07777777777777778
0 0.759765625 0.27708333333333335 0.02578125 0.06527777777777778
0 0.728515625 0.27708333333333335 0.03046875 0.059722222222222225
0 0.673046875 0.2791666666666667 0.03046875 0.06388888888888888
0 0.618359375 0.28402777777777777 0.03359375 0.07361111111111111
0 0.590234375 0.23055555555555557 0.02578125 0.058333333333333334
0 0.56171875 0.2777777777777778 0.025 0.06944444444444445
0 0.509375 0.2826388888888889 0.0234375 0.06805555555555555
0 0.48828125 0.2326388888888889 0.0265625 0.0625
0 0.431640625 0.2875 0.02890625 0.058333333333333334
0 0.403515625 0.29444444444444445 0.03046875 0.06388888888888888
0 0.3796875 0.2916666666666667 0.03125 0.06388888888888888
0 0.384375 0.24166666666666667 0.0296875 0.05555555555555555
0 0.338671875 0.28958333333333336 0.02890625 0.0625
0 0.30859375 0.29375 0.0328125 0.06527777777777778
0 0.283203125 0.2875 0.03046875 0.06388888888888888
0 0.258984375 0.28958333333333336 0.03359375 0.0625
0 0.21484375 0.29375 0.0296875 0.05694444444444444
0 0.18359375 0.29583333333333334 0.03125 0.06111111111111111
0 0.177734375 0.24513888888888888 0.03359375 0.05416666666666667
0 0.1390625 0.29305555555555557 0.0296875 0.06111111111111111
0 0.134375 0.24513888888888888 0.03125 0.04861111111111111
0 0.11484375 0.2972222222222222 0.0265625 0.05
0 0.090234375 0.29097222222222224 0.03671875 0.0625
0 0.06875 0.2965277777777778 0.0296875 0.05138888888888889
0 0.04453125 0.2965277777777778 0.03125 0.05138888888888889
0 0.0203125 0.29375 0.034375 0.05416666666666667
0 0.0421875 0.24861111111111112 0.03125 0.04722222222222222
0 0.0671875 0.2513888888888889 0.0328125 0.044444444444444446
0 0.769140625 0.13194444444444445 0.02421875 0.06111111111111111
0 0.71875 0.13125 0.0234375 0.059722222222222225
0 0.6671875 0.1375 0.025 0.05
0 0.641796875 0.1388888888888889 0.02265625 0.05555555555555555
0 0.6140625 0.13958333333333334 0.025 0.05416666666666667
0 0.61875 0.09652777777777778 0.0203125 0.04861111111111111
0 0.403125 0.15763888888888888 0.021875 0.04027777777777778
0 0.414453125 0.11527777777777778 0.02109375 0.041666666666666664
0 0.380859375 0.11458333333333333 0.02265625 0.04861111111111111
0 0.373828125 0.15416666666666667 0.02265625 0.05277777777777778
0 0.27734375 0.15694444444444444 0.03125 0.05555555555555555
0 0.2953125 0.11736111111111111 0.0234375 0.043055555555555555
0 0.227734375 0.12361111111111112 0.02734375 0.044444444444444446
0 0.172265625 0.1597222222222222 0.02890625 0.05
0 0.1671875 0.1284722222222222 0.028125 0.043055555555555555
0 0.148046875 0.12777777777777777 0.02890625 0.04722222222222222
0 0.129296875 0.12916666666666668 0.02421875 0.041666666666666664
0 0.104296875 0.13402777777777777 0.02578125 0.04583333333333333
0 0.086328125 0.1701388888888889 0.02578125 0.05138888888888889
0 0.11015625 0.16805555555555557 0.0296875 0.044444444444444446
0 0.02421875 0.15486111111111112 0.0359375 0.034722222222222224
0 0.041796875 0.13055555555555556 0.03984375 0.027777777777777776
0 0.04921875 0.10902777777777778 0.0359375 0.02361111111111111
0 0.0734375 0.06111111111111111 0.0484375 0.030555555555555555
0 0.0921875 0.03680555555555556 0.0390625 0.020833333333333332
0 0.098828125 0.019444444444444445 0.03671875 0.016666666666666666
0 0.138671875 0.06458333333333334 0.02578125 0.043055555555555555
0 0.1609375 0.06041666666666667 0.025 0.04027777777777778
0 0.180078125 0.05763888888888889 0.02109375 0.034722222222222224
0 0.19765625 0.05694444444444444 0.028125 0.041666666666666664
0 0.233984375 0.05416666666666667 0.02109375 0.05
0 0.254296875 0.050694444444444445 0.02421875 0.043055555555555555
0 0.275 0.04861111111111111 0.0203125 0.03888888888888889
0 0.298046875 0.04791666666666667 0.02109375 0.043055555555555555
0 0.3546875 0.050694444444444445 0.0234375 0.04583333333333333
0 0.469921875 0.04097222222222222 0.02109375 0.04027777777777778
0 0.507421875 0.034027777777777775 0.02578125 0.043055555555555555
0 0.7078125 0.03125 0.0234375 0.043055555555555555
0 0.75 0.024305555555555556 0.0265625 0.0375
0 0.404296875 0.021527777777777778 0.02890625 0.04027777777777778
0 0.157421875 0.027777777777777776 0.02421875 0.030555555555555555
0 0.176171875 0.02638888888888889 0.01953125 0.030555555555555555
0 0.192578125 0.024305555555555556 0.01796875 0.034722222222222224
0 0.2125 0.027083333333333334 0.025 0.029166666666666667
0 0.247265625 0.021527777777777778 0.02421875 0.029166666666666667
0 0.26640625 0.02013888888888889 0.0171875 0.03194444444444444
0 0.285546875 0.01875 0.02265625 0.029166666666666667
0 0.909765625 0.2826388888888889 0.04140625 0.07083333333333333
0 0.8875 0.18819444444444444 0.0328125 0.05694444444444444
0 0.725 0.007638888888888889 0.01875 0.015277777777777777
0 0.68125 0.009722222222222222 0.025 0.019444444444444445
0 0.10703125 0.009722222222222222 0.034375 0.019444444444444445
0 0.015234375 0.17222222222222222 0.03046875 0.03888888888888889
0 0.008984375 0.1951388888888889 0.01796875 0.029166666666666667
