0 0.23515625 0.2881944444444444 0.0359375 0.0625
0 0.259765625 0.2902777777777778 0.03515625 0.06666666666666667
0 0.286328125 0.2902777777777778 0.03359375 0.06666666666666667
0 0.5328125 0.28680555555555554 0.0265625 0.05694444444444444
0 0.7609375 0.27708333333333335 0.028125 0.0625
0 0.81640625 0.2743055555555556 0.0359375 0.0625
0 0.19765625 0.40069444444444446 0.0421875 0.059722222222222225
0 0.249609375 0.4013888888888889 0.03828125 0.06388888888888888
0 0.281640625 0.4013888888888889 0.03984375 0.058333333333333334
0 0.350390625 0.40208333333333335 0.03515625 0.05694444444444444
0 0.436328125 0.39791666666666664 0.03359375 0.05694444444444444
0 0.553125 0.3951388888888889 0.0296875 0.06805555555555555
0 0.647265625 0.3888888888888889 0.03046875 0.07222222222222222
0 0.67890625 0.39375 0.03125 0.07361111111111111
0 0.709375 0.38958333333333334 0.0359375 0.07361111111111111
0 0.806640625 0.3909722222222222 0.03359375 0.07083333333333333
0 0.26015625 0.4673611111111111 0.040625 0.07916666666666666
0 0.291015625 0.4652777777777778 0.03671875 0.08055555555555556
0 0.39453125 0.46805555555555556 0.0375 0.07777777777777778
0 0.42734375 0.4638888888888889 0.0375 0.08333333333333333
0 0.456640625 0.46805555555555556 0.03046875 0.075
0 0.582421875 0.4673611111111111 0.03203125 0.07083333333333333
0 0.613671875 0.4666666666666667 0.02890625 0.07222222222222222
0 0.71171875 0.4652777777777778 0.0359375 0.06666666666666667
0 0.219140625 0.6166666666666667 0.04140625 0.07777777777777778
0 0.2515625 0.6222222222222222 0.0421875 0.075
0 0.30234375 0.61875 0.0390625 0.07083333333333333
0 0.33671875 0.6166666666666667 0.040625 0.07777777777777778
0 0.37265625 0.6201388888888889 0.0484375 0.08472222222222223
0 0.405078125 0.6201388888888889 0.04140625 0.07916666666666666
0 0.438671875 0.6236111111111111 0.04140625 0.08055555555555556
0 0.47109375 0.6222222222222222 0.0359375 0.08055555555555556
0 0.506640625 0.6243055555555556 0.03671875 0.0875
0 0.54140625 0.6208333333333333 0.0375 0.07777777777777778
0 0.6140625 0.6201388888888889 0.0359375 0.08194444444444444
0 0.651953125 0.6256944444444444 0.03671875 0.08194444444444444
0 0.689453125 0.6277777777777778 0.04140625 0.08333333333333333
0 0.7265625 0.6256944444444444 0.0421875 0.08194444444444444
0 0.7640625 0.625 0.040625 0.08888888888888889
0 0.801171875 0.6277777777777778 0.04453125 0.09166666666666666
0 0.837109375 0.6236111111111111 0.04140625 0.08888888888888889
0 0.875 0.6215277777777778 0.0484375 0.0875
0 0.1375 0.7388888888888889 0.0546875 0.08611111111111111
0 0.429296875 0.7409722222222223 0.04921875 0.08194444444444444
0 0.1171875 0.9375 0.0515625 0.12222222222222222
0 0.25234375 0.9458333333333333 0.0484375 0.09722222222222222
0 0.31171875 0.9458333333333333 0.0421875 0.10555555555555556
0 0.55 0.9534722222222223 0.0390625 0.0875
0 0.748828125 0.9409722222222222 0.04765625 0.11527777777777778
0 0.89921875 0.7395833333333334 0.06875 0.0625
0 0.909375 0.8 0.071875 0.05277777777777778
0 0.967578125 0.6756944444444445 0.04765625 0.10972222222222222
0 0.983984375 0.5986111111111111 0.03046875 0.09166666666666666
0 0.7234375 0.7305555555555555 0.040625 0.10277777777777777
0 0.5953125 0.7284722222222222 0.0359375 0.10972222222222222
0 0.01796875 0.6048611111111111 0.0359375 0.07916666666666666
0 0.16953125 0.40902777777777777 0.040625 0.07083333333333333
0 0.669140625 0.23125 0.02734375 0.059722222222222225
0 0.722265625 0.225 0.02578125 0.075
0 0.536328125 0.22916666666666666 0.02421875 0.06388888888888888
0 0.485546875 0.23194444444444445 0.02734375 0.06111111111111111
0 0.461328125 0.23680555555555555 0.02265625 0.05138888888888889
0 0.24921875 0.2388888888888889 0.0296875 0.058333333333333334
0 0.202734375 0.24444444444444444 0.03359375 0.058333333333333334
0 0.21015625 0.28888888888888886 0.0328125 0.06111111111111111
0 0.115234375 0.24861111111111112 0.03515625 0.05277777777777778
0 0.091015625 0.24861111111111112 0.03046875 0.05
0 0.02578125 0.29305555555555557 0.0375 0.06388888888888888
0 0.01484375 0.17569444444444443 0.0296875 0.0375
0 0.087890625 0.17083333333333334 0.03203125 0.04722222222222222
0 0.108984375 0.16458333333333333 0.02578125 0.04583333333333333
0 0.130859375 0.15833333333333333 0.02890625 0.04722222222222222
0 0.21484375 0.15763888888888888 0.0296875 0.043055555555555555
0 0.258203125 0.15347222222222223 0.02578125 0.043055555555555555
0 0.2796875 0.15138888888888888 0.025 0.03888888888888889
0 0.3015625 0.15347222222222223 0.0234375 0.04583333333333333
0 0.293359375 0.11458333333333333 0.02265625 0.0375
0 0.333203125 0.11805555555555555 0.02421875 0.04722222222222222
0 0.35625 0.1111111111111111 0.025 0.030555555555555555
0 0.348046875 0.14930555555555555 0.02734375 0.05138888888888889
0 0.36953125 0.14722222222222223 0.021875 0.05
0 0.412109375 0.11597222222222223 0.02265625 0.04027777777777778
0 0.48046875 0.1125 0.021875 0.03611111111111111
0 0.496484375 0.14722222222222223 0.02265625 0.05277777777777778
0 0.568359375 0.1423611111111111 0.02265625 0.043055555555555555
0 0.61640625 0.13819444444444445 0.021875 0.0625
0 0.640234375 0.10208333333333333 0.01953125 0.04861111111111111
0 0.662890625 0.1 0.01953125 0.04722222222222222
0 0.740234375 0.1361111111111111 0.02421875 0.05
0 0.7859375 0.09444444444444444 0.0234375 0.05
0 0.81796875 0.022916666666666665 0.025 0.043055555555555555
0 0.683984375 0.02847222222222222 0.02109375 0.04861111111111111
0 0.640234375 0.02847222222222222 0.01953125 0.05138888888888889
0 0.618359375 0.03263888888888889 0.01796875 0.0375
0 0.51015625 0.0375 0.021875 0.04722222222222222
0 0.448828125 0.04375 0.01953125 0.04583333333333333
0 0.336328125 0.049305555555555554 0.02421875 0.029166666666666667
0 0.32734375 0.018055555555555554 0.0296875 0.03611111111111111
0 0.362890625 0.017361111111111112 0.02265625 0.034722222222222224
0 0.3828125 0.016666666666666666 0.0234375 0.03333333333333333
0 0.246875 0.09583333333333334 0.0421875 0.03888888888888889
0 0.199609375 0.05555555555555555 0.02734375 0.044444444444444446
0 0.248046875 0.027083333333333334 0.01953125 0.034722222222222224
0 0.26796875 0.022222222222222223 0.0234375 0.03333333333333333
0 0.19609375 0.024305555555555556 0.028125 0.034722222222222224
0 0.153125 0.12569444444444444 0.0265625 0.043055555555555555
0 0.128515625 0.12986111111111112 0.03046875 0.03194444444444444
0 0.1078125 0.1284722222222222 0.0296875 0.0375
0 0.16171875 0.06111111111111111 0.025 0.041666666666666664
0 0.078515625 0.059722222222222225 0.03359375 0.03333333333333333
0 0.10859375 0.0125 0.03125 0.022222222222222223
0 0.059765625 0.08958333333333333 0.03203125 0.02361111111111111
0 0.0484375 0.10833333333333334 0.0375 0.03333333333333333
0 0.030859375 0.14166666666666666 0.03359375 0.025
0 0.02109375 0.15694444444444444 0.028125 0.025
0 0.5734375 0.011805555555555555 0.0203125 0.02361111111111111
0 0.61484375 0.009027777777777777 0.0203125 0.018055555555555554
