0 0.469140625 0.7333333333333333 0.03515625 0.1
0 0.511328125 0.7277777777777777 0.03828125 0.11388888888888889
0 0.5953125 0.7326388888888888 0.0359375 0.09861111111111111
0 0.723828125 0.7263888888888889 0.03984375 0.10277777777777777
0 0.90078125 0.7319444444444444 0.06875 0.06111111111111111
0 0.912109375 0.7972222222222223 0.08046875 0.05555555555555555
0 0.93046875 0.8673611111111111 0.078125 0.09305555555555556
0 0.952734375 0.9618055555555556 0.05859375 0.07361111111111111
0 0.934375 0.39791666666666664 0.0375 0.0763888888888889
0 0.21328125 0.7298611111111111 0.04375 0.10416666666666667
0 0.140234375 0.7201388888888889 0.04765625 0.10138888888888889
0 0.095703125 0.6159722222222223 0.04453125 0.07916666666666666
0 0.061328125 0.6125 0.04609375 0.08888888888888889
0 0.030078125 0.6152777777777778 0.04609375 0.075
0 0.2203125 0.6201388888888889 0.0375 0.08194444444444444
0 0.255078125 0.6201388888888889 0.03984375 0.08472222222222223
0 0.304296875 0.6173611111111111 0.03671875 0.07916666666666666
0 0.371484375 0.6208333333333333 0.03203125 0.08611111111111111
0 0.405078125 0.6201388888888889 0.03359375 0.08194444444444444
0 0.43828125 0.6222222222222222 0.03125 0.09444444444444444
0 0.509375 0.6236111111111111 0.0328125 0.08333333333333333
0 0.580078125 0.6243055555555556 0.03203125 0.08472222222222223
0 0.68515625 0.625 0.034375 0.1
0 0.762109375 0.6326388888888889 0.03515625 0.09305555555555556
0 0.840234375 0.6319444444444444 0.03515625 0.09166666666666666
0 0.880859375 0.63125 0.03984375 0.09583333333333334
0 0.815625 0.46111111111111114 0.0296875 0.08055555555555556
0 0.843359375 0.4041666666666667 0.03203125 0.07222222222222222
0 0.80703125 0.3951388888888889 0.028125 0.0625
0 0.77265625 0.39375 0.0328125 0.07361111111111111
0 0.780859375 0.46597222222222223 0.03359375 0.07083333333333333
0 0.744921875 0.46319444444444446 0.03046875 0.07083333333333333
0 0.705859375 0.3923611111111111 0.02421875 0.05694444444444444
0 0.707421875 0.46111111111111114 0.03046875 0.07777777777777778
0 0.674609375 0.3958333333333333 0.02421875 0.07222222222222222
0 0.64296875 0.3888888888888889 0.025 0.06111111111111111
0 0.642578125 0.46319444444444446 0.03046875 0.0763888888888889
0 0.6140625 0.38958333333333334 0.0265625 0.07083333333333333
0 0.55234375 0.4583333333333333 0.0234375 0.075
0 0.51875 0.4625 0.028125 0.08055555555555556
0 0.496875 0.3909722222222222 0.0265625 0.06527777777777778
0 0.487890625 0.46319444444444446 0.03046875 0.08194444444444444
0 0.46015625 0.4625 0.03125 0.07777777777777778
0 0.439453125 0.3958333333333333 0.03046875 0.06666666666666667
0 0.43046875 0.46319444444444446 0.028125 0.07361111111111111
0 0.41015625 0.39375 0.0296875 0.0625
0 0.40078125 0.46319444444444446 0.03125 0.08472222222222223
0 0.372265625 0.4625 0.03671875 0.08333333333333333
0 0.350390625 0.3958333333333333 0.03046875 0.06666666666666667
0 0.340234375 0.4625 0.03984375 0.08055555555555556
0 0.291015625 0.46111111111111114 0.03671875 0.08055555555555556
0 0.20546875 0.4597222222222222 0.0375 0.08055555555555556
0 0.11796875 0.46458333333333335 0.04375 0.07083333333333333
0 0.068359375 0.4597222222222222 0.04296875 0.07222222222222222
0 0.018359375 0.46041666666666664 0.03671875 0.07083333333333333
0 0.81875 0.27569444444444446 0.0296875 0.06527777777777778
0 0.7859375 0.27152777777777776 0.0265625 0.0625
0 0.75859375 0.27569444444444446 0.0265625 0.059722222222222225
0 0.7296875 0.2777777777777778 0.025 0.06388888888888888
0 0.72109375 0.22430555555555556 0.021875 0.05138888888888889
0 0.69375 0.22291666666666668 0.025 0.05416666666666667
0 0.64375 0.22916666666666666 0.021875 0.05555555555555555
0 0.671875 0.27569444444444446 0.0203125 0.05416666666666667
0 0.589453125 0.27847222222222223 0.02421875 0.06805555555555555
0 0.5328125 0.2798611111111111 0.0234375 0.0625
0 0.505078125 0.2826388888888889 0.02578125 0.06805555555555555
0 0.48046875 0.28125 0.025 0.06527777777777778
0 0.46171875 0.23680555555555555 0.0234375 0.05416666666666667
0 0.4046875 0.28541666666666665 0.028125 0.059722222222222225
0 0.375 0.2861111111111111 0.0265625 0.06111111111111111
0 0.34609375 0.24444444444444444 0.0296875 0.05555555555555555
0 0.2109375 0.28680555555555554 0.0328125 0.06527777777777778
0 0.1859375 0.28958333333333336 0.034375 0.059722222222222225
0 0.117578125 0.29305555555555557 0.03671875 0.06388888888888888
0 0.094140625 0.2916666666666667 0.03203125 0.06111111111111111
0 0.067578125 0.24861111111111112 0.03671875 0.05555555555555555
0 0.04765625 0.10902777777777778 0.040625 0.029166666666666667
0 0.0578125 0.09236111111111112 0.0328125 0.02638888888888889
0 0.06640625 0.07569444444444444 0.0296875 0.02638888888888889
0 0.098046875 0.022222222222222223 0.03515625 0.030555555555555555
0 0.153515625 0.035416666666666666 0.02734375 0.0375
0 0.11015625 0.1625 0.028125 0.044444444444444446
0 0.103125 0.13194444444444445 0.021875 0.041666666666666664
0 0.1015625 0.10625 0.034375 0.03194444444444444
0 0.16171875 0.06180555555555556 0.021875 0.0375
0 0.18046875 0.052083333333333336 0.025 0.05416666666666667
0 0.145703125 0.12638888888888888 0.02578125 0.03611111111111111
0 0.192578125 0.15763888888888888 0.02578125 0.04861111111111111
0 0.251171875 0.11736111111111111 0.02578125 0.029166666666666667
0 0.2359375 0.1527777777777778 0.028125 0.05
0 0.26953125 0.11944444444444445 0.025 0.041666666666666664
0 0.293359375 0.07708333333333334 0.03671875 0.034722222222222224
0 0.26640625 0.020833333333333332 0.0234375 0.041666666666666664
0 0.2859375 0.01875 0.0203125 0.0375
0 0.33359375 0.04791666666666667 0.025 0.04583333333333333
0 0.381640625 0.016666666666666666 0.02265625 0.03333333333333333
0 0.40078125 0.017361111111111112 0.0203125 0.034722222222222224
0 0.424609375 0.044444444444444446 0.01796875 0.041666666666666664
0 0.344921875 0.15555555555555556 0.02734375 0.041666666666666664
0 0.37890625 0.11666666666666667 0.021875 0.03888888888888889
0 0.54375 0.14652777777777778 0.0203125 0.043055555555555555
0 0.59140625 0.10138888888888889 0.0234375 0.041666666666666664
0 0.61796875 0.13958333333333334 0.021875 0.05416666666666667
0 0.685546875 0.1 0.02109375 0.041666666666666664
0 0.712890625 0.09305555555555556 0.01953125 0.03611111111111111
0 0.715625 0.1388888888888889 0.021875 0.044444444444444446
0 0.769921875 0.13541666666666666 0.02265625 0.05694444444444444
0 0.707421875 0.022222222222222223 0.01953125 0.044444444444444446
0 0.773828125 0.027777777777777776 0.02265625 0.05
0 0.009765625 0.1951388888888889 0.01953125 0.04027777777777778
0 0.115234375 0.9375 0.04140625 0.10555555555555556
