0 0.058984375 0.7263888888888889 0.05234375 0.10277777777777777
0 0.13984375 0.7222222222222222 0.046875 0.10277777777777777
0 0.179296875 0.725 0.04765625 0.1
0 0.2578125 0.73125 0.046875 0.10694444444444444
0 0.296484375 0.7326388888888888 0.03984375 0.09305555555555556
0 0.250390625 0.9465277777777777 0.04140625 0.09583333333333334
0 0.159375 0.9479166666666666 0.0421875 0.09861111111111111
0 0.403125 0.9472222222222222 0.040625 0.10277777777777777
0 0.45 0.9534722222222223 0.0390625 0.09027777777777778
0 0.95703125 0.9465277777777777 0.05625 0.10416666666666667
0 0.92890625 0.8555555555555555 0.078125 0.075
0 0.912109375 0.7923611111111111 0.07265625 0.06527777777777778
0 0.9 0.7333333333333333 0.0671875 0.06666666666666667
0 0.72421875 0.7333333333333333 0.034375 0.10833333333333334
0 0.978515625 0.5708333333333333 0.04140625 0.09166666666666666
0 0.91640625 0.46805555555555556 0.0390625 0.09166666666666666
0 0.959765625 0.48333333333333334 0.03359375 0.06944444444444445
0 0.94140625 0.4111111111111111 0.0328125 0.06111111111111111
0 0.926953125 0.34791666666666665 0.03671875 0.05416666666666667
0 0.87734375 0.6340277777777777 0.0390625 0.09861111111111111
0 0.837890625 0.63125 0.03828125 0.09305555555555556
0 0.79921875 0.6291666666666667 0.0328125 0.1
0 0.766015625 0.6333333333333333 0.03515625 0.10277777777777777
0 0.7265625 0.6298611111111111 0.0359375 0.10138888888888889
0 0.687890625 0.6326388888888889 0.02734375 0.09027777777777778
0 0.651953125 0.6277777777777778 0.03359375 0.09166666666666666
0 0.616015625 0.6270833333333333 0.02890625 0.0875
0 0.575390625 0.625 0.02734375 0.08888888888888889
0 0.509765625 0.7291666666666666 0.03515625 0.1111111111111111
0 0.46796875 0.7270833333333333 0.034375 0.10138888888888889
0 0.428125 0.73125 0.0375 0.09305555555555556
0 0.53984375 0.6243055555555556 0.028125 0.07916666666666666
0 0.50625 0.625 0.03125 0.08055555555555556
0 0.471484375 0.6236111111111111 0.03203125 0.08611111111111111
0 0.436328125 0.6222222222222222 0.03671875 0.08888888888888889
0 0.40390625 0.6215277777777778 0.034375 0.08194444444444444
0 0.36953125 0.6194444444444445 0.034375 0.08055555555555556
0 0.336328125 0.6208333333333333 0.03671875 0.08333333333333333
0 0.303515625 0.6180555555555556 0.03828125 0.08611111111111111
0 0.423828125 0.5194444444444445 0.05546875 0.04722222222222222
0 0.2515625 0.6222222222222222 0.040625 0.08611111111111111
0 0.2171875 0.6159722222222223 0.0390625 0.0875
0 0.184375 0.6180555555555556 0.0421875 0.08333333333333333
0 0.15390625 0.61875 0.034375 0.07361111111111111
0 0.1234375 0.6173611111111111 0.0390625 0.0875
0 0.0921875 0.6173611111111111 0.0453125 0.08472222222222223
0 0.0640625 0.6131944444444445 0.04375 0.08194444444444444
0 0.032421875 0.6118055555555556 0.04609375 0.09027777777777778
0 0.0125 0.6076388888888888 0.025 0.0763888888888889
0 0.016015625 0.46111111111111114 0.03203125 0.07777777777777778
0 0.04296875 0.46458333333333335 0.034375 0.06527777777777778
0 0.06796875 0.46319444444444446 0.0359375 0.0625
0 0.013671875 0.40069444444444446 0.02734375 0.06805555555555555
0 0.84921875 0.46458333333333335 0.0375 0.08194444444444444
0 0.837109375 0.3923611111111111 0.02890625 0.059722222222222225
0 0.802734375 0.39861111111111114 0.02890625 0.06111111111111111
0 0.816015625 0.4625 0.03515625 0.07222222222222222
0 0.778125 0.46111111111111114 0.0296875 0.06944444444444445
0 0.76953125 0.39652777777777776 0.028125 0.06805555555555555
0 0.738671875 0.3958333333333333 0.03046875 0.06111111111111111
0 0.74453125 0.4652777777777778 0.03125 0.07777777777777778
0 0.710546875 0.46111111111111114 0.03046875 0.07777777777777778
0 0.708203125 0.3909722222222222 0.02578125 0.05694444444444444
0 0.67578125 0.39375 0.028125 0.05694444444444444
0 0.67578125 0.46458333333333335 0.0296875 0.07083333333333333
0 0.643359375 0.4597222222222222 0.02734375 0.07777777777777778
0 0.64375 0.3923611111111111 0.0234375 0.05694444444444444
0 0.610546875 0.39444444444444443 0.02734375 0.06666666666666667
0 0.612890625 0.46111111111111114 0.02734375 0.07222222222222222
0 0.58125 0.46597222222222223 0.028125 0.06805555555555555
0 0.5828125 0.40208333333333335 0.0265625 0.07083333333333333
0 0.5515625 0.39791666666666664 0.0265625 0.07361111111111111
0 0.548828125 0.4638888888888889 0.02734375 0.06944444444444445
0 0.519140625 0.4638888888888889 0.02890625 0.075
0 0.519921875 0.3993055555555556 0.02734375 0.059722222222222225
0 0.500390625 0.34444444444444444 0.04921875 0.04722222222222222
0 0.49375 0.3972222222222222 0.0296875 0.058333333333333334
0 0.4890625 0.46111111111111114 0.0296875 0.07222222222222222
0 0.45859375 0.4597222222222222 0.0265625 0.058333333333333334
0 0.465234375 0.3972222222222222 0.02578125 0.06111111111111111
0 0.43828125 0.3972222222222222 0.03125 0.05555555555555555
0 0.43125 0.4583333333333333 0.03125 0.06944444444444445
0 0.399609375 0.4625 0.03203125 0.075
0 0.4078125 0.39444444444444443 0.0296875 0.058333333333333334
0 0.37578125 0.39791666666666664 0.0265625 0.0625
0 0.368359375 0.4638888888888889 0.03359375 0.08333333333333333
0 0.34765625 0.39861111111111114 0.0296875 0.058333333333333334
0 0.3359375 0.4638888888888889 0.0328125 0.07777777777777778
0 0.3109375 0.3958333333333333 0.03125 0.05555555555555555
0 0.2921875 0.4618055555555556 0.0359375 0.0763888888888889
0 0.279296875 0.3972222222222222 0.03359375 0.05
0 0.2609375 0.46111111111111114 0.040625 0.07777777777777778
0 0.25 0.40069444444444446 0.034375 0.0625
0 0.233203125 0.4625 0.03984375 0.07222222222222222
0 0.20390625 0.4652777777777778 0.0359375 0.07222222222222222
0 0.22265625 0.4027777777777778 0.0359375 0.06111111111111111
0 0.196484375 0.3993055555555556 0.03515625 0.05138888888888889
0 0.167578125 0.4013888888888889 0.03359375 0.06666666666666667
0 0.140234375 0.3993055555555556 0.03515625 0.05138888888888889
0 0.113671875 0.4 0.03671875 0.05555555555555555
0 0.0890625 0.40208333333333335 0.0390625 0.059722222222222225
0 0.065234375 0.4027777777777778 0.03515625 0.06111111111111111
0 0.036328125 0.4013888888888889 0.03515625 0.04722222222222222
0 0.0953125 0.4625 0.0296875 0.06388888888888888
0 0.119921875 0.45694444444444443 0.03203125 0.06666666666666667
0 0.146484375 0.4597222222222222 0.03515625 0.05555555555555555
0 0.17421875 0.4625 0.0328125 0.06388888888888888
0 0.8171875 0.2763888888888889 0.0296875 0.06388888888888888
0 0.787890625 0.2763888888888889 0.03046875 0.06388888888888888
0 0.757421875 0.2763888888888889 0.02890625 0.06388888888888888
0 0.728515625 0.27569444444444446 0.02734375 0.0625
0 0.701171875 0.27847222222222223 0.02421875 0.059722222222222225
0 0.672265625 0.2763888888888889 0.02265625 0.06388888888888888
0 0.64375 0.27708333333333335 0.025 0.06805555555555555
0 0.6140625 0.2798611111111111 0.025 0.06527777777777778
0 0.5875 0.28402777777777777 0.0234375 0.06805555555555555
0 0.5609375 0.28194444444444444 0.021875 0.058333333333333334
0 0.534375 0.28125 0.025 0.06805555555555555
0 0.508984375 0.28194444444444444 0.02578125 0.06111111111111111
0 0.479296875 0.28402777777777777 0.02890625 0.04861111111111111
0 0.45625 0.28402777777777777 0.028125 0.06527777777777778
0 0.428515625 0.2881944444444444 0.03046875 0.05416666666666667
0 0.403125 0.2861111111111111 0.0296875 0.058333333333333334
0 0.373828125 0.28888888888888886 0.02890625 0.05277777777777778
0 0.337890625 0.2902777777777778 0.02890625 0.058333333333333334
0 0.3109375 0.2923611111111111 0.0328125 0.05694444444444444
0 0.283203125 0.2902777777777778 0.02734375 0.058333333333333334
0 0.259765625 0.28888888888888886 0.03046875 0.06388888888888888
0 0.233203125 0.29444444444444445 0.03515625 0.06666666666666667
0 0.210546875 0.29097222222222224 0.03671875 0.06527777777777778
0 0.18515625 0.29375 0.034375 0.05694444444444444
0 0.160546875 0.29097222222222224 0.03203125 0.0625
0 0.13828125 0.2923611111111111 0.0296875 0.05694444444444444
0 0.115234375 0.29375 0.03359375 0.05694444444444444
0 0.090625 0.2965277777777778 0.034375 0.06527777777777778
0 0.0671875 0.2965277777777778 0.0328125 0.05416666666666667
0 0.0453125 0.29444444444444445 0.0359375 0.06111111111111111
0 0.02109375 0.2972222222222222 0.0375 0.05277777777777778
0 0.809375 0.21875 0.0234375 0.043055555555555555
0 0.7796875 0.21736111111111112 0.025 0.05416666666666667
0 0.748828125 0.22083333333333333 0.02578125 0.044444444444444446
0 0.721875 0.22083333333333333 0.021875 0.044444444444444446
0 0.697265625 0.225 0.02109375 0.044444444444444446
0 0.66875 0.22291666666666668 0.025 0.0375
0 0.64140625 0.21944444444444444 0.0234375 0.05555555555555555
0 0.613671875 0.21597222222222223 0.02265625 0.06527777777777778
0 0.586328125 0.22777777777777777 0.02265625 0.044444444444444446
0 0.561328125 0.22847222222222222 0.02109375 0.04583333333333333
0 0.5359375 0.23194444444444445 0.0234375 0.044444444444444446
0 0.5109375 0.23402777777777778 0.0265625 0.04027777777777778
0 0.48359375 0.23541666666666666 0.025 0.05416666666666667
0 0.459375 0.2361111111111111 0.028125 0.03888888888888889
0 0.433984375 0.23819444444444443 0.02734375 0.04583333333333333
0 0.409375 0.2326388888888889 0.0265625 0.04861111111111111
0 0.383984375 0.23819444444444443 0.02890625 0.04861111111111111
0 0.347265625 0.23472222222222222 0.03046875 0.05
0 0.321484375 0.23958333333333334 0.03046875 0.04861111111111111
0 0.297265625 0.23541666666666666 0.02890625 0.05138888888888889
0 0.27578125 0.24027777777777778 0.0265625 0.03611111111111111
0 0.24921875 0.23402777777777778 0.025 0.04861111111111111
0 0.225 0.2388888888888889 0.028125 0.044444444444444446
0 0.200390625 0.2388888888888889 0.02421875 0.044444444444444446
0 0.17734375 0.2361111111111111 0.0296875 0.05
0 0.151953125 0.24027777777777778 0.02734375 0.04722222222222222
0 0.132421875 0.23958333333333334 0.02890625 0.04861111111111111
0 0.110546875 0.24097222222222223 0.03046875 0.04583333333333333
0 0.08984375 0.24166666666666667 0.034375 0.05555555555555555
0 0.0640625 0.2465277777777778 0.0328125 0.043055555555555555
0 0.040234375 0.25 0.02890625 0.041666666666666664
0 0.7953125 0.1388888888888889 0.0203125 0.05
0 0.786328125 0.08958333333333333 0.02734375 0.059722222222222225
0 0.759765625 0.09305555555555556 0.02265625 0.03888888888888889
0 0.7671875 0.1375 0.025 0.05
0 0.741015625 0.1361111111111111 0.02265625 0.05
0 0.73515625 0.09236111111111112 0.0234375 0.043055555555555555
0 0.711328125 0.09375 0.02109375 0.034722222222222224
0 0.716015625 0.1361111111111111 0.02265625 0.05
0 0.68828125 0.09305555555555556 0.0234375 0.05277777777777778
0 0.68984375 0.1375 0.021875 0.041666666666666664
0 0.663671875 0.09166666666666666 0.01953125 0.03333333333333333
0 0.66484375 0.13472222222222222 0.025 0.058333333333333334
0 0.63984375 0.09513888888888888 0.0203125 0.04861111111111111
0 0.6390625 0.13541666666666666 0.0203125 0.05416666666666667
0 0.616796875 0.09930555555555555 0.01796875 0.04583333333333333
0 0.618359375 0.1423611111111111 0.02109375 0.04861111111111111
0 0.59375 0.10208333333333333 0.021875 0.04861111111111111
0 0.594140625 0.1451388888888889 0.02109375 0.04583333333333333
0 0.56953125 0.10138888888888889 0.0203125 0.03888888888888889
0 0.565625 0.14097222222222222 0.0203125 0.05416666666666667
0 0.548046875 0.10277777777777777 0.02109375 0.03888888888888889
0 0.54296875 0.14305555555555555 0.0234375 0.05
0 0.52421875 0.10208333333333333 0.01875 0.0375
0 0.51875 0.14444444444444443 0.021875 0.05
0 0.50078125 0.10208333333333333 0.021875 0.04583333333333333
0 0.495703125 0.14583333333333334 0.02109375 0.04722222222222222
0 0.495703125 0.06875 0.03828125 0.0375
0 0.47734375 0.1076388888888889 0.0203125 0.034722222222222224
0 0.472265625 0.14652777777777778 0.02265625 0.043055555555555555
0 0.45546875 0.10555555555555556 0.0234375 0.03333333333333333
0 0.44921875 0.14444444444444443 0.021875 0.05277777777777778
0 0.434375 0.10833333333333334 0.025 0.041666666666666664
0 0.427734375 0.14583333333333334 0.02578125 0.04722222222222222
0 0.41015625 0.1076388888888889 0.0234375 0.034722222222222224
0 0.401953125 0.1527777777777778 0.02421875 0.05
0 0.378125 0.11041666666666666 0.0265625 0.034722222222222224
0 0.371484375 0.15347222222222223 0.02890625 0.05416666666666667
0 0.355078125 0.11666666666666667 0.02421875 0.03333333333333333
0 0.333203125 0.11805555555555555 0.02734375 0.041666666666666664
0 0.31484375 0.10902777777777778 0.025 0.034722222222222224
0 0.291015625 0.11388888888888889 0.02109375 0.030555555555555555
0 0.269921875 0.11666666666666667 0.02109375 0.030555555555555555
0 0.249609375 0.11388888888888889 0.02421875 0.03888888888888889
0 0.23125 0.11180555555555556 0.025 0.04583333333333333
0 0.209375 0.12083333333333333 0.028125 0.03611111111111111
0 0.186328125 0.11944444444444445 0.02890625 0.03888888888888889
0 0.1671875 0.12291666666666666 0.028125 0.03194444444444444
0 0.147265625 0.12777777777777777 0.03046875 0.03888888888888889
0 0.1265625 0.12569444444444444 0.025 0.0375
0 0.10625 0.12708333333333333 0.0296875 0.034722222222222224
0 0.090234375 0.16666666666666666 0.03046875 0.04722222222222222
0 0.108984375 0.16597222222222222 0.02734375 0.043055555555555555
0 0.1296875 0.16180555555555556 0.028125 0.04027777777777778
0 0.149609375 0.1625 0.02734375 0.03888888888888889
0 0.167578125 0.16041666666666668 0.02734375 0.04861111111111111
0 0.18984375 0.1597222222222222 0.03125 0.04722222222222222
0 0.214453125 0.15347222222222223 0.02578125 0.0375
0 0.234765625 0.15486111111111112 0.02578125 0.043055555555555555
0 0.2578125 0.15069444444444444 0.0234375 0.043055555555555555
0 0.277734375 0.15208333333333332 0.02421875 0.04583333333333333
0 0.3 0.15347222222222223 0.025 0.05138888888888889
0 0.324609375 0.1527777777777778 0.02734375 0.041666666666666664
0 0.345703125 0.15486111111111112 0.03046875 0.04861111111111111
0 0.116796875 0.058333333333333334 0.03046875 0.041666666666666664
0 0.01171875 0.1798611111111111 0.0234375 0.03194444444444444
0 0.019921875 0.16319444444444445 0.03984375 0.03194444444444444
0 0.026171875 0.14166666666666666 0.03828125 0.027777777777777776
0 0.037109375 0.12916666666666668 0.03828125 0.027777777777777776
0 0.04609375 0.10972222222222222 0.0328125 0.022222222222222223
0 0.05625 0.09375 0.0359375 0.02361111111111111
0 0.06484375 0.07847222222222222 0.034375 0.02361111111111111
0 0.073828125 0.06388888888888888 0.02890625 0.019444444444444445
0 0.08125 0.04583333333333333 0.0359375 0.027777777777777776
0 0.0921875 0.03194444444444444 0.0328125 0.022222222222222223
0 0.1 0.02013888888888889 0.0328125 0.02361111111111111
0 0.107421875 0.009722222222222222 0.03203125 0.019444444444444445
0 0.140234375 0.06111111111111111 0.02109375 0.03611111111111111
0 0.153515625 0.02847222222222222 0.02421875 0.029166666666666667
0 0.175390625 0.024305555555555556 0.02109375 0.04027777777777778
0 0.16015625 0.06180555555555556 0.01875 0.034722222222222224
0 0.178515625 0.0625 0.02265625 0.03888888888888889
0 0.191015625 0.027083333333333334 0.02109375 0.03194444444444444
0 0.199609375 0.05486111111111111 0.02265625 0.034722222222222224
0 0.21796875 0.05416666666666667 0.021875 0.041666666666666664
0 0.236328125 0.050694444444444445 0.02578125 0.04027777777777778
0 0.255078125 0.052083333333333336 0.02265625 0.0375
0 0.274609375 0.050694444444444445 0.02265625 0.04027777777777778
0 0.29375 0.05 0.025 0.03611111111111111
0 0.315625 0.049305555555555554 0.0234375 0.034722222222222224
0 0.334375 0.05 0.0265625 0.03611111111111111
0 0.35703125 0.04861111111111111 0.0265625 0.041666666666666664
0 0.37734375 0.050694444444444445 0.0234375 0.0375
0 0.3984375 0.04861111111111111 0.021875 0.044444444444444446
0 0.42734375 0.04513888888888889 0.0203125 0.04027777777777778
0 0.44765625 0.044444444444444446 0.01875 0.03888888888888889
0 0.4671875 0.04236111111111111 0.01875 0.043055555555555555
0 0.48828125 0.03888888888888889 0.0203125 0.041666666666666664
0 0.512109375 0.03680555555555556 0.02109375 0.04027777777777778
0 0.53203125 0.03611111111111111 0.01875 0.041666666666666664
0 0.552734375 0.03680555555555556 0.01796875 0.04027777777777778
0 0.5734375 0.034027777777777775 0.01875 0.0375
0 0.59453125 0.029861111111111113 0.0203125 0.04027777777777778
0 0.617578125 0.034027777777777775 0.01953125 0.0375
0 0.639453125 0.029166666666666667 0.01640625 0.044444444444444446
0 0.66171875 0.02847222222222222 0.015625 0.043055555555555555
0 0.683203125 0.02847222222222222 0.01796875 0.043055555555555555
0 0.70625 0.029861111111111113 0.01875 0.04583333333333333
0 0.728125 0.027777777777777776 0.0203125 0.04722222222222222
0 0.748046875 0.024305555555555556 0.01796875 0.043055555555555555
0 0.770703125 0.022916666666666665 0.02109375 0.043055555555555555
0 0.794140625 0.02361111111111111 0.02265625 0.03888888888888889
0 0.817578125 0.021527777777777778 0.02109375 0.034722222222222224
0 0.841015625 0.021527777777777778 0.01796875 0.043055555555555555
0 0.208203125 0.024305555555555556 0.02265625 0.02361111111111111
0 0.228125 0.02361111111111111 0.01875 0.025
0 0.247265625 0.019444444444444445 0.01953125 0.025
0 0.265625 0.017361111111111112 0.0203125 0.02361111111111111
0 0.285546875 0.016666666666666666 0.01953125 0.025
0 0.303125 0.014583333333333334 0.0171875 0.029166666666666667
0 0.321484375 0.015277777777777777 0.02109375 0.030555555555555555
0 0.34140625 0.014583333333333334 0.0203125 0.029166666666666667
0 0.36484375 0.011805555555555555 0.0234375 0.02361111111111111
0 0.381640625 0.011805555555555555 0.01953125 0.02361111111111111
0 0.40234375 0.013194444444444444 0.01875 0.02638888888888889
0 0.4328125 0.010416666666666666 0.0203125 0.020833333333333332
0 0.450390625 0.011111111111111112 0.02109375 0.022222222222222223
0 0.69921875 0.9590277777777778 0.0390625 0.07916666666666666
0 0.54140625 0.9548611111111112 0.0328125 0.0875
0 0.48828125 0.9576388888888889 0.028125 0.08194444444444444
0 0.863671875 0.022916666666666665 0.02421875 0.04583333333333333
