0 0.512109375 0.7284722222222222 0.03359375 0.1125
0 0.2984375 0.7305555555555555 0.04375 0.08888888888888889
0 0.259765625 0.73125 0.04765625 0.10416666666666667
0 0.1609375 0.9395833333333333 0.040625 0.09027777777777778
0 0.899609375 0.7375 0.07265625 0.06944444444444445
0 0.914453125 0.8048611111111111 0.08046875 0.0625
0 0.921484375 0.8673611111111111 0.07578125 0.059722222222222225
0 0.919921875 0.5701388888888889 0.05859375 0.0875
0 0.85078125 0.46319444444444446 0.0390625 0.09583333333333334
0 0.77734375 0.46319444444444446 0.034375 0.08472222222222223
0 0.642578125 0.46041666666666664 0.02890625 0.08194444444444444
0 0.691015625 0.6215277777777778 0.03359375 0.09027777777777778
0 0.6140625 0.6236111111111111 0.0328125 0.1
0 0.57890625 0.6243055555555556 0.0296875 0.08472222222222223
0 0.54453125 0.6222222222222222 0.028125 0.09166666666666666
0 0.50625 0.6270833333333333 0.0328125 0.08472222222222223
0 0.469921875 0.6215277777777778 0.03515625 0.09583333333333334
0 0.438671875 0.6270833333333333 0.03203125 0.08472222222222223
0 0.405078125 0.6222222222222222 0.03671875 0.09722222222222222
0 0.37265625 0.6222222222222222 0.0359375 0.08333333333333333
0 0.336328125 0.6152777777777778 0.03515625 0.08611111111111111
0 0.30390625 0.6159722222222223 0.0375 0.08194444444444444
0 0.251953125 0.6138888888888889 0.04140625 0.09444444444444444
0 0.21796875 0.6208333333333333 0.0390625 0.075
0 0.183984375 0.6194444444444445 0.03984375 0.08611111111111111
0 0.153125 0.6208333333333333 0.040625 0.08055555555555556
0 0.1234375 0.6173611111111111 0.040625 0.09027777777777778
0 0.096875 0.6173611111111111 0.046875 0.09027777777777778
0 0.069921875 0.6055555555555555 0.03984375 0.08055555555555556
0 0.03359375 0.6104166666666667 0.0484375 0.08472222222222223
0 0.012109375 0.6125 0.02421875 0.07222222222222222
0 0.5796875 0.4576388888888889 0.0234375 0.08194444444444444
0 0.553515625 0.4 0.02421875 0.06944444444444445
0 0.52421875 0.3972222222222222 0.025 0.07222222222222222
0 0.494921875 0.3993055555555556 0.02890625 0.06527777777777778
0 0.48984375 0.4666666666666667 0.0296875 0.07222222222222222
0 0.611328125 0.2798611111111111 0.02265625 0.06805555555555555
0 0.669140625 0.2798611111111111 0.02734375 0.07083333333333333
0 0.78671875 0.09722222222222222 0.025 0.04722222222222222
0 0.758203125 0.09722222222222222 0.02421875 0.05
0 0.7125 0.09722222222222222 0.0265625 0.04722222222222222
0 0.6875 0.1 0.0203125 0.04722222222222222
0 0.662890625 0.09930555555555555 0.02265625 0.05138888888888889
0 0.641015625 0.10069444444444445 0.02109375 0.05416666666666667
0 0.617578125 0.10277777777777777 0.02109375 0.05
0 0.594921875 0.10138888888888889 0.01796875 0.05277777777777778
0 0.5703125 0.10347222222222222 0.021875 0.05416666666666667
0 0.546875 0.10416666666666667 0.01875 0.05277777777777778
0 0.523046875 0.1076388888888889 0.01953125 0.05138888888888889
0 0.500390625 0.10277777777777777 0.01953125 0.03611111111111111
0 0.49765625 0.14444444444444443 0.0234375 0.05555555555555555
0 0.475390625 0.14722222222222223 0.02265625 0.05
0 0.477734375 0.10833333333333334 0.01953125 0.03611111111111111
0 0.4578125 0.1076388888888889 0.021875 0.04027777777777778
0 0.45078125 0.15 0.021875 0.05555555555555555
0 0.540234375 0.22569444444444445 0.02421875 0.059722222222222225
0 0.560546875 0.2875 0.02109375 0.05277777777777778
0 0.536328125 0.28402777777777777 0.02578125 0.059722222222222225
0 0.51328125 0.22916666666666666 0.0265625 0.058333333333333334
0 0.509765625 0.2875 0.02578125 0.06388888888888888
0 0.48125 0.2861111111111111 0.025 0.06388888888888888
0 0.4625 0.23055555555555557 0.025 0.05555555555555555
0 0.45390625 0.2916666666666667 0.03125 0.06944444444444445
0 0.435546875 0.2361111111111111 0.02890625 0.05
0 0.430078125 0.28958333333333336 0.02890625 0.05694444444444444
0 0.411328125 0.2361111111111111 0.02734375 0.058333333333333334
0 0.403515625 0.28888888888888886 0.02578125 0.05277777777777778
0 0.38359375 0.23472222222222222 0.0265625 0.05277777777777778
0 0.371875 0.2881944444444444 0.0296875 0.0625
0 0.35 0.23402777777777778 0.0296875 0.05138888888888889
0 0.33828125 0.2902777777777778 0.03125 0.05277777777777778
0 0.310546875 0.2875 0.03046875 0.06111111111111111
0 0.321875 0.2298611111111111 0.0234375 0.05694444444444444
0 0.296875 0.23125 0.0296875 0.05138888888888889
0 0.270703125 0.2388888888888889 0.03046875 0.05
0 0.246875 0.24097222222222223 0.028125 0.04583333333333333
0 0.22421875 0.2423611111111111 0.03125 0.04027777777777778
0 0.201953125 0.24027777777777778 0.02890625 0.041666666666666664
0 0.178125 0.24027777777777778 0.03125 0.05
0 0.15625 0.23958333333333334 0.03125 0.04861111111111111
0 0.135546875 0.2388888888888889 0.02890625 0.05
0 0.111328125 0.24513888888888888 0.03359375 0.043055555555555555
0 0.08828125 0.24722222222222223 0.0328125 0.04722222222222222
0 0.064453125 0.24791666666666667 0.03203125 0.043055555555555555
0 0.041796875 0.25 0.02890625 0.041666666666666664
0 0.02109375 0.29583333333333334 0.0375 0.06111111111111111
0 0.0453125 0.29583333333333334 0.0328125 0.05555555555555555
0 0.069921875 0.29583333333333334 0.03359375 0.05555555555555555
0 0.09140625 0.29583333333333334 0.034375 0.06111111111111111
0 0.114453125 0.2916666666666667 0.03359375 0.06111111111111111
0 0.13828125 0.28958333333333336 0.0296875 0.059722222222222225
0 0.161328125 0.2881944444444444 0.03046875 0.059722222222222225
0 0.18828125 0.2847222222222222 0.0328125 0.058333333333333334
0 0.212109375 0.2881944444444444 0.03359375 0.0625
0 0.237109375 0.2881944444444444 0.03046875 0.05694444444444444
0 0.26015625 0.2881944444444444 0.03125 0.05694444444444444
0 0.286328125 0.28958333333333336 0.03046875 0.06527777777777778
0 0.429296875 0.15138888888888888 0.02578125 0.05277777777777778
0 0.433984375 0.10902777777777778 0.02265625 0.0375
0 0.41171875 0.11319444444444444 0.0234375 0.0375
0 0.40390625 0.15208333333333332 0.025 0.04583333333333333
0 0.381640625 0.11180555555555556 0.02421875 0.0375
0 0.373046875 0.15069444444444444 0.02578125 0.05138888888888889
0 0.35703125 0.11319444444444444 0.0234375 0.04861111111111111
0 0.34609375 0.15763888888888888 0.025 0.04027777777777778
0 0.334375 0.11805555555555555 0.025 0.044444444444444446
0 0.315625 0.10902777777777778 0.0265625 0.04861111111111111
0 0.32578125 0.15138888888888888 0.0234375 0.04722222222222222
0 0.30234375 0.15138888888888888 0.0234375 0.05
0 0.290625 0.11527777777777778 0.021875 0.03611111111111111
0 0.280078125 0.15625 0.02890625 0.04583333333333333
0 0.27109375 0.11597222222222223 0.0203125 0.0375
0 0.25703125 0.1527777777777778 0.028125 0.05555555555555555
0 0.25 0.11319444444444444 0.0234375 0.0375
0 0.23671875 0.1527777777777778 0.0265625 0.05277777777777778
0 0.229296875 0.11944444444444445 0.02109375 0.030555555555555555
0 0.20859375 0.11527777777777778 0.028125 0.041666666666666664
0 0.21484375 0.15625 0.025 0.043055555555555555
0 0.193359375 0.15833333333333333 0.02890625 0.05277777777777778
0 0.18671875 0.12222222222222222 0.0234375 0.03611111111111111
0 0.1671875 0.12430555555555556 0.0265625 0.029166666666666667
0 0.145703125 0.12638888888888888 0.02734375 0.03611111111111111
0 0.12421875 0.12777777777777777 0.028125 0.03888888888888889
0 0.104296875 0.12916666666666668 0.02890625 0.03611111111111111
0 0.088671875 0.16319444444444445 0.02734375 0.04583333333333333
0 0.11015625 0.16527777777777777 0.028125 0.041666666666666664
0 0.13046875 0.1625 0.028125 0.04722222222222222
0 0.152734375 0.16111111111111112 0.02734375 0.044444444444444446
0 0.17109375 0.16180555555555556 0.0296875 0.04861111111111111
0 0.141015625 0.06388888888888888 0.02890625 0.03888888888888889
0 0.158203125 0.03125 0.02109375 0.029166666666666667
0 0.175 0.027777777777777776 0.0234375 0.030555555555555555
0 0.162890625 0.05763888888888889 0.02578125 0.043055555555555555
0 0.18046875 0.059027777777777776 0.0234375 0.04027777777777778
0 0.19609375 0.058333333333333334 0.0234375 0.044444444444444446
0 0.217578125 0.05763888888888889 0.02890625 0.0375
0 0.238671875 0.05138888888888889 0.02421875 0.03888888888888889
0 0.255859375 0.05416666666666667 0.02109375 0.03333333333333333
0 0.275 0.05 0.021875 0.041666666666666664
0 0.293359375 0.050694444444444445 0.02109375 0.04027777777777778
0 0.316015625 0.05 0.02265625 0.041666666666666664
0 0.336328125 0.05 0.02421875 0.041666666666666664
0 0.35546875 0.04861111111111111 0.025 0.03888888888888889
0 0.376171875 0.04722222222222222 0.02265625 0.041666666666666664
0 0.39765625 0.04722222222222222 0.0234375 0.041666666666666664
0 0.42734375 0.04722222222222222 0.0203125 0.03888888888888889
0 0.44765625 0.041666666666666664 0.01875 0.041666666666666664
0 0.469921875 0.04236111111111111 0.02109375 0.04027777777777778
0 0.49140625 0.03888888888888889 0.021875 0.04722222222222222
0 0.513671875 0.04027777777777778 0.01953125 0.044444444444444446
0 0.53203125 0.04027777777777778 0.01875 0.044444444444444446
0 0.554296875 0.0375 0.01953125 0.04722222222222222
0 0.57421875 0.035416666666666666 0.01875 0.04861111111111111
0 0.594140625 0.035416666666666666 0.01953125 0.043055555555555555
0 0.616015625 0.03611111111111111 0.01953125 0.03888888888888889
0 0.637109375 0.027777777777777776 0.01796875 0.05
0 0.659375 0.029861111111111113 0.0203125 0.04583333333333333
0 0.681640625 0.029166666666666667 0.01796875 0.03888888888888889
0 0.70390625 0.027083333333333334 0.0203125 0.04583333333333333
0 0.72421875 0.029861111111111113 0.0203125 0.043055555555555555
0 0.74921875 0.029166666666666667 0.0234375 0.03888888888888889
0 0.771484375 0.025 0.02265625 0.044444444444444446
0 0.7953125 0.024305555555555556 0.025 0.04861111111111111
0 0.81796875 0.02013888888888889 0.025 0.04027777777777778
0 0.840234375 0.019444444444444445 0.02109375 0.03888888888888889
0 0.192578125 0.021527777777777778 0.02265625 0.02638888888888889
0 0.212890625 0.022916666666666665 0.02265625 0.029166666666666667
0 0.228125 0.022916666666666665 0.0171875 0.034722222222222224
0 0.245703125 0.01875 0.02265625 0.029166666666666667
0 0.265234375 0.018055555555555554 0.02265625 0.03611111111111111
0 0.283984375 0.014583333333333334 0.02265625 0.02361111111111111
0 0.3046875 0.016666666666666666 0.021875 0.03333333333333333
0 0.32421875 0.013888888888888888 0.021875 0.027777777777777776
0 0.343359375 0.014583333333333334 0.02578125 0.029166666666666667
0 0.360546875 0.013888888888888888 0.02265625 0.027777777777777776
0 0.380859375 0.013888888888888888 0.02109375 0.027777777777777776
0 0.400390625 0.0125 0.02421875 0.025
0 0.43046875 0.013194444444444444 0.021875 0.02638888888888889
0 0.45234375 0.011111111111111112 0.01875 0.022222222222222223
0 0.47109375 0.011805555555555555 0.021875 0.02361111111111111
0 0.015234375 0.1763888888888889 0.03046875 0.030555555555555555
0 0.02109375 0.15833333333333333 0.0328125 0.030555555555555555
0 0.0328125 0.14305555555555555 0.0359375 0.030555555555555555
0 0.040234375 0.12361111111111112 0.03515625 0.027777777777777776
0 0.0515625 0.10833333333333334 0.0328125 0.030555555555555555
0 0.058984375 0.09444444444444444 0.03203125 0.027777777777777776
0 0.0671875 0.07569444444444444 0.0359375 0.029166666666666667
0 0.076171875 0.0625 0.03203125 0.027777777777777776
0 0.08671875 0.049305555555555554 0.03125 0.029166666666666667
0 0.093359375 0.035416666666666666 0.03046875 0.018055555555555554
0 0.1 0.021527777777777778 0.03125 0.02361111111111111
0 0.11015625 0.010416666666666666 0.034375 0.020833333333333332
0 0.458203125 0.4618055555555556 0.03046875 0.0763888888888889
0 0.465625 0.3972222222222222 0.028125 0.058333333333333334
0 0.43359375 0.3958333333333333 0.0265625 0.06666666666666667
0 0.428515625 0.46111111111111114 0.02734375 0.06944444444444445
0 0.408203125 0.3972222222222222 0.02578125 0.06388888888888888
0 0.3984375 0.4652777777777778 0.0296875 0.06944444444444445
0 0.36796875 0.46319444444444446 0.0328125 0.07916666666666666
0 0.379296875 0.3951388888888889 0.03046875 0.0625
0 0.349609375 0.3972222222222222 0.02890625 0.058333333333333334
0 0.337890625 0.4618055555555556 0.03046875 0.06805555555555555
0 0.308203125 0.39444444444444443 0.03828125 0.06944444444444445
0 0.291796875 0.4625 0.03359375 0.075
0 0.277734375 0.39444444444444443 0.03203125 0.06944444444444445
0 0.26328125 0.4625 0.034375 0.06944444444444445
0 0.250390625 0.4048611111111111 0.03515625 0.05138888888888889
0 0.234375 0.46319444444444446 0.0359375 0.06805555555555555
0 0.225390625 0.4013888888888889 0.03359375 0.06111111111111111
0 0.20546875 0.46458333333333335 0.0390625 0.06805555555555555
0 0.196875 0.4027777777777778 0.0359375 0.06111111111111111
0 0.169140625 0.40347222222222223 0.03515625 0.05694444444444444
0 0.178515625 0.46111111111111114 0.03515625 0.06388888888888888
0 0.14453125 0.40208333333333335 0.0328125 0.05694444444444444
0 0.149609375 0.4638888888888889 0.03359375 0.06388888888888888
0 0.115234375 0.39861111111111114 0.03671875 0.06111111111111111
0 0.118359375 0.4625 0.03359375 0.07777777777777778
0 0.093359375 0.45902777777777776 0.03828125 0.0763888888888889
0 0.065625 0.4625 0.0375 0.06944444444444445
0 0.090234375 0.40347222222222223 0.03359375 0.05138888888888889
0 0.06640625 0.4041666666666667 0.0359375 0.058333333333333334
0 0.042578125 0.39861111111111114 0.03203125 0.06388888888888888
0 0.0171875 0.40347222222222223 0.034375 0.05138888888888889
0 0.017578125 0.4652777777777778 0.03515625 0.06944444444444445
0 0.038671875 0.4638888888888889 0.03515625 0.06944444444444445
0 0.86328125 0.019444444444444445 0.0265625 0.03888888888888889
0 0.010546875 0.1986111111111111 0.02109375 0.030555555555555555
