0 0.23515625 0.2881944444444444 0.0359375 0.0625
0 0.259765625 0.2902777777777778 0.03515625 0.06666666666666667
0 0.286328125 0.2902777777777778 0.03359375 0.06666666666666667
0 0.3109375 0.28888888888888886 0.0359375 0.06666666666666667
0 0.336328125 0.29097222222222224 0.03359375 0.0625
0 0.3765625 0.2875 0.0328125 0.06388888888888888
0 0.404296875 0.2881944444444444 0.02734375 0.059722222222222225
0 0.430078125 0.2902777777777778 0.02578125 0.06388888888888888
0 0.4546875 0.2875 0.0265625 0.06388888888888888
0 0.48125 0.28888888888888886 0.028125 0.06111111111111111
0 0.50625 0.28680555555555554 0.025 0.05416666666666667
0 0.5328125 0.28680555555555554 0.0265625 0.05694444444444444
0 0.5609375 0.28194444444444444 0.025 0.05277777777777778
0 0.588671875 0.2826388888888889 0.02890625 0.059722222222222225
0 0.61796875 0.2826388888888889 0.025 0.059722222222222225
0 0.644140625 0.28125 0.02734375 0.05416666666666667
0 0.673046875 0.28125 0.02734375 0.05416666666666667
0 0.701171875 0.27847222222222223 0.02734375 0.05138888888888889
0 0.731640625 0.28055555555555556 0.03046875 0.05555555555555555
0 0.7609375 0.27708333333333335 0.028125 0.0625
0 0.78671875 0.27708333333333335 0.03125 0.05416666666666667
0 0.81640625 0.2743055555555556 0.0359375 0.0625
0 0.19765625 0.40069444444444446 0.0421875 0.059722222222222225
0 0.223046875 0.3993055555555556 0.04140625 0.0625
0 0.249609375 0.4013888888888889 0.03828125 0.06388888888888888
0 0.281640625 0.4013888888888889 0.03984375 0.058333333333333334
0 0.312890625 0.4027777777777778 0.03671875 0.06111111111111111
0 0.350390625 0.40208333333333335 0.03515625 0.05694444444444444
0 0.375390625 0.4013888888888889 0.03515625 0.06111111111111111
0 0.409765625 0.3958333333333333 0.03359375 0.058333333333333334
0 0.436328125 0.39791666666666664 0.03359375 0.05694444444444444
0 0.465234375 0.39652777777777776 0.03515625 0.0625
0 0.495703125 0.3958333333333333 0.03203125 0.06111111111111111
0 0.521875 0.39652777777777776 0.03125 0.059722222222222225
0 0.553125 0.3951388888888889 0.0296875 0.06805555555555555
0 0.58359375 0.39652777777777776 0.0296875 0.059722222222222225
0 0.61328125 0.39305555555555555 0.034375 0.06388888888888888
0 0.647265625 0.3888888888888889 0.03046875 0.07222222222222222
0 0.67890625 0.39375 0.03125 0.07361111111111111
0 0.709375 0.38958333333333334 0.0359375 0.07361111111111111
0 0.741015625 0.39166666666666666 0.03203125 0.06944444444444445
0 0.7734375 0.39166666666666666 0.0375 0.075
0 0.806640625 0.3909722222222222 0.03359375 0.07083333333333333
0 0.839453125 0.39166666666666666 0.03671875 0.06666666666666667
0 0.176171875 0.4618055555555556 0.03671875 0.07916666666666666
0 0.205078125 0.4638888888888889 0.04453125 0.08055555555555556
0 0.232421875 0.4597222222222222 0.03984375 0.08333333333333333
0 0.26015625 0.4673611111111111 0.040625 0.07916666666666666
0 0.291015625 0.4652777777777778 0.03671875 0.08055555555555556
0 0.335546875 0.46875 0.03046875 0.08472222222222223
0 0.3671875 0.4666666666666667 0.0421875 0.08333333333333333
0 0.39453125 0.46805555555555556 0.0375 0.07777777777777778
0 0.42734375 0.4638888888888889 0.0375 0.08333333333333333
0 0.456640625 0.46805555555555556 0.03046875 0.075
0 0.48984375 0.46805555555555556 0.0328125 0.075
0 0.51875 0.46875 0.0328125 0.07083333333333333
0 0.55234375 0.46597222222222223 0.0265625 0.07083333333333333
0 0.582421875 0.4673611111111111 0.03203125 0.07083333333333333
0 0.613671875 0.4666666666666667 0.02890625 0.07222222222222222
0 0.646875 0.4638888888888889 0.03125 0.07222222222222222
0 0.68046875 0.4673611111111111 0.03125 0.07083333333333333
0 0.71171875 0.4652777777777778 0.0359375 0.06666666666666667
0 0.74609375 0.46597222222222223 0.0328125 0.07361111111111111
0 0.77890625 0.46319444444444446 0.0390625 0.07361111111111111
0 0.812109375 0.46597222222222223 0.03515625 0.06805555555555555
0 0.8484375 0.4597222222222222 0.0421875 0.075
0 0.121875 0.6152777777777778 0.0453125 0.08333333333333333
0 0.1515625 0.6180555555555556 0.0453125 0.07777777777777778
0 0.187109375 0.61875 0.04453125 0.07916666666666666
0 0.219140625 0.6166666666666667 0.04140625 0.07777777777777778
0 0.2515625 0.6222222222222222 0.0421875 0.075
0 0.30234375 0.61875 0.0390625 0.07083333333333333
0 0.33671875 0.6166666666666667 0.040625 0.07777777777777778
0 0.37265625 0.6201388888888889 0.0484375 0.08472222222222223
0 0.405078125 0.6201388888888889 0.04140625 0.07916666666666666
0 0.438671875 0.6236111111111111 0.04140625 0.08055555555555556
0 0.47109375 0.6222222222222222 0.0359375 0.08055555555555556
0 0.506640625 0.6243055555555556 0.03671875 0.0875
0 0.54140625 0.6208333333333333 0.0375 0.07777777777777778
0 0.57890625 0.6222222222222222 0.0359375 0.08611111111111111
0 0.6140625 0.6201388888888889 0.0359375 0.08194444444444444
0 0.651953125 0.6256944444444444 0.03671875 0.08194444444444444
0 0.689453125 0.6277777777777778 0.04140625 0.08333333333333333
0 0.7265625 0.6256944444444444 0.0421875 0.08194444444444444
0 0.7640625 0.625 0.040625 0.08888888888888889
0 0.801171875 0.6277777777777778 0.04453125 0.09166666666666666
0 0.837109375 0.6236111111111111 0.04140625 0.08888888888888889
0 0.875 0.6215277777777778 0.0484375 0.0875
0 0.059375 0.7333333333333333 0.053125 0.075
0 0.095703125 0.7368055555555556 0.05546875 0.08472222222222223
0 0.1375 0.7388888888888889 0.0546875 0.08611111111111111
0 0.1765625 0.7388888888888889 0.059375 0.08888888888888889
0 0.219140625 0.7368055555555556 0.05390625 0.09305555555555556
0 0.25703125 0.7368055555555556 0.053125 0.0875
0 0.300390625 0.7354166666666667 0.05234375 0.07916666666666666
0 0.344921875 0.7395833333333334 0.05234375 0.07916666666666666
0 0.3859375 0.7458333333333333 0.0515625 0.08333333333333333
0 0.429296875 0.7409722222222223 0.04921875 0.08194444444444444
0 0.470703125 0.7444444444444445 0.04140625 0.08611111111111111
0 0.510546875 0.7479166666666667 0.04609375 0.0875
0 0.378515625 0.8659722222222223 0.07265625 0.06805555555555555
0 0.485546875 0.8243055555555555 0.07109375 0.05138888888888889
0 0.293359375 0.9472222222222222 0.04453125 0.09444444444444444
0 0.252734375 0.9319444444444445 0.04296875 0.08888888888888889
0 0.21484375 0.9263888888888889 0.0390625 0.08888888888888889
0 0.3453125 0.9548611111111112 0.0421875 0.0875
0 0.39375 0.9534722222222223 0.0359375 0.09027777777777778
0 0.442578125 0.9513888888888888 0.03515625 0.09444444444444444
0 0.955078125 0.9590277777777778 0.07109375 0.07916666666666666
0 0.93046875 0.8770833333333333 0.0703125 0.0625
0 0.91796875 0.8013888888888889 0.0796875 0.06944444444444445
0 0.899609375 0.7340277777777777 0.06328125 0.059722222222222225
0 0.986328125 0.6256944444444444 0.02578125 0.09583333333333334
0 0.971875 0.5333333333333333 0.0390625 0.08888888888888889
0 0.9078125 0.5354166666666667 0.05625 0.07361111111111111
0 0.735546875 0.5430555555555555 0.06171875 0.058333333333333334
0 0.9046875 0.40347222222222223 0.0453125 0.07083333333333333
0 0.937890625 0.40347222222222223 0.04140625 0.0763888888888889
0 0.91953125 0.3388888888888889 0.03125 0.06111111111111111
0 0.827734375 0.7368055555555556 0.03515625 0.10972222222222222
0 0.78125 0.7423611111111111 0.034375 0.09583333333333334
0 0.73203125 0.7284722222222222 0.0296875 0.10416666666666667
0 0.6875 0.7326388888888888 0.0328125 0.09861111111111111
0 0.64453125 0.7381944444444445 0.0296875 0.09861111111111111
0 0.595703125 0.73125 0.03359375 0.09861111111111111
0 0.551953125 0.7361111111111112 0.03515625 0.09722222222222222
0 0.023046875 0.7277777777777777 0.04609375 0.09166666666666666
0 0.09375 0.61875 0.040625 0.0763888888888889
0 0.0640625 0.6131944444444445 0.04375 0.0875
0 0.03203125 0.6138888888888889 0.0453125 0.08333333333333333
0 0.0125 0.6166666666666667 0.025 0.06944444444444445
0 0.146875 0.4652777777777778 0.040625 0.06666666666666667
0 0.121484375 0.4618055555555556 0.03359375 0.059722222222222225
0 0.09296875 0.4652777777777778 0.0359375 0.07222222222222222
0 0.06640625 0.4597222222222222 0.0375 0.06944444444444445
0 0.040625 0.46458333333333335 0.0375 0.06527777777777778
0 0.015625 0.4625 0.03125 0.075
0 0.169921875 0.4013888888888889 0.03671875 0.06666666666666667
0 0.144140625 0.40555555555555556 0.03359375 0.06111111111111111
0 0.116796875 0.4041666666666667 0.03515625 0.06111111111111111
0 0.0890625 0.4041666666666667 0.034375 0.05
0 0.0640625 0.4041666666666667 0.0375 0.058333333333333334
0 0.038671875 0.40555555555555556 0.03828125 0.04722222222222222
0 0.014453125 0.40625 0.02890625 0.04861111111111111
0 0.836328125 0.3347222222222222 0.05234375 0.05277777777777778
0 0.81015625 0.22291666666666668 0.028125 0.05416666666666667
0 0.77890625 0.22291666666666668 0.0265625 0.05138888888888889
0 0.751953125 0.22430555555555556 0.02265625 0.04583333333333333
0 0.725390625 0.22708333333333333 0.02421875 0.04861111111111111
0 0.694921875 0.22777777777777777 0.02109375 0.04722222222222222
0 0.66875 0.2263888888888889 0.021875 0.044444444444444446
0 0.6421875 0.22777777777777777 0.0234375 0.05
0 0.6140625 0.22847222222222222 0.0234375 0.05138888888888889
0 0.5875 0.23055555555555557 0.0234375 0.04722222222222222
0 0.5609375 0.2298611111111111 0.021875 0.05138888888888889
0 0.5359375 0.23333333333333334 0.0234375 0.04722222222222222
0 0.512109375 0.23125 0.02265625 0.059722222222222225
0 0.4859375 0.23472222222222222 0.025 0.04722222222222222
0 0.459765625 0.23472222222222222 0.02109375 0.05
0 0.4359375 0.2388888888888889 0.0265625 0.041666666666666664
0 0.408984375 0.23541666666666666 0.02421875 0.04861111111111111
0 0.3828125 0.2361111111111111 0.0265625 0.05
0 0.348046875 0.23680555555555555 0.02890625 0.05138888888888889
0 0.323046875 0.23958333333333334 0.02734375 0.043055555555555555
0 0.296484375 0.24027777777777778 0.02734375 0.03888888888888889
0 0.2734375 0.24027777777777778 0.03125 0.041666666666666664
0 0.25078125 0.2388888888888889 0.0265625 0.03888888888888889
0 0.283203125 0.19722222222222222 0.04296875 0.03333333333333333
0 0.224609375 0.24097222222222223 0.03046875 0.04027777777777778
0 0.2109375 0.2881944444444444 0.0296875 0.05694444444444444
0 0.20234375 0.24027777777777778 0.0296875 0.04722222222222222
0 0.187109375 0.2916666666666667 0.03046875 0.05277777777777778
0 0.16015625 0.29097222222222224 0.0328125 0.0625
0 0.178515625 0.24166666666666667 0.03203125 0.05
0 0.152734375 0.24722222222222223 0.02578125 0.041666666666666664
0 0.1328125 0.24513888888888888 0.028125 0.04861111111111111
0 0.11015625 0.2465277777777778 0.0296875 0.04583333333333333
0 0.087109375 0.24791666666666667 0.03046875 0.05138888888888889
0 0.065234375 0.24861111111111112 0.02890625 0.03888888888888889
0 0.04140625 0.25069444444444444 0.034375 0.04861111111111111
0 0.023046875 0.29791666666666666 0.03359375 0.04583333333333333
0 0.04609375 0.29583333333333334 0.0296875 0.058333333333333334
0 0.0671875 0.2972222222222222 0.034375 0.058333333333333334
0 0.0921875 0.29583333333333334 0.0328125 0.05
0 0.11171875 0.29444444444444445 0.0296875 0.05555555555555555
0 0.134765625 0.29444444444444445 0.03359375 0.05
0 0.0140625 0.17430555555555555 0.028125 0.029166666666666667
0 0.020703125 0.15833333333333333 0.03828125 0.030555555555555555
0 0.02734375 0.14027777777777778 0.0421875 0.027777777777777776
0 0.03984375 0.12430555555555556 0.034375 0.02638888888888889
0 0.050390625 0.11041666666666666 0.03046875 0.02638888888888889
0 0.058203125 0.09375 0.03515625 0.02638888888888889
0 0.067578125 0.07777777777777778 0.03515625 0.025
0 0.077734375 0.06319444444444444 0.03203125 0.02361111111111111
0 0.084765625 0.050694444444444445 0.03203125 0.02638888888888889
0 0.0921875 0.03958333333333333 0.0328125 0.02361111111111111
0 0.100390625 0.02361111111111111 0.03046875 0.019444444444444445
0 0.10703125 0.009722222222222222 0.0328125 0.019444444444444445
0 0.166796875 0.007638888888888889 0.03359375 0.015277777777777777
0 0.156640625 0.030555555555555555 0.02265625 0.027777777777777776
0 0.14609375 0.06388888888888888 0.0234375 0.03888888888888889
0 0.106640625 0.12986111111111112 0.02578125 0.0375
0 0.08828125 0.16527777777777777 0.03125 0.044444444444444446
0 0.10859375 0.16111111111111112 0.028125 0.04722222222222222
0 0.13046875 0.1638888888888889 0.0296875 0.044444444444444446
0 0.1515625 0.16319444444444445 0.0296875 0.043055555555555555
0 0.173828125 0.15694444444444444 0.02734375 0.044444444444444446
0 0.19296875 0.15694444444444444 0.028125 0.041666666666666664
0 0.213671875 0.15694444444444444 0.02734375 0.044444444444444446
0 0.234375 0.15069444444444444 0.025 0.04861111111111111
0 0.25703125 0.15208333333333332 0.0296875 0.04583333333333333
0 0.27890625 0.15208333333333332 0.0234375 0.04583333333333333
0 0.12734375 0.12638888888888888 0.0234375 0.03611111111111111
0 0.1453125 0.125 0.025 0.03333333333333333
0 0.16640625 0.12569444444444444 0.028125 0.029166666666666667
0 0.184765625 0.12291666666666666 0.02421875 0.02638888888888889
0 0.205859375 0.11944444444444445 0.02734375 0.03333333333333333
0 0.173828125 0.08680555555555555 0.03671875 0.03194444444444444
0 0.228125 0.11805555555555555 0.025 0.030555555555555555
0 0.24765625 0.11736111111111111 0.025 0.034722222222222224
0 0.27109375 0.11527777777777778 0.025 0.03333333333333333
0 0.289453125 0.11666666666666667 0.02265625 0.03333333333333333
0 0.30859375 0.11736111111111111 0.0296875 0.0375
0 0.3328125 0.11597222222222223 0.025 0.0375
0 0.322265625 0.15416666666666667 0.02734375 0.04722222222222222
0 0.301171875 0.15486111111111112 0.02265625 0.043055555555555555
0 0.346875 0.1527777777777778 0.0234375 0.041666666666666664
0 0.35546875 0.11319444444444444 0.0234375 0.034722222222222224
0 0.339453125 0.08402777777777778 0.04296875 0.02361111111111111
0 0.383203125 0.11458333333333333 0.02734375 0.04027777777777778
0 0.373828125 0.1527777777777778 0.02578125 0.04722222222222222
0 0.412109375 0.11388888888888889 0.02421875 0.03611111111111111
0 0.4015625 0.15625 0.021875 0.043055555555555555
0 0.42421875 0.15347222222222223 0.0171875 0.034722222222222224
0 0.434765625 0.11388888888888889 0.02109375 0.030555555555555555
0 0.4578125 0.10902777777777778 0.0203125 0.03194444444444444
0 0.44921875 0.14930555555555555 0.0265625 0.05694444444444444
0 0.473828125 0.15 0.02109375 0.04722222222222222
0 0.4796875 0.10972222222222222 0.021875 0.03611111111111111
0 0.5015625 0.10486111111111111 0.0234375 0.0375
0 0.49765625 0.14583333333333334 0.021875 0.05277777777777778
0 0.522265625 0.10486111111111111 0.02265625 0.0375
0 0.519140625 0.1423611111111111 0.02734375 0.04861111111111111
0 0.546484375 0.1423611111111111 0.02421875 0.04861111111111111
0 0.54921875 0.09930555555555555 0.01875 0.043055555555555555
0 0.57109375 0.10486111111111111 0.021875 0.0375
0 0.571875 0.14166666666666666 0.0203125 0.04722222222222222
0 0.594140625 0.14097222222222222 0.01953125 0.043055555555555555
0 0.594921875 0.09791666666666667 0.01796875 0.04583333333333333
0 0.6171875 0.09861111111111111 0.01875 0.041666666666666664
0 0.6171875 0.1423611111111111 0.021875 0.05138888888888889
0 0.640234375 0.09305555555555556 0.02265625 0.03888888888888889
0 0.64140625 0.14027777777777778 0.01875 0.05
0 0.66171875 0.09305555555555556 0.021875 0.05
0 0.665234375 0.13819444444444445 0.02265625 0.043055555555555555
0 0.686328125 0.09583333333333334 0.02265625 0.044444444444444446
0 0.690234375 0.1388888888888889 0.02109375 0.041666666666666664
0 0.7109375 0.09166666666666666 0.0234375 0.041666666666666664
0 0.71484375 0.1375 0.0234375 0.05
0 0.73828125 0.08611111111111111 0.021875 0.044444444444444446
0 0.740234375 0.13680555555555557 0.02265625 0.04861111111111111
0 0.762109375 0.09166666666666666 0.02265625 0.04722222222222222
0 0.766015625 0.1375 0.02578125 0.044444444444444446
0 0.78671875 0.09166666666666666 0.0234375 0.03611111111111111
0 0.791796875 0.13541666666666666 0.02109375 0.043055555555555555
0 0.813671875 0.11319444444444444 0.02578125 0.06527777777777778
0 0.816796875 0.05486111111111111 0.04609375 0.029166666666666667
0 0.842578125 0.024305555555555556 0.02265625 0.0375
0 0.819921875 0.022916666666666665 0.02578125 0.04027777777777778
0 0.7953125 0.02638888888888889 0.025 0.03888888888888889
0 0.7734375 0.024305555555555556 0.021875 0.04027777777777778
0 0.75 0.022916666666666665 0.01875 0.043055555555555555
0 0.728515625 0.029861111111111113 0.02578125 0.0375
0 0.7078125 0.027083333333333334 0.021875 0.043055555555555555
0 0.68203125 0.027083333333333334 0.021875 0.04027777777777778
0 0.6609375 0.029166666666666667 0.0203125 0.044444444444444446
0 0.63984375 0.029861111111111113 0.01875 0.04861111111111111
0 0.61640625 0.03194444444444444 0.0203125 0.044444444444444446
0 0.596484375 0.03194444444444444 0.01953125 0.044444444444444446
0 0.57421875 0.035416666666666666 0.021875 0.04583333333333333
0 0.55234375 0.03125 0.021875 0.04861111111111111
0 0.53125 0.034027777777777775 0.021875 0.04861111111111111
0 0.509375 0.03680555555555556 0.0203125 0.043055555555555555
0 0.489453125 0.0375 0.02421875 0.041666666666666664
0 0.46796875 0.043055555555555555 0.021875 0.044444444444444446
0 0.449609375 0.04236111111111111 0.02265625 0.034722222222222224
0 0.426171875 0.043055555555555555 0.02109375 0.044444444444444446
0 0.394140625 0.05138888888888889 0.02421875 0.03611111111111111
0 0.3765625 0.04652777777777778 0.0234375 0.04027777777777778
0 0.35546875 0.04722222222222222 0.0234375 0.04722222222222222
0 0.33203125 0.049305555555555554 0.028125 0.04861111111111111
0 0.315234375 0.05 0.02265625 0.044444444444444446
0 0.295703125 0.04583333333333333 0.02734375 0.03888888888888889
0 0.274609375 0.05138888888888889 0.02421875 0.044444444444444446
0 0.255078125 0.05138888888888889 0.02578125 0.041666666666666664
0 0.23515625 0.05416666666666667 0.021875 0.03611111111111111
0 0.215234375 0.05555555555555555 0.02734375 0.044444444444444446
0 0.199609375 0.05694444444444444 0.02265625 0.044444444444444446
0 0.181640625 0.05694444444444444 0.02421875 0.03611111111111111
0 0.162890625 0.05763888888888889 0.02265625 0.034722222222222224
0 0.17578125 0.027777777777777776 0.01875 0.027777777777777776
0 0.191796875 0.027083333333333334 0.02421875 0.02361111111111111
0 0.21171875 0.019444444444444445 0.021875 0.027777777777777776
0 0.231640625 0.017361111111111112 0.02265625 0.034722222222222224
0 0.247265625 0.017361111111111112 0.02109375 0.029166666666666667
0 0.266015625 0.016666666666666666 0.02109375 0.027777777777777776
0 0.2859375 0.013888888888888888 0.021875 0.027777777777777776
0 0.304296875 0.014583333333333334 0.02109375 0.029166666666666667
0 0.320703125 0.0125 0.01953125 0.025
0 0.34140625 0.0125 0.0265625 0.025
0 0.362890625 0.011111111111111112 0.02265625 0.022222222222222223
0 0.382421875 0.0125 0.02109375 0.025
0 0.405078125 0.014583333333333334 0.02265625 0.029166666666666667
0 0.430859375 0.011111111111111112 0.02109375 0.022222222222222223
0 0.452734375 0.013194444444444444 0.02109375 0.02638888888888889
0 0.472265625 0.009722222222222222 0.01953125 0.019444444444444445
0 0.865234375 0.018055555555555554 0.02265625 0.03611111111111111
0 0.01015625 0.19236111111111112 0.0203125 0.029166666666666667
0 0.0203125 0.95625 0.040625 0.0763888888888889
0 0.162109375 0.9458333333333333 0.04296875 0.08611111111111111
0 0.10859375 0.9416666666666667 0.0484375 0.08888888888888889
0 0.492578125 0.9520833333333333 0.03984375 0.09027777777777778
0 0.60078125 0.9534722222222223 0.028125 0.09027777777777778
0 0.54453125 0.9520833333333333 0.0375 0.09305555555555556
0 0.65234375 0.9569444444444445 0.034375 0.08333333333333333
0 0.695703125 0.9583333333333334 0.03828125 0.08055555555555556
0 0.744921875 0.9618055555555556 0.03828125 0.07361111111111111
0 0.9015625 0.2388888888888889 0.03125 0.06111111111111111
