0 0.177734375 0.73125 0.04765625 0.09861111111111111
0 0.2140625 0.7284722222222222 0.0390625 0.09861111111111111
0 0.34765625 0.9486111111111111 0.04375 0.1
0 0.905859375 0.7375 0.04453125 0.1
0 0.984375 0.6291666666666667 0.0296875 0.10555555555555556
0 0.978125 0.54375 0.0359375 0.07083333333333333
0 0.959375 0.4777777777777778 0.040625 0.06944444444444445
0 0.937109375 0.4097222222222222 0.03828125 0.06944444444444445
0 0.91796875 0.33402777777777776 0.0359375 0.06527777777777778
0 0.893359375 0.2361111111111111 0.02890625 0.06944444444444445
0 0.873828125 0.42986111111111114 0.03515625 0.0763888888888889
0 0.87265625 0.6347222222222222 0.0375 0.08333333333333333
0 0.838671875 0.6340277777777777 0.03984375 0.09305555555555556
0 0.801953125 0.6326388888888889 0.03828125 0.09305555555555556
0 0.76875 0.6347222222222222 0.0390625 0.08888888888888889
0 0.725 0.6305555555555555 0.0375 0.08888888888888889
0 0.6875 0.625 0.0328125 0.10277777777777777
0 0.65078125 0.6305555555555555 0.0296875 0.08888888888888889
0 0.61484375 0.6201388888888889 0.034375 0.10138888888888889
0 0.582421875 0.6277777777777778 0.02890625 0.08055555555555556
0 0.53984375 0.6263888888888889 0.028125 0.08888888888888889
0 0.506640625 0.6284722222222222 0.03046875 0.08472222222222223
0 0.472265625 0.6270833333333333 0.02890625 0.07916666666666666
0 0.4375 0.6263888888888889 0.0296875 0.08333333333333333
0 0.401171875 0.625 0.03515625 0.07777777777777778
0 0.36640625 0.6222222222222222 0.0375 0.09444444444444444
0 0.334765625 0.6256944444444444 0.03671875 0.07916666666666666
0 0.298828125 0.6222222222222222 0.03671875 0.08055555555555556
0 0.252734375 0.625 0.04140625 0.07777777777777778
0 0.21875 0.6236111111111111 0.0390625 0.06944444444444445
0 0.18984375 0.6159722222222223 0.0375 0.08194444444444444
0 0.161328125 0.6131944444444445 0.03671875 0.08194444444444444
0 0.130078125 0.6194444444444445 0.03984375 0.07222222222222222
0 0.096484375 0.6194444444444445 0.04140625 0.075
0 0.0703125 0.6111111111111112 0.0484375 0.09444444444444444
0 0.034375 0.6145833333333334 0.04375 0.08472222222222223
0 0.0109375 0.6152777777777778 0.021875 0.07222222222222222
0 0.84921875 0.46597222222222223 0.034375 0.0763888888888889
0 0.839453125 0.39652777777777776 0.02734375 0.06527777777777778
0 0.799609375 0.40069444444444446 0.02734375 0.06527777777777778
0 0.815234375 0.4638888888888889 0.03203125 0.075
0 0.768359375 0.40069444444444446 0.02890625 0.059722222222222225
0 0.783984375 0.4638888888888889 0.03203125 0.06111111111111111
0 0.739453125 0.4013888888888889 0.02734375 0.06666666666666667
0 0.748828125 0.4666666666666667 0.03359375 0.06944444444444445
0 0.708203125 0.3972222222222222 0.02734375 0.06388888888888888
0 0.71640625 0.46458333333333335 0.0296875 0.07361111111111111
0 0.676171875 0.3958333333333333 0.02265625 0.06388888888888888
0 0.68125 0.46458333333333335 0.028125 0.0763888888888889
0 0.6484375 0.39652777777777776 0.0265625 0.06527777777777778
0 0.64765625 0.4652777777777778 0.028125 0.06666666666666667
0 0.61484375 0.3958333333333333 0.0265625 0.06111111111111111
0 0.613671875 0.4597222222222222 0.02734375 0.06666666666666667
0 0.58359375 0.39444444444444443 0.025 0.06666666666666667
0 0.5828125 0.46111111111111114 0.0265625 0.06944444444444445
0 0.552734375 0.3909722222222222 0.02265625 0.07361111111111111
0 0.550390625 0.46458333333333335 0.02734375 0.06527777777777778
0 0.52265625 0.4013888888888889 0.025 0.06111111111111111
0 0.52109375 0.4618055555555556 0.028125 0.06527777777777778
0 0.494921875 0.3993055555555556 0.02578125 0.04861111111111111
0 0.4875 0.4673611111111111 0.025 0.06805555555555555
0 0.4578125 0.46111111111111114 0.025 0.06944444444444445
0 0.466015625 0.39861111111111114 0.02578125 0.06111111111111111
0 0.436328125 0.40069444444444446 0.02421875 0.0625
0 0.42890625 0.4638888888888889 0.03125 0.06388888888888888
0 0.408984375 0.39791666666666664 0.02421875 0.06527777777777778
0 0.398046875 0.46319444444444446 0.03046875 0.0763888888888889
0 0.37734375 0.3993055555555556 0.028125 0.059722222222222225
0 0.36640625 0.4652777777777778 0.028125 0.07777777777777778
0 0.348046875 0.40069444444444446 0.03359375 0.06527777777777778
0 0.33671875 0.46597222222222223 0.03125 0.07361111111111111
0 0.308203125 0.4027777777777778 0.03203125 0.06111111111111111
0 0.29140625 0.4652777777777778 0.0359375 0.06388888888888888
0 0.260546875 0.4673611111111111 0.03515625 0.06527777777777778
0 0.231640625 0.4666666666666667 0.03515625 0.06111111111111111
0 0.280859375 0.40555555555555556 0.03359375 0.058333333333333334
0 0.251171875 0.40069444444444446 0.03203125 0.0763888888888889
0 0.223828125 0.4041666666666667 0.03046875 0.06388888888888888
0 0.2015625 0.46597222222222223 0.03125 0.07083333333333333
0 0.195703125 0.40555555555555556 0.03203125 0.05555555555555555
0 0.16796875 0.40208333333333335 0.0328125 0.059722222222222225
0 0.17734375 0.46458333333333335 0.0328125 0.06527777777777778
0 0.14765625 0.4618055555555556 0.0359375 0.07083333333333333
0 0.140625 0.40208333333333335 0.0328125 0.05416666666666667
0 0.12109375 0.46319444444444446 0.0375 0.0763888888888889
0 0.093359375 0.46111111111111114 0.03828125 0.06388888888888888
0 0.11640625 0.4027777777777778 0.0359375 0.05555555555555555
0 0.08984375 0.4013888888888889 0.0328125 0.06666666666666667
0 0.064453125 0.4048611111111111 0.03984375 0.059722222222222225
0 0.038671875 0.40347222222222223 0.03671875 0.05138888888888889
0 0.015234375 0.40625 0.03046875 0.05694444444444444
0 0.036328125 0.46458333333333335 0.03671875 0.06805555555555555
0 0.06640625 0.4652777777777778 0.040625 0.06111111111111111
0 0.01484375 0.46319444444444446 0.0296875 0.06527777777777778
0 0.81953125 0.27847222222222223 0.028125 0.06527777777777778
0 0.809765625 0.22361111111111112 0.02578125 0.05
0 0.781640625 0.22569444444444445 0.02421875 0.04861111111111111
0 0.79140625 0.28402777777777777 0.0328125 0.06527777777777778
0 0.751953125 0.22569444444444445 0.02890625 0.04861111111111111
0 0.7578125 0.2777777777777778 0.028125 0.06111111111111111
0 0.725 0.22291666666666668 0.0265625 0.05138888888888889
0 0.72734375 0.2791666666666667 0.0265625 0.06111111111111111
0 0.701171875 0.27708333333333335 0.02421875 0.05138888888888889
0 0.696484375 0.2263888888888889 0.02109375 0.04722222222222222
0 0.642578125 0.22430555555555556 0.02578125 0.05138888888888889
0 0.675390625 0.27708333333333335 0.02421875 0.0625
0 0.64453125 0.28194444444444444 0.025 0.06388888888888888
0 0.616015625 0.22708333333333333 0.02109375 0.05138888888888889
0 0.615625 0.2798611111111111 0.025 0.05694444444444444
0 0.589453125 0.2263888888888889 0.02265625 0.05277777777777778
0 0.5890625 0.2798611111111111 0.025 0.05416666666666667
0 0.564453125 0.23333333333333334 0.02265625 0.041666666666666664
0 0.561328125 0.2798611111111111 0.02265625 0.059722222222222225
0 0.536328125 0.2298611111111111 0.02421875 0.05416666666666667
0 0.532421875 0.2861111111111111 0.02734375 0.05555555555555555
0 0.511328125 0.23125 0.02265625 0.05416666666666667
0 0.508203125 0.28402777777777777 0.02109375 0.05694444444444444
0 0.48515625 0.2375 0.025 0.044444444444444446
0 0.480859375 0.2847222222222222 0.02578125 0.06111111111111111
0 0.462109375 0.23194444444444445 0.02421875 0.04722222222222222
0 0.45390625 0.28194444444444444 0.0234375 0.06111111111111111
0 0.4359375 0.2375 0.0265625 0.05277777777777778
0 0.42890625 0.29097222222222224 0.028125 0.04861111111111111
0 0.410546875 0.24305555555555555 0.02578125 0.05
0 0.3828125 0.23819444444444443 0.0234375 0.04861111111111111
0 0.3765625 0.28958333333333336 0.028125 0.059722222222222225
0 0.345703125 0.23472222222222222 0.02890625 0.03611111111111111
0 0.337890625 0.2875 0.03359375 0.06111111111111111
0 0.320703125 0.2388888888888889 0.02734375 0.05555555555555555
0 0.312109375 0.2916666666666667 0.02890625 0.058333333333333334
0 0.294140625 0.2388888888888889 0.03046875 0.04722222222222222
0 0.286328125 0.28958333333333336 0.03203125 0.0625
0 0.258984375 0.29097222222222224 0.03046875 0.059722222222222225
0 0.271875 0.2388888888888889 0.0234375 0.041666666666666664
0 0.25078125 0.2375 0.0265625 0.04722222222222222
0 0.23828125 0.2875 0.0296875 0.058333333333333334
0 0.22578125 0.23680555555555555 0.0296875 0.05416666666666667
0 0.213671875 0.29305555555555557 0.03203125 0.058333333333333334
0 0.1859375 0.28958333333333336 0.03125 0.05416666666666667
0 0.2015625 0.24375 0.028125 0.04583333333333333
0 0.1796875 0.24027777777777778 0.0296875 0.03888888888888889
0 0.15625 0.23958333333333334 0.0296875 0.05416666666666667
0 0.134765625 0.24305555555555555 0.03046875 0.05277777777777778
0 0.108984375 0.2465277777777778 0.03203125 0.05416666666666667
0 0.0640625 0.25 0.0359375 0.04722222222222222
0 0.04140625 0.25 0.028125 0.05277777777777778
0 0.159765625 0.29305555555555557 0.03203125 0.06388888888888888
0 0.1375 0.28888888888888886 0.0296875 0.058333333333333334
0 0.115625 0.29375 0.0265625 0.05694444444444444
0 0.0890625 0.3 0.034375 0.05277777777777778
0 0.065234375 0.30277777777777776 0.03515625 0.05277777777777778
0 0.0453125 0.2986111111111111 0.0359375 0.05
0 0.019140625 0.3 0.03671875 0.05555555555555555
0 0.822265625 0.1375 0.02578125 0.05277777777777778
0 0.787890625 0.09027777777777778 0.02734375 0.04722222222222222
0 0.79296875 0.13680555555555557 0.025 0.04583333333333333
0 0.761328125 0.08958333333333333 0.02578125 0.04583333333333333
0 0.76640625 0.1388888888888889 0.0234375 0.05
0 0.7375 0.09097222222222222 0.025 0.05416666666666667
0 0.74140625 0.1375 0.021875 0.04722222222222222
0 0.714453125 0.09305555555555556 0.02421875 0.044444444444444446
0 0.712890625 0.1361111111111111 0.02578125 0.05555555555555555
0 0.693359375 0.09652777777777778 0.02109375 0.04861111111111111
0 0.68984375 0.14305555555555555 0.0234375 0.05277777777777778
0 0.6640625 0.09722222222222222 0.01875 0.044444444444444446
0 0.664453125 0.14166666666666666 0.02265625 0.04722222222222222
0 0.639453125 0.09861111111111111 0.02109375 0.03611111111111111
0 0.64140625 0.14444444444444443 0.021875 0.044444444444444446
0 0.615234375 0.10069444444444445 0.01796875 0.043055555555555555
0 0.6171875 0.14583333333333334 0.0234375 0.05
0 0.591015625 0.10208333333333333 0.01953125 0.034722222222222224
0 0.592578125 0.14583333333333334 0.01953125 0.05277777777777778
0 0.56953125 0.10138888888888889 0.01875 0.03333333333333333
0 0.569140625 0.14305555555555555 0.02109375 0.04722222222222222
0 0.54765625 0.10416666666666667 0.0203125 0.044444444444444446
0 0.54453125 0.14930555555555555 0.0265625 0.05416666666666667
0 0.525 0.10902777777777778 0.0234375 0.04027777777777778
0 0.5203125 0.14930555555555555 0.021875 0.04583333333333333
0 0.5 0.10902777777777778 0.025 0.04027777777777778
0 0.498046875 0.14930555555555555 0.02421875 0.04861111111111111
0 0.479296875 0.10694444444444444 0.02109375 0.03888888888888889
0 0.474609375 0.14930555555555555 0.02421875 0.05416666666666667
0 0.455859375 0.1125 0.02109375 0.03888888888888889
0 0.447265625 0.15208333333333332 0.01796875 0.05138888888888889
0 0.434375 0.10833333333333334 0.0234375 0.041666666666666664
0 0.42734375 0.1486111111111111 0.021875 0.04722222222222222
0 0.4140625 0.1125 0.025 0.03888888888888889
0 0.405078125 0.1527777777777778 0.02421875 0.04722222222222222
0 0.673828125 0.05694444444444444 0.04140625 0.030555555555555555
0 0.379296875 0.11527777777777778 0.02578125 0.03888888888888889
0 0.369921875 0.15555555555555556 0.02578125 0.044444444444444446
0 0.355859375 0.10972222222222222 0.02265625 0.041666666666666664
0 0.344140625 0.15416666666666667 0.02265625 0.04722222222222222
0 0.32265625 0.15486111111111112 0.0265625 0.04027777777777778
0 0.33359375 0.11597222222222223 0.028125 0.0375
0 0.312109375 0.11458333333333333 0.02265625 0.0375
0 0.292578125 0.1125 0.02421875 0.03888888888888889
0 0.280859375 0.1527777777777778 0.02734375 0.04722222222222222
0 0.26875 0.11597222222222223 0.0234375 0.04583333333333333
0 0.255859375 0.15833333333333333 0.02578125 0.041666666666666664
0 0.248828125 0.11597222222222223 0.02421875 0.0375
0 0.235546875 0.15486111111111112 0.02578125 0.043055555555555555
0 0.22890625 0.11319444444444444 0.0265625 0.04027777777777778
0 0.212890625 0.15694444444444444 0.03046875 0.05277777777777778
0 0.205859375 0.12361111111111112 0.02421875 0.03888888888888889
0 0.190625 0.15763888888888888 0.0296875 0.04583333333333333
0 0.185546875 0.12152777777777778 0.02734375 0.0375
0 0.16953125 0.16111111111111112 0.025 0.04722222222222222
0 0.1484375 0.16180555555555556 0.03125 0.04583333333333333
0 0.165234375 0.12569444444444444 0.02578125 0.034722222222222224
0 0.144140625 0.12708333333333333 0.02421875 0.03194444444444444
0 0.125390625 0.12777777777777777 0.02421875 0.030555555555555555
0 0.10703125 0.12777777777777777 0.028125 0.03611111111111111
0 0.081640625 0.1423611111111111 0.03359375 0.05138888888888889
0 0.08671875 0.16666666666666666 0.0265625 0.044444444444444446
0 0.108203125 0.1638888888888889 0.03203125 0.044444444444444446
0 0.128125 0.1673611111111111 0.03125 0.04583333333333333
0 0.01328125 0.17430555555555555 0.0265625 0.02638888888888889
0 0.019921875 0.15902777777777777 0.03671875 0.029166666666666667
0 0.03046875 0.13958333333333334 0.034375 0.02361111111111111
0 0.0359375 0.12430555555555556 0.0359375 0.02361111111111111
0 0.048046875 0.10902777777777778 0.03203125 0.02638888888888889
0 0.0578125 0.09375 0.0328125 0.02361111111111111
0 0.068359375 0.07916666666666666 0.03046875 0.019444444444444445
0 0.076953125 0.06458333333333334 0.03359375 0.02361111111111111
0 0.083984375 0.05 0.03046875 0.022222222222222223
0 0.0921875 0.034722222222222224 0.0359375 0.025
0 0.1015625 0.02361111111111111 0.0296875 0.019444444444444445
0 0.109375 0.006944444444444444 0.0265625 0.013888888888888888
0 0.142578125 0.029166666666666667 0.02109375 0.030555555555555555
0 0.1265625 0.06111111111111111 0.0234375 0.03333333333333333
0 0.14375 0.06458333333333334 0.0234375 0.034722222222222224
0 0.160546875 0.0625 0.02109375 0.03333333333333333
0 0.175 0.02638888888888889 0.025 0.03888888888888889
0 0.1796875 0.06041666666666667 0.0234375 0.04027777777777778
0 0.199609375 0.059722222222222225 0.02578125 0.041666666666666664
0 0.21796875 0.05416666666666667 0.021875 0.03333333333333333
0 0.209765625 0.019444444444444445 0.01796875 0.03333333333333333
0 0.229296875 0.018055555555555554 0.02421875 0.03611111111111111
0 0.248828125 0.017361111111111112 0.02109375 0.034722222222222224
0 0.266015625 0.019444444444444445 0.01796875 0.03888888888888889
0 0.28515625 0.018055555555555554 0.0234375 0.030555555555555555
0 0.30390625 0.016666666666666666 0.021875 0.027777777777777776
0 0.32109375 0.01597222222222222 0.021875 0.02638888888888889
0 0.23671875 0.05347222222222222 0.021875 0.0375
0 0.2546875 0.05416666666666667 0.021875 0.03611111111111111
0 0.273828125 0.05138888888888889 0.02578125 0.041666666666666664
0 0.29375 0.05277777777777778 0.0234375 0.03611111111111111
0 0.3140625 0.049305555555555554 0.021875 0.034722222222222224
0 0.3328125 0.05 0.0234375 0.03888888888888889
0 0.35390625 0.05486111111111111 0.0234375 0.034722222222222224
0 0.360546875 0.01597222222222222 0.01953125 0.03194444444444444
0 0.380859375 0.015277777777777777 0.02109375 0.030555555555555555
0 0.375390625 0.04861111111111111 0.02109375 0.03611111111111111
0 0.398046875 0.044444444444444446 0.02109375 0.030555555555555555
0 0.403125 0.014583333333333334 0.0171875 0.029166666666666667
0 0.43203125 0.011111111111111112 0.0203125 0.022222222222222223
0 0.428515625 0.04236111111111111 0.02109375 0.04027777777777778
0 0.44765625 0.04375 0.0203125 0.034722222222222224
0 0.451171875 0.015277777777777777 0.01796875 0.030555555555555555
0 0.469921875 0.0125 0.01796875 0.025
0 0.4671875 0.04027777777777778 0.01875 0.03611111111111111
0 0.488671875 0.041666666666666664 0.02109375 0.041666666666666664
0 0.51171875 0.03888888888888889 0.015625 0.041666666666666664
0 0.53125 0.034722222222222224 0.0171875 0.04722222222222222
0 0.5515625 0.035416666666666666 0.0203125 0.043055555555555555
0 0.573046875 0.03125 0.01328125 0.04027777777777778
0 0.5953125 0.03125 0.015625 0.04027777777777778
0 0.616796875 0.029166666666666667 0.01953125 0.03888888888888889
0 0.639453125 0.027777777777777776 0.01796875 0.044444444444444446
0 0.6609375 0.027083333333333334 0.0171875 0.0375
0 0.6828125 0.022916666666666665 0.01875 0.0375
0 0.704296875 0.02361111111111111 0.01640625 0.03888888888888889
0 0.727734375 0.02847222222222222 0.01953125 0.04027777777777778
0 0.751953125 0.029861111111111113 0.02109375 0.0375
0 0.773828125 0.02638888888888889 0.02109375 0.044444444444444446
0 0.797265625 0.022222222222222223 0.02421875 0.044444444444444446
0 0.819140625 0.020833333333333332 0.02265625 0.041666666666666664
0 0.841015625 0.017361111111111112 0.02109375 0.034722222222222224
0 0.4921875 0.010416666666666666 0.01875 0.020833333333333332
0 0.00859375 0.19583333333333333 0.0171875 0.025
0 0.540625 0.9548611111111112 0.034375 0.0875
0 0.21171875 0.9493055555555555 0.0421875 0.09861111111111111
