0 0.4 0.9527777777777777 0.04375 0.09166666666666666
0 0.250390625 0.9472222222222222 0.04453125 0.08888888888888889
0 0.7015625 0.9583333333333334 0.03125 0.08055555555555556
0 0.930859375 0.8604166666666667 0.07421875 0.05694444444444444
0 0.9171875 0.8006944444444445 0.0828125 0.05694444444444444
0 0.899609375 0.73125 0.06953125 0.0625
0 0.97421875 0.55625 0.040625 0.07916666666666666
0 0.952734375 0.4701388888888889 0.03828125 0.07083333333333333
0 0.9359375 0.3993055555555556 0.034375 0.06805555555555555
0 0.896875 0.33194444444444443 0.053125 0.06111111111111111
0 0.8515625 0.46875 0.0390625 0.0875
0 0.88125 0.6354166666666666 0.0390625 0.09583333333333334
0 0.840234375 0.6326388888888889 0.03515625 0.09305555555555556
0 0.801171875 0.6326388888888889 0.03515625 0.08472222222222223
0 0.762109375 0.63125 0.03515625 0.09027777777777778
0 0.72421875 0.6319444444444444 0.0328125 0.08611111111111111
0 0.723828125 0.7284722222222222 0.03515625 0.09305555555555556
0 0.59375 0.7277777777777777 0.034375 0.08888888888888889
0 0.509765625 0.7298611111111111 0.03515625 0.10972222222222222
0 0.25703125 0.73125 0.0453125 0.10694444444444444
0 0.176953125 0.7194444444444444 0.04453125 0.1
0 0.13984375 0.7222222222222222 0.0453125 0.09722222222222222
0 0.685546875 0.6277777777777778 0.03515625 0.09444444444444444
0 0.64765625 0.6284722222222222 0.028125 0.08472222222222223
0 0.61171875 0.6243055555555556 0.03125 0.09305555555555556
0 0.57421875 0.6263888888888889 0.0265625 0.09166666666666666
0 0.541015625 0.6180555555555556 0.02578125 0.08055555555555556
0 0.50859375 0.6256944444444444 0.0265625 0.08472222222222223
0 0.47265625 0.6270833333333333 0.03125 0.07916666666666666
0 0.43828125 0.6208333333333333 0.03125 0.09444444444444444
0 0.4046875 0.6201388888888889 0.0328125 0.08194444444444444
0 0.370703125 0.61875 0.03046875 0.08194444444444444
0 0.334765625 0.6208333333333333 0.03828125 0.08333333333333333
0 0.30234375 0.6208333333333333 0.0359375 0.07777777777777778
0 0.254296875 0.6208333333333333 0.03828125 0.08055555555555556
0 0.219140625 0.6194444444444445 0.03359375 0.08611111111111111
0 0.187890625 0.6215277777777778 0.03828125 0.07916666666666666
0 0.153125 0.6159722222222223 0.0421875 0.08472222222222223
0 0.122265625 0.6159722222222223 0.03984375 0.0763888888888889
0 0.094140625 0.6159722222222223 0.04140625 0.07083333333333333
0 0.06015625 0.6145833333333334 0.0453125 0.09027777777777778
0 0.03046875 0.61875 0.0453125 0.07361111111111111
0 0.0140625 0.6131944444444445 0.028125 0.08472222222222223
0 0.08359375 0.5430555555555555 0.053125 0.04722222222222222
0 0.816015625 0.4618055555555556 0.03046875 0.08194444444444444
0 0.804296875 0.39791666666666664 0.03046875 0.06527777777777778
0 0.842578125 0.3958333333333333 0.03046875 0.05277777777777778
0 0.77109375 0.3951388888888889 0.0296875 0.0763888888888889
0 0.780859375 0.46597222222222223 0.03203125 0.07083333333333333
0 0.7453125 0.4638888888888889 0.03125 0.07222222222222222
0 0.73984375 0.3958333333333333 0.0296875 0.06111111111111111
0 0.707421875 0.3958333333333333 0.02578125 0.06111111111111111
0 0.708984375 0.45902777777777776 0.02734375 0.08472222222222223
0 0.676171875 0.4583333333333333 0.02265625 0.06388888888888888
0 0.675 0.3958333333333333 0.021875 0.06388888888888888
0 0.642578125 0.3909722222222222 0.02421875 0.059722222222222225
0 0.64453125 0.45902777777777776 0.0296875 0.0763888888888889
0 0.613671875 0.4583333333333333 0.02578125 0.075
0 0.61484375 0.3875 0.0265625 0.06111111111111111
0 0.584375 0.3951388888888889 0.0265625 0.05694444444444444
0 0.58515625 0.46041666666666664 0.028125 0.07916666666666666
0 0.55234375 0.45902777777777776 0.0265625 0.07083333333333333
0 0.5546875 0.39444444444444443 0.025 0.05555555555555555
0 0.525390625 0.39791666666666664 0.02421875 0.05416666666666667
0 0.517578125 0.46111111111111114 0.02421875 0.075
0 0.496875 0.3902777777777778 0.025 0.06944444444444445
0 0.48828125 0.4597222222222222 0.028125 0.075
0 0.466796875 0.39861111111111114 0.02890625 0.06666666666666667
0 0.46015625 0.4638888888888889 0.03125 0.06666666666666667
0 0.437890625 0.39791666666666664 0.03046875 0.0625
0 0.43125 0.46458333333333335 0.028125 0.0625
0 0.4078125 0.40069444444444446 0.03125 0.0625
0 0.4 0.46597222222222223 0.0296875 0.0763888888888889
0 0.38046875 0.4027777777777778 0.0296875 0.05277777777777778
0 0.37109375 0.4652777777777778 0.03125 0.075
0 0.35078125 0.39791666666666664 0.0296875 0.059722222222222225
0 0.33984375 0.46597222222222223 0.034375 0.07361111111111111
0 0.30703125 0.4027777777777778 0.0296875 0.05555555555555555
0 0.290625 0.4618055555555556 0.0328125 0.0763888888888889
0 0.278125 0.4048611111111111 0.034375 0.05694444444444444
0 0.251953125 0.40555555555555556 0.03515625 0.05555555555555555
0 0.2609375 0.46597222222222223 0.034375 0.07083333333333333
0 0.235546875 0.46111111111111114 0.03359375 0.07222222222222222
0 0.206640625 0.4638888888888889 0.03203125 0.06388888888888888
0 0.220703125 0.4048611111111111 0.03359375 0.059722222222222225
0 0.19375 0.4041666666666667 0.0328125 0.05555555555555555
0 0.17578125 0.4638888888888889 0.0359375 0.06666666666666667
0 0.150390625 0.46319444444444446 0.03359375 0.05694444444444444
0 0.16640625 0.40208333333333335 0.034375 0.0625
0 0.141015625 0.40208333333333335 0.03359375 0.0625
0 0.11484375 0.4041666666666667 0.0359375 0.05555555555555555
0 0.088671875 0.4013888888888889 0.03359375 0.058333333333333334
0 0.063671875 0.40347222222222223 0.04140625 0.059722222222222225
0 0.038671875 0.4048611111111111 0.04140625 0.05416666666666667
0 0.015234375 0.4076388888888889 0.03046875 0.05694444444444444
0 0.016015625 0.46319444444444446 0.03203125 0.06527777777777778
0 0.039453125 0.4625 0.03828125 0.06388888888888888
0 0.066796875 0.4597222222222222 0.03984375 0.075
0 0.0921875 0.4618055555555556 0.0390625 0.0625
0 0.11796875 0.46597222222222223 0.0390625 0.06805555555555555
0 0.816796875 0.27708333333333335 0.02890625 0.05416666666666667
0 0.810546875 0.2263888888888889 0.02421875 0.05555555555555555
0 0.77890625 0.22361111111111112 0.0234375 0.05
0 0.7875 0.2743055555555556 0.0265625 0.0625
0 0.753125 0.2263888888888889 0.025 0.04722222222222222
0 0.759375 0.2763888888888889 0.025 0.06111111111111111
0 0.721875 0.22361111111111112 0.0203125 0.044444444444444446
0 0.730078125 0.2791666666666667 0.02265625 0.06666666666666667
0 0.6953125 0.2222222222222222 0.0234375 0.05
0 0.69765625 0.2791666666666667 0.03125 0.06111111111111111
0 0.66953125 0.22569444444444445 0.021875 0.05694444444444444
0 0.6703125 0.27569444444444446 0.025 0.05138888888888889
0 0.643359375 0.22847222222222222 0.02421875 0.05138888888888889
0 0.64375 0.28194444444444444 0.0265625 0.058333333333333334
0 0.6171875 0.22847222222222222 0.0203125 0.043055555555555555
0 0.616796875 0.2791666666666667 0.02109375 0.058333333333333334
0 0.590234375 0.22847222222222222 0.02421875 0.05138888888888889
0 0.58984375 0.2847222222222222 0.0234375 0.058333333333333334
0 0.565234375 0.23125 0.02421875 0.05416666666666667
0 0.558203125 0.2833333333333333 0.01953125 0.06111111111111111
0 0.5359375 0.2298611111111111 0.0234375 0.0625
0 0.53125 0.28194444444444444 0.0234375 0.06388888888888888
0 0.508203125 0.2298611111111111 0.02421875 0.04583333333333333
0 0.50390625 0.28402777777777777 0.0234375 0.0625
0 0.484765625 0.22777777777777777 0.01953125 0.05555555555555555
0 0.480078125 0.2847222222222222 0.02421875 0.06111111111111111
0 0.460546875 0.23472222222222222 0.02265625 0.05
0 0.453515625 0.28888888888888886 0.02734375 0.05555555555555555
0 0.434765625 0.23680555555555555 0.02265625 0.04583333333333333
0 0.428125 0.28541666666666665 0.0265625 0.059722222222222225
0 0.409375 0.2361111111111111 0.025 0.05
0 0.400390625 0.28402777777777777 0.02265625 0.059722222222222225
0 0.385546875 0.24027777777777778 0.02734375 0.05277777777777778
0 0.373828125 0.28958333333333336 0.02421875 0.05694444444444444
0 0.3484375 0.23958333333333334 0.0265625 0.04583333333333333
0 0.337890625 0.29097222222222224 0.02890625 0.05138888888888889
0 0.321875 0.2388888888888889 0.0265625 0.03888888888888889
0 0.31015625 0.29097222222222224 0.0296875 0.0625
0 0.29609375 0.2375 0.028125 0.05277777777777778
0 0.284765625 0.28958333333333336 0.02890625 0.05694444444444444
0 0.271484375 0.2388888888888889 0.02734375 0.05
0 0.26015625 0.29097222222222224 0.03125 0.04861111111111111
0 0.250390625 0.2326388888888889 0.02578125 0.05138888888888889
0 0.23515625 0.28402777777777777 0.03125 0.06527777777777778
0 0.22421875 0.23819444444444443 0.028125 0.05138888888888889
0 0.21171875 0.29097222222222224 0.03125 0.05416666666666667
0 0.199609375 0.23541666666666666 0.03203125 0.05138888888888889
0 0.187109375 0.2916666666666667 0.03359375 0.06388888888888888
0 0.16328125 0.28958333333333336 0.0296875 0.059722222222222225
0 0.178125 0.24027777777777778 0.03125 0.044444444444444446
0 0.156640625 0.2423611111111111 0.02890625 0.0375
0 0.13203125 0.2465277777777778 0.028125 0.04027777777777778
0 0.112890625 0.24861111111111112 0.03046875 0.044444444444444446
0 0.090234375 0.24444444444444444 0.03671875 0.044444444444444446
0 0.064453125 0.24861111111111112 0.03359375 0.041666666666666664
0 0.041796875 0.25 0.03359375 0.05555555555555555
0 0.018359375 0.29930555555555555 0.03671875 0.05416666666666667
0 0.04453125 0.2972222222222222 0.040625 0.06111111111111111
0 0.06953125 0.29444444444444445 0.0375 0.05277777777777778
0 0.093359375 0.2965277777777778 0.03046875 0.05416666666666667
0 0.115234375 0.29444444444444445 0.03046875 0.05277777777777778
0 0.139453125 0.28888888888888886 0.03203125 0.06666666666666667
0 0.79609375 0.13333333333333333 0.0234375 0.05277777777777778
0 0.7859375 0.08611111111111111 0.025 0.044444444444444446
0 0.760546875 0.09166666666666666 0.02265625 0.041666666666666664
0 0.7703125 0.14097222222222222 0.025 0.05416666666666667
0 0.73671875 0.09444444444444444 0.0234375 0.04722222222222222
0 0.74140625 0.13958333333333334 0.025 0.05138888888888889
0 0.713671875 0.13333333333333333 0.02578125 0.05277777777777778
0 0.712109375 0.09375 0.02109375 0.04027777777777778
0 0.68671875 0.09722222222222222 0.0234375 0.041666666666666664
0 0.691015625 0.13680555555555557 0.01953125 0.05694444444444444
0 0.662890625 0.09791666666666667 0.01953125 0.043055555555555555
0 0.665234375 0.14027777777777778 0.02109375 0.05
0 0.640234375 0.09930555555555555 0.02109375 0.04027777777777778
0 0.641015625 0.14027777777777778 0.02265625 0.04722222222222222
0 0.616796875 0.09861111111111111 0.01953125 0.044444444444444446
0 0.617578125 0.14375 0.02109375 0.05138888888888889
0 0.59375 0.10138888888888889 0.0234375 0.03333333333333333
0 0.593359375 0.14097222222222222 0.02265625 0.04861111111111111
0 0.572265625 0.10416666666666667 0.01640625 0.044444444444444446
0 0.56640625 0.14583333333333334 0.0203125 0.03888888888888889
0 0.54921875 0.10555555555555556 0.0171875 0.03888888888888889
0 0.544140625 0.1451388888888889 0.02265625 0.04583333333333333
0 0.5265625 0.10902777777777778 0.01875 0.04027777777777778
0 0.51953125 0.14791666666666667 0.0203125 0.043055555555555555
0 0.502734375 0.10694444444444444 0.02265625 0.03611111111111111
0 0.498828125 0.14375 0.02421875 0.05416666666666667
0 0.4796875 0.10555555555555556 0.0203125 0.027777777777777776
0 0.47578125 0.14722222222222223 0.025 0.058333333333333334
0 0.456640625 0.10625 0.02421875 0.03194444444444444
0 0.45234375 0.14791666666666667 0.0234375 0.04861111111111111
0 0.43515625 0.11041666666666666 0.021875 0.04583333333333333
0 0.4296875 0.15486111111111112 0.0265625 0.043055555555555555
0 0.413671875 0.11319444444444444 0.02109375 0.0375
0 0.40078125 0.15416666666666667 0.0234375 0.05277777777777778
0 0.38203125 0.11388888888888889 0.028125 0.03888888888888889
0 0.37109375 0.1486111111111111 0.028125 0.05555555555555555
0 0.357421875 0.1125 0.02578125 0.03611111111111111
0 0.346484375 0.15486111111111112 0.02734375 0.04861111111111111
0 0.337109375 0.11736111111111111 0.02265625 0.029166666666666667
0 0.323828125 0.15763888888888888 0.02578125 0.04861111111111111
0 0.312890625 0.11458333333333333 0.02734375 0.04027777777777778
0 0.301171875 0.15902777777777777 0.02734375 0.04583333333333333
0 0.290234375 0.11875 0.02421875 0.03194444444444444
0 0.2796875 0.15416666666666667 0.025 0.044444444444444446
0 0.270703125 0.11597222222222223 0.02421875 0.043055555555555555
0 0.256640625 0.15416666666666667 0.02734375 0.05277777777777778
0 0.250390625 0.11458333333333333 0.02265625 0.03194444444444444
0 0.228515625 0.11944444444444445 0.02734375 0.03888888888888889
0 0.20859375 0.12222222222222222 0.03125 0.03611111111111111
0 0.187109375 0.12569444444444444 0.02734375 0.0375
0 0.169921875 0.12152777777777778 0.02578125 0.043055555555555555
0 0.14609375 0.12569444444444444 0.0296875 0.034722222222222224
0 0.12578125 0.13055555555555556 0.025 0.030555555555555555
0 0.1078125 0.12638888888888888 0.0265625 0.04722222222222222
0 0.087890625 0.16319444444444445 0.03046875 0.04861111111111111
0 0.1109375 0.1638888888888889 0.03125 0.044444444444444446
0 0.13046875 0.1638888888888889 0.03125 0.05277777777777778
0 0.15234375 0.16180555555555556 0.0296875 0.043055555555555555
0 0.17109375 0.16041666666666668 0.0265625 0.04583333333333333
0 0.192578125 0.16111111111111112 0.03046875 0.044444444444444446
0 0.215234375 0.15486111111111112 0.03046875 0.043055555555555555
0 0.23671875 0.1527777777777778 0.028125 0.05277777777777778
0 0.009765625 0.19305555555555556 0.01953125 0.03333333333333333
0 0.01484375 0.17569444444444443 0.0296875 0.02638888888888889
0 0.020703125 0.1597222222222222 0.03515625 0.03333333333333333
0 0.030078125 0.14097222222222222 0.03515625 0.029166666666666667
0 0.038671875 0.12569444444444444 0.03671875 0.03194444444444444
0 0.04921875 0.10833333333333334 0.0390625 0.030555555555555555
0 0.05859375 0.09166666666666666 0.034375 0.027777777777777776
0 0.0671875 0.07916666666666666 0.0296875 0.022222222222222223
0 0.075 0.059722222222222225 0.034375 0.022222222222222223
0 0.082421875 0.050694444444444445 0.03515625 0.02638888888888889
0 0.0921875 0.035416666666666666 0.0359375 0.02638888888888889
0 0.099609375 0.024305555555555556 0.03046875 0.02361111111111111
0 0.10625 0.010416666666666666 0.03125 0.020833333333333332
0 0.1421875 0.06458333333333334 0.0265625 0.04027777777777778
0 0.1625 0.06111111111111111 0.021875 0.03888888888888889
0 0.17578125 0.027777777777777776 0.021875 0.025
0 0.180859375 0.05416666666666667 0.02578125 0.044444444444444446
0 0.194140625 0.022222222222222223 0.02265625 0.022222222222222223
0 0.21328125 0.021527777777777778 0.028125 0.03194444444444444
0 0.23203125 0.022222222222222223 0.0234375 0.025
0 0.25 0.020833333333333332 0.0203125 0.027777777777777776
0 0.2671875 0.01597222222222222 0.021875 0.03194444444444444
0 0.28515625 0.013888888888888888 0.015625 0.027777777777777776
0 0.30390625 0.017361111111111112 0.0203125 0.034722222222222224
0 0.32578125 0.015277777777777777 0.0203125 0.030555555555555555
0 0.34140625 0.01597222222222222 0.021875 0.03194444444444444
0 0.361328125 0.013194444444444444 0.02265625 0.02638888888888889
0 0.3828125 0.016666666666666666 0.0203125 0.03333333333333333
0 0.4015625 0.013194444444444444 0.0203125 0.02638888888888889
0 0.43203125 0.013888888888888888 0.0203125 0.027777777777777776
0 0.45234375 0.0125 0.0203125 0.025
0 0.4734375 0.015277777777777777 0.01875 0.030555555555555555
0 0.492578125 0.013888888888888888 0.01953125 0.027777777777777776
0 0.198828125 0.05555555555555555 0.02421875 0.041666666666666664
0 0.219140625 0.05625 0.02578125 0.043055555555555555
0 0.2375 0.05555555555555555 0.0265625 0.03888888888888889
0 0.256640625 0.05347222222222222 0.02421875 0.043055555555555555
0 0.27578125 0.04861111111111111 0.021875 0.044444444444444446
0 0.295703125 0.05 0.02265625 0.03611111111111111
0 0.313671875 0.04861111111111111 0.01953125 0.041666666666666664
0 0.33359375 0.05 0.021875 0.03888888888888889
0 0.354296875 0.04722222222222222 0.02109375 0.041666666666666664
0 0.37578125 0.04652777777777778 0.0234375 0.04027777777777778
0 0.39375 0.04722222222222222 0.0203125 0.041666666666666664
0 0.425 0.04722222222222222 0.0203125 0.041666666666666664
0 0.447265625 0.043055555555555555 0.01953125 0.041666666666666664
0 0.4703125 0.04652777777777778 0.0234375 0.0375
0 0.490234375 0.04236111111111111 0.02265625 0.034722222222222224
0 0.510546875 0.03958333333333333 0.01953125 0.043055555555555555
0 0.533203125 0.03611111111111111 0.01953125 0.03888888888888889
0 0.553515625 0.03333333333333333 0.01640625 0.03888888888888889
0 0.57265625 0.03263888888888889 0.0171875 0.04027777777777778
0 0.594140625 0.034027777777777775 0.01953125 0.0375
0 0.615625 0.030555555555555555 0.01875 0.044444444444444446
0 0.63984375 0.029166666666666667 0.0171875 0.041666666666666664
0 0.66171875 0.029166666666666667 0.01875 0.03888888888888889
0 0.684765625 0.029861111111111113 0.01953125 0.043055555555555555
0 0.70625 0.024305555555555556 0.01875 0.04583333333333333
0 0.7265625 0.024305555555555556 0.015625 0.04583333333333333
0 0.750390625 0.025694444444444443 0.02109375 0.04027777777777778
0 0.773828125 0.022222222222222223 0.02265625 0.044444444444444446
0 0.798046875 0.022222222222222223 0.02265625 0.044444444444444446
0 0.819140625 0.019444444444444445 0.02109375 0.03888888888888889
0 0.841796875 0.02013888888888889 0.01953125 0.04027777777777778
0 0.514453125 0.010416666666666666 0.01796875 0.020833333333333332
0 0.533203125 0.010416666666666666 0.01640625 0.020833333333333332
0 0.955078125 0.9597222222222223 0.06484375 0.07777777777777778
0 0.86484375 0.020833333333333332 0.0203125 0.041666666666666664
0 0.909375 0.28541666666666665 0.0390625 0.06805555555555555
