0 0.404296875 0.95 0.03984375 0.09722222222222222
0 0.250390625 0.9472222222222222 0.04296875 0.1
0 0.158984375 0.9458333333333333 0.04609375 0.09444444444444444
0 0.44921875 0.9527777777777777 0.040625 0.09166666666666666
0 0.74765625 0.9472222222222222 0.040625 0.10277777777777777
0 0.956640625 0.9458333333333333 0.06015625 0.10555555555555556
0 0.9328125 0.85 0.071875 0.06388888888888888
0 0.912890625 0.7875 0.06953125 0.06666666666666667
0 0.900390625 0.7291666666666666 0.06640625 0.06388888888888888
0 0.53515625 0.95625 0.0359375 0.08472222222222223
0 0.699609375 0.9583333333333334 0.02890625 0.08055555555555556
0 0.98984375 0.65625 0.01875 0.08472222222222223
0 0.980078125 0.5715277777777777 0.03828125 0.09861111111111111
0 0.95546875 0.47708333333333336 0.0390625 0.07083333333333333
0 0.938671875 0.41180555555555554 0.03828125 0.07083333333333333
0 0.927734375 0.35 0.03671875 0.06111111111111111
0 0.84921875 0.46597222222222223 0.0390625 0.08472222222222223
0 0.837890625 0.3958333333333333 0.03515625 0.06388888888888888
0 0.8 0.39791666666666664 0.0296875 0.06527777777777778
0 0.81484375 0.4625 0.03125 0.075
0 0.77734375 0.46111111111111114 0.03125 0.06944444444444445
0 0.7703125 0.39375 0.0296875 0.0625
0 0.740234375 0.3972222222222222 0.03046875 0.06666666666666667
0 0.745703125 0.4638888888888889 0.03046875 0.07777777777777778
0 0.708203125 0.3951388888888889 0.02890625 0.0625
0 0.7109375 0.46111111111111114 0.028125 0.08055555555555556
0 0.677734375 0.3972222222222222 0.02890625 0.06666666666666667
0 0.675390625 0.4597222222222222 0.03046875 0.08055555555555556
0 0.6390625 0.3902777777777778 0.028125 0.06944444444444445
0 0.64296875 0.4618055555555556 0.021875 0.08194444444444444
0 0.61015625 0.39652777777777776 0.025 0.0625
0 0.61171875 0.4625 0.0265625 0.07222222222222222
0 0.581640625 0.39791666666666664 0.02265625 0.0625
0 0.581640625 0.46805555555555556 0.02734375 0.06666666666666667
0 0.55 0.3958333333333333 0.028125 0.06944444444444445
0 0.549609375 0.4618055555555556 0.02734375 0.07361111111111111
0 0.51875 0.4618055555555556 0.0328125 0.08194444444444444
0 0.521875 0.39791666666666664 0.0234375 0.06527777777777778
0 0.493359375 0.3958333333333333 0.02265625 0.06666666666666667
0 0.489453125 0.4625 0.02734375 0.07222222222222222
0 0.465625 0.3993055555555556 0.0296875 0.06527777777777778
0 0.45859375 0.46111111111111114 0.0265625 0.06111111111111111
0 0.436328125 0.4013888888888889 0.03046875 0.05555555555555555
0 0.429296875 0.4597222222222222 0.03046875 0.06944444444444445
0 0.423828125 0.5194444444444445 0.05546875 0.05
0 0.777734375 0.7319444444444444 0.03984375 0.08333333333333333
0 0.723828125 0.7277777777777777 0.03515625 0.09722222222222222
0 0.5953125 0.7298611111111111 0.0375 0.09861111111111111
0 0.508984375 0.7298611111111111 0.03671875 0.1125
0 0.467578125 0.7305555555555555 0.03359375 0.10277777777777777
0 0.428125 0.7347222222222223 0.040625 0.08888888888888889
0 0.294140625 0.7354166666666667 0.04140625 0.09861111111111111
0 0.2578125 0.7305555555555555 0.046875 0.10833333333333334
0 0.17890625 0.7270833333333333 0.05 0.10138888888888889
0 0.139453125 0.725 0.04921875 0.1
0 0.059765625 0.7270833333333333 0.05546875 0.09861111111111111
0 0.8765625 0.6340277777777777 0.0390625 0.10416666666666667
0 0.8390625 0.6347222222222222 0.0359375 0.09722222222222222
0 0.799609375 0.63125 0.03359375 0.09583333333333334
0 0.7609375 0.6291666666666667 0.034375 0.10277777777777777
0 0.726953125 0.6298611111111111 0.03203125 0.09583333333333334
0 0.686328125 0.6298611111111111 0.03203125 0.09027777777777778
0 0.653125 0.6319444444444444 0.0296875 0.08888888888888889
0 0.61640625 0.6256944444444444 0.0296875 0.08472222222222223
0 0.575390625 0.625 0.03046875 0.08055555555555556
0 0.53984375 0.6263888888888889 0.03125 0.07777777777777778
0 0.505078125 0.6256944444444444 0.03203125 0.07916666666666666
0 0.471484375 0.6243055555555556 0.03515625 0.08472222222222223
0 0.4375 0.625 0.0359375 0.09166666666666666
0 0.40390625 0.6222222222222222 0.0359375 0.08888888888888889
0 0.3703125 0.6222222222222222 0.0375 0.08333333333333333
0 0.334765625 0.6194444444444445 0.03671875 0.08333333333333333
0 0.300390625 0.6208333333333333 0.03984375 0.07777777777777778
0 0.25 0.625 0.040625 0.08055555555555556
0 0.219140625 0.6180555555555556 0.04296875 0.08611111111111111
0 0.184375 0.6208333333333333 0.040625 0.08055555555555556
0 0.1546875 0.6215277777777778 0.040625 0.07361111111111111
0 0.12265625 0.6166666666666667 0.040625 0.08611111111111111
0 0.09375 0.6166666666666667 0.0453125 0.08888888888888889
0 0.06328125 0.6152777777777778 0.046875 0.08333333333333333
0 0.033203125 0.6118055555555556 0.05078125 0.09027777777777778
0 0.012890625 0.6118055555555556 0.02578125 0.08194444444444444
0 0.398828125 0.46041666666666664 0.03203125 0.07361111111111111
0 0.4078125 0.4 0.03125 0.06111111111111111
0 0.377734375 0.39791666666666664 0.02890625 0.06527777777777778
0 0.366015625 0.46944444444444444 0.03203125 0.075
0 0.348046875 0.40208333333333335 0.02890625 0.059722222222222225
0 0.3359375 0.46805555555555556 0.0375 0.075
0 0.311328125 0.3951388888888889 0.02890625 0.06527777777777778
0 0.290234375 0.46319444444444446 0.03671875 0.0763888888888889
0 0.276953125 0.4 0.03671875 0.05
0 0.259765625 0.4652777777777778 0.03671875 0.08055555555555556
0 0.250390625 0.40208333333333335 0.03828125 0.06527777777777778
0 0.23125 0.4638888888888889 0.034375 0.06944444444444445
0 0.22421875 0.40347222222222223 0.0328125 0.05138888888888889
0 0.20390625 0.4638888888888889 0.0375 0.07222222222222222
0 0.194140625 0.40208333333333335 0.03515625 0.0625
0 0.1765625 0.46111111111111114 0.034375 0.06388888888888888
0 0.166796875 0.40069444444444446 0.02890625 0.06527777777777778
0 0.13984375 0.3993055555555556 0.0328125 0.06805555555555555
0 0.12265625 0.4597222222222222 0.0375 0.07222222222222222
0 0.148046875 0.4625 0.03984375 0.06111111111111111
0 0.112890625 0.4027777777777778 0.03671875 0.058333333333333334
0 0.088671875 0.4027777777777778 0.03671875 0.06388888888888888
0 0.063671875 0.40069444444444446 0.03671875 0.06805555555555555
0 0.03828125 0.4027777777777778 0.034375 0.05
0 0.012890625 0.4027777777777778 0.02578125 0.075
0 0.0171875 0.45902777777777776 0.034375 0.07916666666666666
0 0.043359375 0.46111111111111114 0.03671875 0.06944444444444445
0 0.06796875 0.4638888888888889 0.0359375 0.06388888888888888
0 0.095703125 0.4597222222222222 0.03515625 0.06666666666666667
0 0.01796875 0.35694444444444445 0.0359375 0.05555555555555555
0 0.81640625 0.27708333333333335 0.0265625 0.06805555555555555
0 0.812109375 0.22152777777777777 0.02890625 0.04583333333333333
0 0.778515625 0.21875 0.02734375 0.05416666666666667
0 0.7875 0.27847222222222223 0.0296875 0.07083333333333333
0 0.751171875 0.22152777777777777 0.02578125 0.05138888888888889
0 0.75546875 0.2763888888888889 0.028125 0.06111111111111111
0 0.72265625 0.22708333333333333 0.0234375 0.04861111111111111
0 0.726953125 0.27847222222222223 0.02578125 0.05416666666666667
0 0.696484375 0.225 0.02109375 0.044444444444444446
0 0.700390625 0.2798611111111111 0.02578125 0.0625
0 0.66875 0.22777777777777777 0.0234375 0.044444444444444446
0 0.673046875 0.2791666666666667 0.02265625 0.06388888888888888
0 0.641796875 0.22152777777777777 0.02578125 0.06527777777777778
0 0.64375 0.2798611111111111 0.025 0.059722222222222225
0 0.613671875 0.21666666666666667 0.02578125 0.06666666666666667
0 0.613671875 0.28125 0.02578125 0.0625
0 0.5859375 0.2298611111111111 0.0203125 0.04861111111111111
0 0.5875 0.2847222222222222 0.0234375 0.06111111111111111
0 0.5609375 0.22777777777777777 0.01875 0.05
0 0.56015625 0.28194444444444444 0.025 0.06111111111111111
0 0.5359375 0.23125 0.0203125 0.043055555555555555
0 0.532421875 0.28541666666666665 0.02421875 0.06527777777777778
0 0.5109375 0.23055555555555557 0.021875 0.041666666666666664
0 0.508203125 0.2833333333333333 0.02734375 0.06666666666666667
0 0.483203125 0.23333333333333334 0.02578125 0.06111111111111111
0 0.47890625 0.2847222222222222 0.0296875 0.05277777777777778
0 0.455859375 0.2833333333333333 0.02578125 0.06388888888888888
0 0.46015625 0.23472222222222222 0.0265625 0.044444444444444446
0 0.433203125 0.2388888888888889 0.02265625 0.041666666666666664
0 0.429296875 0.28680555555555554 0.02890625 0.07083333333333333
0 0.40859375 0.23680555555555555 0.025 0.04861111111111111
0 0.4015625 0.28541666666666665 0.028125 0.05694444444444444
0 0.38203125 0.2375 0.0234375 0.04722222222222222
0 0.374609375 0.2902777777777778 0.02734375 0.06111111111111111
0 0.348046875 0.23472222222222222 0.02421875 0.05
0 0.33671875 0.28888888888888886 0.028125 0.05555555555555555
0 0.321484375 0.24027777777777778 0.02890625 0.044444444444444446
0 0.31015625 0.2951388888888889 0.03125 0.05138888888888889
0 0.295703125 0.23472222222222222 0.02890625 0.05555555555555555
0 0.284765625 0.2875 0.02578125 0.058333333333333334
0 0.274609375 0.2375 0.02734375 0.03611111111111111
0 0.26015625 0.28680555555555554 0.03125 0.0625
0 0.248828125 0.2361111111111111 0.02734375 0.05277777777777778
0 0.233203125 0.29305555555555557 0.03359375 0.07222222222222222
0 0.211328125 0.2875 0.03515625 0.06666666666666667
0 0.225 0.23819444444444443 0.0296875 0.05138888888888889
0 0.201953125 0.2423611111111111 0.02734375 0.04583333333333333
0 0.17734375 0.23541666666666666 0.0296875 0.05138888888888889
0 0.185546875 0.2916666666666667 0.03203125 0.06111111111111111
0 0.161328125 0.2902777777777778 0.02890625 0.06944444444444445
0 0.138671875 0.2902777777777778 0.02734375 0.058333333333333334
0 0.15390625 0.23958333333333334 0.0296875 0.04861111111111111
0 0.1328125 0.24097222222222223 0.03125 0.05138888888888889
0 0.15859375 0.19791666666666666 0.0453125 0.043055555555555555
0 0.110546875 0.24375 0.03203125 0.05416666666666667
0 0.112890625 0.29375 0.03203125 0.059722222222222225
0 0.090625 0.29305555555555557 0.0359375 0.06388888888888888
0 0.065234375 0.2951388888888889 0.03203125 0.05694444444444444
0 0.044921875 0.29305555555555557 0.03203125 0.05555555555555555
0 0.01953125 0.2972222222222222 0.0328125 0.058333333333333334
0 0.090234375 0.24166666666666667 0.03515625 0.05
0 0.063671875 0.24722222222222223 0.03359375 0.044444444444444446
0 0.041015625 0.2520833333333333 0.02734375 0.0375
0 0.017578125 0.24861111111111112 0.03046875 0.05277777777777778
0 0.07109375 0.15763888888888888 0.0328125 0.059722222222222225
0 0.795703125 0.13819444444444445 0.02421875 0.05694444444444444
0 0.786328125 0.08541666666666667 0.02578125 0.05416666666666667
0 0.758203125 0.09375 0.02265625 0.04027777777777778
0 0.765625 0.1388888888888889 0.025 0.05277777777777778
0 0.73515625 0.09027777777777778 0.0234375 0.03888888888888889
0 0.739453125 0.13541666666666666 0.02734375 0.04861111111111111
0 0.712890625 0.09236111111111112 0.02109375 0.04027777777777778
0 0.715625 0.13819444444444445 0.0234375 0.05138888888888889
0 0.6890625 0.09583333333333334 0.0265625 0.05
0 0.691015625 0.1388888888888889 0.02265625 0.05
0 0.6640625 0.09513888888888888 0.0203125 0.03194444444444444
0 0.665625 0.1388888888888889 0.0265625 0.058333333333333334
0 0.638671875 0.09513888888888888 0.02109375 0.05138888888888889
0 0.63984375 0.13958333333333334 0.021875 0.05694444444444444
0 0.61640625 0.09513888888888888 0.0203125 0.04861111111111111
0 0.618359375 0.1423611111111111 0.02109375 0.05138888888888889
0 0.593359375 0.10138888888888889 0.02109375 0.044444444444444446
0 0.59609375 0.1423611111111111 0.0234375 0.04861111111111111
0 0.569140625 0.10138888888888889 0.02109375 0.03888888888888889
0 0.564453125 0.14097222222222222 0.02109375 0.059722222222222225
0 0.545703125 0.10208333333333333 0.02109375 0.04027777777777778
0 0.5421875 0.14305555555555555 0.01875 0.05277777777777778
0 0.523828125 0.10277777777777777 0.01953125 0.041666666666666664
0 0.51953125 0.14791666666666667 0.0265625 0.05138888888888889
0 0.500390625 0.10555555555555556 0.02109375 0.044444444444444446
0 0.4953125 0.14583333333333334 0.01875 0.05
0 0.477734375 0.10833333333333334 0.02109375 0.03888888888888889
0 0.471875 0.14583333333333334 0.0234375 0.05
0 0.45546875 0.10555555555555556 0.025 0.03611111111111111
0 0.45078125 0.14652777777777778 0.025 0.05138888888888889
0 0.43359375 0.10694444444444444 0.0234375 0.03611111111111111
0 0.426171875 0.14791666666666667 0.02265625 0.05416666666666667
0 0.409765625 0.10902777777777778 0.02578125 0.03194444444444444
0 0.40234375 0.15138888888888888 0.0265625 0.05555555555555555
0 0.376953125 0.11319444444444444 0.02578125 0.043055555555555555
0 0.36796875 0.15486111111111112 0.0203125 0.05694444444444444
0 0.35390625 0.11736111111111111 0.0203125 0.034722222222222224
0 0.34453125 0.1527777777777778 0.025 0.05555555555555555
0 0.323828125 0.15416666666666667 0.02109375 0.03888888888888889
0 0.334765625 0.11666666666666667 0.02578125 0.041666666666666664
0 0.313671875 0.10902777777777778 0.02734375 0.0375
0 0.298828125 0.15347222222222223 0.02421875 0.059722222222222225
0 0.291015625 0.11527777777777778 0.02265625 0.03333333333333333
0 0.277734375 0.15138888888888888 0.02421875 0.05555555555555555
0 0.270703125 0.11527777777777778 0.02578125 0.03611111111111111
0 0.257421875 0.15208333333333332 0.02578125 0.05138888888888889
0 0.25 0.11736111111111111 0.0234375 0.04861111111111111
0 0.231640625 0.1111111111111111 0.02265625 0.041666666666666664
0 0.2359375 0.15625 0.0265625 0.05138888888888889
0 0.213671875 0.15208333333333332 0.02578125 0.04861111111111111
0 0.1890625 0.15833333333333333 0.0296875 0.05
0 0.1671875 0.1625 0.025 0.041666666666666664
0 0.1484375 0.1625 0.0265625 0.05
0 0.128515625 0.16527777777777777 0.02734375 0.041666666666666664
0 0.109765625 0.16666666666666666 0.02734375 0.05
0 0.089453125 0.16458333333333333 0.02578125 0.05138888888888889
0 0.105078125 0.1284722222222222 0.02265625 0.04027777777777778
0 0.124609375 0.13125 0.02734375 0.04027777777777778
0 0.14765625 0.12569444444444444 0.0296875 0.0375
0 0.166796875 0.12777777777777777 0.02890625 0.041666666666666664
0 0.187109375 0.12291666666666666 0.03046875 0.04027777777777778
0 0.208984375 0.11944444444444445 0.02734375 0.03611111111111111
0 0.012890625 0.17777777777777778 0.02578125 0.027777777777777776
0 0.021484375 0.16041666666666668 0.04296875 0.029166666666666667
0 0.02734375 0.14097222222222222 0.0390625 0.02361111111111111
0 0.03515625 0.12569444444444444 0.040625 0.02361111111111111
0 0.0453125 0.10902777777777778 0.0359375 0.02361111111111111
0 0.05859375 0.09305555555555556 0.0390625 0.019444444444444445
0 0.06484375 0.0763888888888889 0.0375 0.025
0 0.074609375 0.06319444444444444 0.03203125 0.02638888888888889
0 0.08203125 0.04652777777777778 0.0359375 0.02638888888888889
0 0.089453125 0.035416666666666666 0.03515625 0.02361111111111111
0 0.099609375 0.020833333333333332 0.03515625 0.025
0 0.1078125 0.010416666666666666 0.034375 0.020833333333333332
0 0.13515625 0.04027777777777778 0.021875 0.03333333333333333
0 0.15625 0.030555555555555555 0.0234375 0.03333333333333333
0 0.1421875 0.06180555555555556 0.0234375 0.04027777777777778
0 0.174609375 0.022222222222222223 0.01796875 0.044444444444444446
0 0.19140625 0.02638888888888889 0.021875 0.030555555555555555
0 0.208984375 0.02847222222222222 0.02109375 0.034722222222222224
0 0.226953125 0.02013888888888889 0.01796875 0.02638888888888889
0 0.246484375 0.02013888888888889 0.02109375 0.02361111111111111
0 0.265625 0.020833333333333332 0.0203125 0.030555555555555555
0 0.284375 0.017361111111111112 0.0234375 0.034722222222222224
0 0.30390625 0.01597222222222222 0.0203125 0.029166666666666667
0 0.321875 0.01597222222222222 0.021875 0.03194444444444444
0 0.340625 0.01597222222222222 0.021875 0.03194444444444444
0 0.3625 0.016666666666666666 0.025 0.03333333333333333
0 0.383984375 0.013888888888888888 0.02109375 0.027777777777777776
0 0.400390625 0.014583333333333334 0.01953125 0.029166666666666667
0 0.16171875 0.06041666666666667 0.021875 0.029166666666666667
0 0.179296875 0.06111111111111111 0.02421875 0.041666666666666664
0 0.19609375 0.05763888888888889 0.0234375 0.034722222222222224
0 0.217578125 0.05486111111111111 0.02265625 0.043055555555555555
0 0.23671875 0.05347222222222222 0.0265625 0.04027777777777778
0 0.253515625 0.05138888888888889 0.02421875 0.03611111111111111
0 0.273046875 0.05277777777777778 0.02265625 0.041666666666666664
0 0.294140625 0.05138888888888889 0.02421875 0.041666666666666664
0 0.3140625 0.049305555555555554 0.0234375 0.034722222222222224
0 0.333984375 0.04861111111111111 0.02421875 0.03333333333333333
0 0.3546875 0.05 0.0234375 0.03611111111111111
0 0.3765625 0.049305555555555554 0.021875 0.034722222222222224
0 0.39765625 0.04861111111111111 0.025 0.03888888888888889
0 0.432421875 0.013194444444444444 0.01796875 0.02638888888888889
0 0.4265625 0.04375 0.0203125 0.034722222222222224
0 0.448828125 0.044444444444444446 0.01953125 0.03333333333333333
0 0.4515625 0.014583333333333334 0.0203125 0.029166666666666667
0 0.4734375 0.011805555555555555 0.0171875 0.02361111111111111
0 0.46640625 0.041666666666666664 0.0171875 0.04722222222222222
0 0.48828125 0.03958333333333333 0.0203125 0.04583333333333333
0 0.511328125 0.03611111111111111 0.01953125 0.044444444444444446
0 0.532421875 0.034722222222222224 0.01953125 0.05
0 0.55234375 0.034722222222222224 0.01875 0.05
0 0.572265625 0.034027777777777775 0.01640625 0.04583333333333333
0 0.59453125 0.03194444444444444 0.021875 0.044444444444444446
0 0.6171875 0.03194444444444444 0.0203125 0.03888888888888889
0 0.638671875 0.02847222222222222 0.01796875 0.04583333333333333
0 0.661328125 0.027777777777777776 0.01796875 0.03888888888888889
0 0.68203125 0.02847222222222222 0.015625 0.043055555555555555
0 0.706640625 0.025694444444444443 0.01953125 0.04027777777777778
0 0.728515625 0.02638888888888889 0.01953125 0.044444444444444446
0 0.75 0.025 0.0171875 0.041666666666666664
0 0.773046875 0.02361111111111111 0.02109375 0.044444444444444446
0 0.79609375 0.025694444444444443 0.0234375 0.0375
0 0.819140625 0.022916666666666665 0.01953125 0.04027777777777778
0 0.840625 0.018055555555555554 0.0265625 0.03611111111111111
0 0.8609375 0.02013888888888889 0.0234375 0.04027777777777778
