0 0.159765625 0.9354166666666667 0.03671875 0.09305555555555556
0 0.210546875 0.9229166666666667 0.03828125 0.09583333333333334
0 0.253125 0.9395833333333333 0.0375 0.08194444444444444
0 0.304296875 0.94375 0.03671875 0.09305555555555556
0 0.44765625 0.9479166666666666 0.0296875 0.0875
0 0.828125 0.7402777777777778 0.040625 0.10277777777777777
0 0.900390625 0.7409722222222223 0.06953125 0.0625
0 0.778515625 0.7388888888888889 0.03984375 0.1
0 0.72578125 0.7298611111111111 0.034375 0.09861111111111111
0 0.594140625 0.7298611111111111 0.03203125 0.09583333333333334
0 0.551953125 0.7347222222222223 0.03046875 0.08333333333333333
0 0.5109375 0.7263888888888889 0.0328125 0.10555555555555556
0 0.259375 0.7354166666666667 0.0421875 0.10138888888888889
0 0.21171875 0.7277777777777777 0.04375 0.10277777777777777
0 0.176953125 0.7229166666666667 0.04140625 0.09861111111111111
0 0.1390625 0.7236111111111111 0.04375 0.09444444444444444
0 0.1 0.7284722222222222 0.0453125 0.0875
0 0.058203125 0.7291666666666666 0.05234375 0.10277777777777777
0 0.021875 0.7277777777777777 0.0390625 0.08333333333333333
0 0.877734375 0.6395833333333333 0.04296875 0.07916666666666666
0 0.837109375 0.6354166666666666 0.03828125 0.08194444444444444
0 0.80078125 0.6340277777777777 0.0328125 0.08472222222222223
0 0.763671875 0.6305555555555555 0.03515625 0.08888888888888889
0 0.9796875 0.5861111111111111 0.034375 0.09166666666666666
0 0.924609375 0.8055555555555556 0.08359375 0.05555555555555555
0 0.93828125 0.40625 0.034375 0.06805555555555555
0 0.726953125 0.6284722222222222 0.03203125 0.09027777777777778
0 0.690625 0.6298611111111111 0.03125 0.09027777777777778
0 0.65546875 0.6256944444444444 0.03125 0.0875
0 0.613671875 0.6291666666666667 0.02890625 0.09166666666666666
0 0.579296875 0.625 0.02734375 0.08333333333333333
0 0.539453125 0.6270833333333333 0.03203125 0.08472222222222223
0 0.50625 0.6243055555555556 0.0328125 0.08472222222222223
0 0.47109375 0.6305555555555555 0.0296875 0.08611111111111111
0 0.437109375 0.6270833333333333 0.03046875 0.07916666666666666
0 0.404296875 0.6229166666666667 0.03203125 0.08472222222222223
0 0.369921875 0.6236111111111111 0.03515625 0.09166666666666666
0 0.3359375 0.6208333333333333 0.0328125 0.08055555555555556
0 0.297265625 0.6263888888888889 0.03828125 0.08333333333333333
0 0.24921875 0.6222222222222222 0.040625 0.075
0 0.211328125 0.6208333333333333 0.04140625 0.08611111111111111
0 0.180078125 0.6215277777777778 0.03359375 0.08194444444444444
0 0.15 0.6215277777777778 0.040625 0.0763888888888889
0 0.08984375 0.6166666666666667 0.0453125 0.08888888888888889
0 0.059375 0.6138888888888889 0.040625 0.07777777777777778
0 0.03125 0.6131944444444445 0.0390625 0.07083333333333333
0 0.85078125 0.4673611111111111 0.03125 0.0763888888888889
0 0.839453125 0.3972222222222222 0.02734375 0.06944444444444445
0 0.80703125 0.39305555555555555 0.03125 0.08055555555555556
0 0.8140625 0.46458333333333335 0.028125 0.06527777777777778
0 0.78203125 0.46111111111111114 0.0296875 0.07777777777777778
0 0.73828125 0.3902777777777778 0.03125 0.07777777777777778
0 0.74765625 0.46041666666666664 0.0296875 0.07083333333333333
0 0.715234375 0.46041666666666664 0.02578125 0.07916666666666666
0 0.6765625 0.3923611111111111 0.0265625 0.06805555555555555
0 0.680859375 0.45902777777777776 0.02265625 0.06527777777777778
0 0.646875 0.4625 0.0265625 0.08055555555555556
0 0.612890625 0.39444444444444443 0.02734375 0.07777777777777778
0 0.61171875 0.4618055555555556 0.0265625 0.07916666666666666
0 0.786328125 0.27569444444444446 0.02265625 0.06527777777777778
0 0.8203125 0.2791666666666667 0.025 0.07222222222222222
0 0.580859375 0.4618055555555556 0.02578125 0.07916666666666666
0 0.55 0.46041666666666664 0.028125 0.08472222222222223
0 0.519921875 0.4625 0.02890625 0.075
0 0.49140625 0.4673611111111111 0.0265625 0.06805555555555555
0 0.4578125 0.4618055555555556 0.0296875 0.07361111111111111
0 0.428125 0.46041666666666664 0.0265625 0.07083333333333333
0 0.494140625 0.3993055555555556 0.02734375 0.059722222222222225
0 0.464453125 0.3951388888888889 0.02890625 0.07083333333333333
0 0.400390625 0.46458333333333335 0.03046875 0.06805555555555555
0 0.409765625 0.4013888888888889 0.02890625 0.06944444444444445
0 0.38359375 0.3993055555555556 0.025 0.04861111111111111
0 0.36796875 0.46041666666666664 0.028125 0.0763888888888889
0 0.3359375 0.46319444444444446 0.0296875 0.07083333333333333
0 0.35234375 0.4 0.0296875 0.05555555555555555
0 0.31171875 0.40555555555555556 0.028125 0.05
0 0.29453125 0.4625 0.0296875 0.06944444444444445
0 0.264453125 0.46319444444444446 0.03203125 0.06805555555555555
0 0.23203125 0.46458333333333335 0.0375 0.06805555555555555
0 0.203125 0.46458333333333335 0.0296875 0.0763888888888889
0 0.176953125 0.46597222222222223 0.03828125 0.07083333333333333
0 0.146484375 0.46111111111111114 0.03828125 0.075
0 0.118359375 0.46319444444444446 0.03515625 0.06527777777777778
0 0.0890625 0.4618055555555556 0.0359375 0.06527777777777778
0 0.040625 0.4583333333333333 0.0421875 0.06666666666666667
0 0.0171875 0.46041666666666664 0.03125 0.05694444444444444
0 0.01875 0.40347222222222223 0.03125 0.05416666666666667
0 0.11484375 0.4041666666666667 0.034375 0.05
0 0.16796875 0.3993055555555556 0.0296875 0.05138888888888889
0 0.219921875 0.39305555555555555 0.03046875 0.06388888888888888
0 0.248046875 0.39861111111111114 0.03203125 0.05277777777777778
0 0.278125 0.39861111111111114 0.028125 0.058333333333333334
0 0.754296875 0.22777777777777777 0.02578125 0.06666666666666667
0 0.64609375 0.28055555555555556 0.0234375 0.06388888888888888
0 0.590234375 0.2791666666666667 0.01953125 0.058333333333333334
0 0.589453125 0.23125 0.02265625 0.04861111111111111
0 0.560546875 0.2826388888888889 0.02578125 0.0625
0 0.53125 0.28402777777777777 0.025 0.059722222222222225
0 0.535546875 0.22916666666666666 0.02421875 0.05555555555555555
0 0.48515625 0.23541666666666666 0.025 0.0625
0 0.42734375 0.2861111111111111 0.0296875 0.06944444444444445
0 0.41171875 0.23402777777777778 0.0234375 0.04861111111111111
0 0.401171875 0.29097222222222224 0.02421875 0.06527777777777778
0 0.375390625 0.28958333333333336 0.02578125 0.0625
0 0.38125 0.2361111111111111 0.028125 0.044444444444444446
0 0.35 0.24027777777777778 0.0234375 0.04722222222222222
0 0.335546875 0.29305555555555557 0.03046875 0.058333333333333334
0 0.30859375 0.2923611111111111 0.03125 0.0625
0 0.18046875 0.2951388888888889 0.0421875 0.05694444444444444
0 0.228515625 0.24305555555555555 0.02734375 0.05
0 0.20078125 0.24513888888888888 0.03125 0.04583333333333333
0 0.155078125 0.24513888888888888 0.03515625 0.04583333333333333
0 0.109765625 0.24861111111111112 0.03671875 0.05277777777777778
0 0.089453125 0.30486111111111114 0.03359375 0.04861111111111111
0 0.06796875 0.2951388888888889 0.0296875 0.05138888888888889
0 0.067578125 0.25277777777777777 0.03046875 0.041666666666666664
0 0.041015625 0.25277777777777777 0.03046875 0.044444444444444446
0 0.0171875 0.29583333333333334 0.028125 0.04722222222222222
0 0.0421875 0.2951388888888889 0.03125 0.05138888888888889
0 0.087109375 0.16458333333333333 0.03203125 0.043055555555555555
0 0.109765625 0.1625 0.02734375 0.03888888888888889
0 0.192578125 0.15555555555555556 0.02734375 0.05
0 0.278515625 0.15555555555555556 0.02890625 0.05
0 0.3 0.1597222222222222 0.0265625 0.04722222222222222
0 0.367578125 0.15208333333333332 0.02265625 0.05138888888888889
0 0.402734375 0.15138888888888888 0.02734375 0.05
0 0.408984375 0.11180555555555556 0.02421875 0.04027777777777778
0 0.43515625 0.11944444444444445 0.025 0.044444444444444446
0 0.712109375 0.09513888888888888 0.01953125 0.05694444444444444
0 0.7828125 0.09375 0.021875 0.04583333333333333
0 0.680859375 0.02638888888888889 0.01796875 0.044444444444444446
0 0.63828125 0.027777777777777776 0.0203125 0.04722222222222222
0 0.533984375 0.0375 0.01796875 0.05
0 0.469921875 0.04375 0.02109375 0.04861111111111111
0 0.426171875 0.04791666666666667 0.01953125 0.04861111111111111
0 0.39375 0.05277777777777778 0.01875 0.03611111111111111
0 0.2953125 0.04791666666666667 0.0265625 0.04027777777777778
0 0.2734375 0.05347222222222222 0.021875 0.034722222222222224
0 0.237890625 0.05277777777777778 0.02734375 0.03611111111111111
0 0.26796875 0.024305555555555556 0.0265625 0.0375
0 0.230859375 0.02638888888888889 0.02265625 0.030555555555555555
0 0.2140625 0.025 0.01875 0.030555555555555555
0 0.199609375 0.05416666666666667 0.02578125 0.03888888888888889
0 0.178515625 0.058333333333333334 0.02109375 0.03611111111111111
0 0.164453125 0.06041666666666667 0.02578125 0.03194444444444444
0 0.142578125 0.06388888888888888 0.02890625 0.03611111111111111
0 0.1578125 0.03194444444444444 0.0234375 0.030555555555555555
0 0.084375 0.049305555555555554 0.034375 0.029166666666666667
0 0.05859375 0.09027777777777778 0.034375 0.025
0 0.046875 0.10694444444444444 0.0375 0.027777777777777776
0 0.015234375 0.17430555555555555 0.02890625 0.0375
0 0.1046875 0.12777777777777777 0.0203125 0.03888888888888889
0 0.127734375 0.12638888888888888 0.02421875 0.03611111111111111
0 0.14609375 0.12430555555555556 0.028125 0.043055555555555555
0 0.226953125 0.12291666666666666 0.02578125 0.043055555555555555
0 0.2453125 0.12152777777777778 0.0265625 0.04583333333333333
0 0.312890625 0.11597222222222223 0.02265625 0.04027777777777778
0 0.334765625 0.11458333333333333 0.02421875 0.043055555555555555
0 0.9078125 0.2798611111111111 0.0375 0.07083333333333333
0 0.955859375 0.9576388888888889 0.06953125 0.08194444444444444
0 0.926953125 0.8784722222222222 0.06640625 0.0625
0 0.70234375 0.9597222222222223 0.0296875 0.07777777777777778
0 0.542578125 0.9534722222222223 0.03203125 0.09027777777777778
0 0.109765625 0.9458333333333333 0.05078125 0.08611111111111111
0 0.0125 0.6111111111111112 0.025 0.075
0 0.10703125 0.013888888888888888 0.0328125 0.027777777777777776
0 0.00859375 0.1986111111111111 0.0171875 0.030555555555555555
0 0.43046875 0.016666666666666666 0.021875 0.03333333333333333
0 0.55390625 0.011111111111111112 0.021875 0.022222222222222223
0 0.61640625 0.011111111111111112 0.01875 0.022222222222222223
0 0.722265625 0.008333333333333333 0.02109375 0.016666666666666666
