0 0.78671875 0.27708333333333335 0.03125 0.05416666666666667
0 0.81640625 0.2743055555555556 0.0359375 0.0625
0 0.281640625 0.4013888888888889 0.03984375 0.058333333333333334
0 0.312890625 0.4027777777777778 0.03671875 0.06111111111111111
0 0.350390625 0.40208333333333335 0.03515625 0.05694444444444444
0 0.709375 0.38958333333333334 0.0359375 0.07361111111111111
0 0.7734375 0.39166666666666666 0.0375 0.075
0 0.176171875 0.4618055555555556 0.03671875 0.07916666666666666
0 0.232421875 0.4597222222222222 0.03984375 0.08333333333333333
0 0.291015625 0.4652777777777778 0.03671875 0.08055555555555556
0 0.3671875 0.4666666666666667 0.0421875 0.08333333333333333
0 0.39453125 0.46805555555555556 0.0375 0.07777777777777778
0 0.42734375 0.4638888888888889 0.0375 0.08333333333333333
0 0.48984375 0.46805555555555556 0.0328125 0.075
0 0.51875 0.46875 0.0328125 0.07083333333333333
0 0.582421875 0.4673611111111111 0.03203125 0.07083333333333333
0 0.646875 0.4638888888888889 0.03125 0.07222222222222222
0 0.74609375 0.46597222222222223 0.0328125 0.07361111111111111
0 0.77890625 0.46319444444444446 0.0390625 0.07361111111111111
0 0.812109375 0.46597222222222223 0.03515625 0.06805555555555555
0 0.121875 0.6152777777777778 0.0453125 0.08333333333333333
0 0.1515625 0.6180555555555556 0.0453125 0.07777777777777778
0 0.187109375 0.61875 0.04453125 0.07916666666666666
0 0.2515625 0.6222222222222222 0.0421875 0.075
0 0.30234375 0.61875 0.0390625 0.07083333333333333
0 0.33671875 0.6166666666666667 0.040625 0.07777777777777778
0 0.37265625 0.6201388888888889 0.0484375 0.08472222222222223
0 0.405078125 0.6201388888888889 0.04140625 0.07916666666666666
0 0.438671875 0.6236111111111111 0.04140625 0.08055555555555556
0 0.506640625 0.6243055555555556 0.03671875 0.0875
0 0.54140625 0.6208333333333333 0.0375 0.07777777777777778
0 0.57890625 0.6222222222222222 0.0359375 0.08611111111111111
0 0.6140625 0.6201388888888889 0.0359375 0.08194444444444444
0 0.651953125 0.6256944444444444 0.03671875 0.08194444444444444
0 0.689453125 0.6277777777777778 0.04140625 0.08333333333333333
0 0.7265625 0.6256944444444444 0.0421875 0.08194444444444444
0 0.7640625 0.625 0.040625 0.08888888888888889
0 0.801171875 0.6277777777777778 0.04453125 0.09166666666666666
0 0.875 0.6215277777777778 0.0484375 0.0875
0 0.095703125 0.7368055555555556 0.05546875 0.08472222222222223
0 0.1375 0.7388888888888889 0.0546875 0.08611111111111111
0 0.1765625 0.7388888888888889 0.059375 0.08888888888888889
0 0.219140625 0.7368055555555556 0.05390625 0.09305555555555556
0 0.25703125 0.7368055555555556 0.053125 0.0875
0 0.300390625 0.7354166666666667 0.05234375 0.07916666666666666
0 0.429296875 0.7409722222222223 0.04921875 0.08194444444444444
0 0.399609375 0.9506944444444444 0.04296875 0.0875
0 0.446875 0.9493055555555555 0.0359375 0.09027777777777778
0 0.544140625 0.9506944444444444 0.03671875 0.0875
0 0.7 0.9541666666666667 0.03125 0.07777777777777778
0 0.74765625 0.9423611111111111 0.040625 0.10972222222222222
0 0.89921875 0.7354166666666667 0.071875 0.059722222222222225
0 0.90859375 0.7868055555555555 0.0703125 0.05416666666666667
0 0.923828125 0.8569444444444444 0.08203125 0.05277777777777778
0 0.945703125 0.9381944444444444 0.06796875 0.08472222222222223
0 0.937890625 0.40694444444444444 0.04140625 0.07777777777777778
0 0.9578125 0.47430555555555554 0.0359375 0.0625
0 0.722265625 0.7263888888888889 0.03515625 0.09722222222222222
0 0.594921875 0.7319444444444444 0.03671875 0.1
0 0.55078125 0.7298611111111111 0.0328125 0.10972222222222222
0 0.250390625 0.95 0.04765625 0.09722222222222222
0 0.21328125 0.925 0.05 0.10555555555555556
0 0.161328125 0.9381944444444444 0.03984375 0.09583333333333334
0 0.11328125 0.9333333333333333 0.0453125 0.11666666666666667
0 0.025390625 0.73125 0.04609375 0.09861111111111111
0 0.03359375 0.6111111111111112 0.040625 0.06944444444444445
0 0.061328125 0.6125 0.04140625 0.08333333333333333
0 0.0921875 0.6111111111111112 0.0375 0.07777777777777778
0 0.203515625 0.46111111111111114 0.03359375 0.06666666666666667
0 0.55078125 0.4638888888888889 0.025 0.07222222222222222
0 0.456640625 0.4618055555555556 0.03046875 0.07916666666666666
0 0.336328125 0.4708333333333333 0.03671875 0.07222222222222222
0 0.40703125 0.39861111111111114 0.03125 0.06666666666666667
0 0.677734375 0.4652777777777778 0.02421875 0.075
0 0.676953125 0.3958333333333333 0.02890625 0.06666666666666667
0 0.851171875 0.4652777777777778 0.03828125 0.08611111111111111
0 0.8375 0.3972222222222222 0.0328125 0.06666666666666667
0 0.6125 0.46041666666666664 0.025 0.07916666666666666
0 0.71171875 0.4673611111111111 0.028125 0.06805555555555555
0 0.251171875 0.39652777777777776 0.03046875 0.0625
0 0.14609375 0.46597222222222223 0.040625 0.06805555555555555
0 0.121484375 0.46319444444444446 0.03828125 0.0625
0 0.0921875 0.46805555555555556 0.040625 0.075
0 0.066015625 0.4638888888888889 0.03359375 0.06666666666666667
0 0.039453125 0.4652777777777778 0.04296875 0.06944444444444445
0 0.012890625 0.4701388888888889 0.02578125 0.059722222222222225
0 0.018359375 0.4076388888888889 0.03203125 0.06527777777777778
0 0.48359375 0.29375 0.0234375 0.059722222222222225
0 0.55859375 0.28055555555555556 0.025 0.06388888888888888
0 0.63984375 0.2798611111111111 0.025 0.06805555555555555
0 0.66875 0.2791666666666667 0.021875 0.06388888888888888
0 0.7609375 0.27847222222222223 0.025 0.0625
0 0.75234375 0.22777777777777777 0.025 0.05277777777777778
0 0.723828125 0.22777777777777777 0.02421875 0.058333333333333334
0 0.42734375 0.28680555555555554 0.028125 0.06805555555555555
0 0.409375 0.23541666666666666 0.0265625 0.0625
0 0.337890625 0.28958333333333336 0.03203125 0.06527777777777778
0 0.019140625 0.2923611111111111 0.03203125 0.05416666666666667
0 0.044921875 0.2972222222222222 0.03046875 0.05277777777777778
0 0.109765625 0.24722222222222223 0.03359375 0.044444444444444446
0 0.041015625 0.12708333333333333 0.03984375 0.034722222222222224
0 0.73828125 0.13472222222222222 0.025 0.05277777777777778
0 0.692578125 0.13333333333333333 0.02109375 0.06111111111111111
0 0.642578125 0.1388888888888889 0.01796875 0.05277777777777778
0 0.593359375 0.09861111111111111 0.02265625 0.05555555555555555
0 0.566796875 0.1423611111111111 0.02109375 0.05694444444444444
0 0.4953125 0.14375 0.025 0.059722222222222225
0 0.4765625 0.11180555555555556 0.021875 0.04583333333333333
0 0.7484375 0.029861111111111113 0.025 0.04027777777777778
0 0.771875 0.024305555555555556 0.021875 0.0375
0 0.551171875 0.03888888888888889 0.02265625 0.05277777777777778
0 0.51015625 0.0375 0.0203125 0.04722222222222222
0 0.47109375 0.04027777777777778 0.021875 0.044444444444444446
0 0.426171875 0.04236111111111111 0.02421875 0.05416666666666667
0 0.3140625 0.05138888888888889 0.025 0.03888888888888889
0 0.295703125 0.050694444444444445 0.02578125 0.043055555555555555
0 0.27265625 0.052083333333333336 0.025 0.043055555555555555
0 0.23671875 0.05694444444444444 0.025 0.03611111111111111
0 0.230859375 0.02638888888888889 0.02421875 0.03611111111111111
0 0.311328125 0.12083333333333333 0.02890625 0.044444444444444446
0 0.267578125 0.12013888888888889 0.02890625 0.04583333333333333
0 0.192578125 0.15625 0.02578125 0.04583333333333333
0 0.16796875 0.12916666666666668 0.0234375 0.03611111111111111
0 0.1453125 0.12777777777777777 0.0203125 0.03333333333333333
0 0.127734375 0.1673611111111111 0.02890625 0.05138888888888889
0 0.05078125 0.10972222222222222 0.034375 0.022222222222222223
0 0.057421875 0.09236111111111112 0.03359375 0.02361111111111111
0 0.0640625 0.07569444444444444 0.0359375 0.02638888888888889
0 0.1046875 0.0125 0.0328125 0.022222222222222223
0 0.160546875 0.0625 0.02421875 0.041666666666666664
0 0.1796875 0.06180555555555556 0.025 0.04027777777777778
0 0.155078125 0.034722222222222224 0.02578125 0.03611111111111111
0 0.17578125 0.03125 0.0265625 0.0375
0 0.380078125 0.11944444444444445 0.02421875 0.04722222222222222
0 0.470703125 0.6229166666666667 0.03828125 0.09583333333333334
0 0.83984375 0.6319444444444444 0.0390625 0.08888888888888889
0 0.73828125 0.39791666666666664 0.028125 0.07083333333333333
0 0.259375 0.4638888888888889 0.0328125 0.06944444444444445
0 0.4328125 0.013194444444444444 0.01875 0.02638888888888889
0 0.45390625 0.01597222222222222 0.01875 0.03194444444444444
0 0.401953125 0.017361111111111112 0.02109375 0.034722222222222224
0 0.00859375 0.19166666666666668 0.0171875 0.030555555555555555
0 0.498046875 0.9548611111111112 0.03828125 0.0875
0 0.01171875 0.6090277777777777 0.0234375 0.08472222222222223
