0 0.54140625 0.6208333333333333 0.0375 0.07777777777777778
0 0.0171875 0.4638888888888889 0.034375 0.06944444444444445
0 0.06484375 0.30833333333333335 0.0375 0.058333333333333334
0 0.0875 0.17083333333333334 0.0328125 0.04722222222222222
0 0.14453125 0.12986111111111112 0.028125 0.04027777777777778
0 0.123046875 0.13194444444444445 0.02734375 0.03888888888888889
0 0.1046875 0.12986111111111112 0.03125 0.04027777777777778
0 0.099609375 0.025 0.03203125 0.027777777777777776
0 0.14140625 0.06458333333333334 0.0234375 0.0375
0 0.160546875 0.06319444444444444 0.02578125 0.0375
0 0.174609375 0.02638888888888889 0.02421875 0.03611111111111111
0 0.21171875 0.025 0.0234375 0.041666666666666664
0 0.246875 0.025694444444444443 0.0234375 0.0375
0 0.2546875 0.052083333333333336 0.0203125 0.0375
0 0.43359375 0.11597222222222223 0.0234375 0.05138888888888889
0 0.428125 0.04513888888888889 0.0203125 0.04861111111111111
0 0.596484375 0.03263888888888889 0.01953125 0.04583333333333333
0 0.294140625 0.9520833333333333 0.03203125 0.0875
0 0.10703125 0.011111111111111112 0.0328125 0.022222222222222223
