0 0.249609375 0.9479166666666666 0.05078125 0.07916666666666666
0 0.430078125 0.7361111111111112 0.03984375 0.09166666666666666
0 0.468359375 0.7368055555555556 0.03671875 0.09861111111111111
0 0.51171875 0.7326388888888888 0.034375 0.10694444444444444
0 0.59921875 0.7347222222222223 0.034375 0.10555555555555556
0 0.73125 0.73125 0.034375 0.10416666666666667
0 0.829296875 0.7416666666666667 0.04140625 0.1111111111111111
0 0.905078125 0.7402777777777778 0.06953125 0.058333333333333334
0 0.91640625 0.8055555555555556 0.078125 0.05277777777777778
0 0.934765625 0.8597222222222223 0.08203125 0.06388888888888888
0 0.986328125 0.6138888888888889 0.02578125 0.10833333333333334
0 0.950390625 0.45 0.03984375 0.075
0 0.912890625 0.2847222222222222 0.02890625 0.06944444444444445
0 0.06015625 0.7319444444444444 0.05 0.10833333333333334
0 0.137890625 0.7270833333333333 0.04765625 0.09861111111111111
0 0.027734375 0.6152777777777778 0.04765625 0.09722222222222222
0 0.0578125 0.6166666666666667 0.0453125 0.08888888888888889
0 0.09296875 0.6152777777777778 0.046875 0.09166666666666666
0 0.1515625 0.6222222222222222 0.0453125 0.08611111111111111
0 0.182421875 0.6208333333333333 0.03828125 0.08055555555555556
0 0.2203125 0.6243055555555556 0.0375 0.0875
0 0.254296875 0.625 0.03671875 0.08333333333333333
0 0.3 0.6236111111111111 0.0359375 0.08055555555555556
0 0.334375 0.6215277777777778 0.0375 0.08472222222222223
0 0.36796875 0.6284722222222222 0.034375 0.07916666666666666
0 0.40390625 0.6222222222222222 0.034375 0.09722222222222222
0 0.43828125 0.6277777777777778 0.0296875 0.08333333333333333
0 0.47265625 0.6319444444444444 0.0296875 0.08611111111111111
0 0.51015625 0.6284722222222222 0.028125 0.0875
0 0.544921875 0.6180555555555556 0.03046875 0.1
0 0.57890625 0.6270833333333333 0.0296875 0.08472222222222223
0 0.616796875 0.6319444444444444 0.02578125 0.08888888888888889
0 0.65234375 0.6256944444444444 0.0265625 0.09027777777777778
0 0.6890625 0.6291666666666667 0.0359375 0.09444444444444444
0 0.725390625 0.6284722222222222 0.03671875 0.09861111111111111
0 0.76640625 0.63125 0.0328125 0.09861111111111111
0 0.801171875 0.6381944444444444 0.03828125 0.09861111111111111
0 0.840234375 0.6347222222222222 0.03828125 0.1
0 0.8796875 0.6395833333333333 0.03125 0.09027777777777778
0 0.8515625 0.4625 0.034375 0.08333333333333333
0 0.8140625 0.4652777777777778 0.0375 0.07777777777777778
0 0.804296875 0.3972222222222222 0.02890625 0.06666666666666667
0 0.78046875 0.4666666666666667 0.0359375 0.08055555555555556
0 0.742578125 0.3923611111111111 0.03046875 0.06805555555555555
0 0.7484375 0.46319444444444446 0.034375 0.07916666666666666
0 0.71640625 0.46111111111111114 0.028125 0.07222222222222222
0 0.68125 0.4722222222222222 0.03125 0.06944444444444445
0 0.616015625 0.46111111111111114 0.02734375 0.08333333333333333
0 0.584765625 0.46111111111111114 0.02578125 0.07777777777777778
0 0.55625 0.39652777777777776 0.03125 0.0625
0 0.550390625 0.46805555555555556 0.02890625 0.07777777777777778
0 0.519921875 0.46458333333333335 0.02578125 0.07361111111111111
0 0.491015625 0.4673611111111111 0.02890625 0.07361111111111111
0 0.459375 0.4652777777777778 0.0296875 0.07777777777777778
0 0.429296875 0.46597222222222223 0.02890625 0.0763888888888889
0 0.43984375 0.3972222222222222 0.028125 0.06666666666666667
0 0.39921875 0.4673611111111111 0.03125 0.08194444444444444
0 0.366015625 0.46944444444444444 0.03515625 0.07777777777777778
0 0.33828125 0.4722222222222222 0.0359375 0.075
0 0.354296875 0.4041666666666667 0.03359375 0.06388888888888888
0 0.310546875 0.39791666666666664 0.03203125 0.0625
0 0.292578125 0.46805555555555556 0.03359375 0.075
0 0.260546875 0.46805555555555556 0.03671875 0.075
0 0.25 0.40347222222222223 0.0375 0.0625
0 0.221875 0.3993055555555556 0.034375 0.0625
0 0.23125 0.4652777777777778 0.034375 0.07222222222222222
0 0.199609375 0.46458333333333335 0.03359375 0.07083333333333333
0 0.174609375 0.4652777777777778 0.04140625 0.07777777777777778
0 0.144921875 0.4652777777777778 0.03828125 0.075
0 0.0171875 0.4638888888888889 0.03125 0.06666666666666667
0 0.0203125 0.29791666666666666 0.034375 0.05694444444444444
0 0.0671875 0.3034722222222222 0.0359375 0.0625
0 0.08671875 0.25069444444444444 0.034375 0.04583333333333333
0 0.13359375 0.24375 0.0390625 0.06805555555555555
0 0.223046875 0.24375 0.03359375 0.05416666666666667
0 0.309765625 0.28958333333333336 0.03203125 0.059722222222222225
0 0.3375 0.28888888888888886 0.0296875 0.06111111111111111
0 0.37265625 0.2902777777777778 0.028125 0.058333333333333334
0 0.3984375 0.29375 0.0328125 0.06805555555555555
0 0.426171875 0.28541666666666665 0.02890625 0.059722222222222225
0 0.614453125 0.2826388888888889 0.02734375 0.059722222222222225
0 0.703125 0.27708333333333335 0.025 0.06805555555555555
0 0.787890625 0.275 0.02734375 0.06111111111111111
0 0.809375 0.22777777777777777 0.025 0.05277777777777778
0 0.81953125 0.2777777777777778 0.0296875 0.058333333333333334
0 0.590234375 0.14166666666666666 0.02265625 0.058333333333333334
0 0.511328125 0.2375 0.02578125 0.06111111111111111
0 0.382421875 0.23819444444444443 0.03203125 0.05138888888888889
0 0.35 0.2326388888888889 0.028125 0.0625
0 0.3703125 0.15347222222222223 0.028125 0.05138888888888889
0 0.3796875 0.11180555555555556 0.025 0.0375
0 0.41015625 0.11875 0.0265625 0.04861111111111111
0 0.4578125 0.11388888888888889 0.0234375 0.04722222222222222
0 0.4953125 0.14583333333333334 0.021875 0.05
0 0.54765625 0.11180555555555556 0.0234375 0.05138888888888889
0 0.595703125 0.03263888888888889 0.01796875 0.043055555555555555
0 0.66484375 0.030555555555555555 0.021875 0.05
0 0.42734375 0.04513888888888889 0.0265625 0.04583333333333333
0 0.403515625 0.019444444444444445 0.02265625 0.03611111111111111
0 0.233984375 0.15486111111111112 0.02890625 0.04583333333333333
0 0.27578125 0.05277777777777778 0.0234375 0.044444444444444446
0 0.2546875 0.05347222222222222 0.021875 0.043055555555555555
0 0.04453125 0.11041666666666666 0.0359375 0.034722222222222224
0 0.05625 0.09166666666666666 0.040625 0.030555555555555555
0 0.08671875 0.1638888888888889 0.0328125 0.05
0 0.10703125 0.1638888888888889 0.03125 0.04722222222222222
0 0.103515625 0.1284722222222222 0.02578125 0.03194444444444444
0 0.14375 0.12986111111111112 0.028125 0.05138888888888889
0 0.16640625 0.12361111111111112 0.025 0.03888888888888889
0 0.183984375 0.12708333333333333 0.02578125 0.04027777777777778
0 0.14140625 0.06388888888888888 0.028125 0.044444444444444446
0 0.156640625 0.029166666666666667 0.02578125 0.03333333333333333
0 0.180859375 0.0625 0.02109375 0.030555555555555555
0 0.192578125 0.024305555555555556 0.02421875 0.0375
0 0.21171875 0.029861111111111113 0.025 0.0375
0 0.2171875 0.05763888888888889 0.0234375 0.04027777777777778
0 0.23515625 0.05416666666666667 0.0234375 0.044444444444444446
0 0.53203125 0.035416666666666666 0.0203125 0.04583333333333333
0 0.433203125 0.0125 0.02578125 0.025
0 0.009765625 0.1951388888888889 0.01953125 0.029166666666666667
0 0.9546875 0.9506944444444444 0.05625 0.09583333333333334
