0 0.87734375 0.63125 0.0421875 0.09583333333333334
0 0.901171875 0.7416666666666667 0.07109375 0.06111111111111111
0 0.919921875 0.8055555555555556 0.07578125 0.06111111111111111
0 0.8359375 0.6326388888888889 0.0453125 0.10416666666666667
0 0.762890625 0.6243055555555556 0.03671875 0.10416666666666667
0 0.5796875 0.6166666666666667 0.0328125 0.09166666666666666
0 0.50703125 0.6173611111111111 0.0296875 0.09305555555555556
0 0.4734375 0.625 0.028125 0.08888888888888889
0 0.439453125 0.6194444444444445 0.03046875 0.09444444444444444
0 0.372265625 0.6118055555555556 0.03828125 0.10416666666666667
0 0.36875 0.4652777777777778 0.03125 0.07222222222222222
0 0.29609375 0.46319444444444446 0.03125 0.07083333333333333
0 0.25859375 0.46805555555555556 0.0375 0.07777777777777778
0 0.23125 0.46111111111111114 0.0328125 0.06666666666666667
0 0.17578125 0.46319444444444446 0.040625 0.07361111111111111
0 0.16796875 0.4048611111111111 0.0328125 0.0625
0 0.090625 0.46458333333333335 0.0375 0.07083333333333333
0 0.065625 0.4625 0.0375 0.075
0 0.03984375 0.4638888888888889 0.0390625 0.07222222222222222
0 0.0171875 0.4618055555555556 0.03125 0.06527777777777778
0 0.038671875 0.4027777777777778 0.03984375 0.06388888888888888
0 0.115625 0.2951388888888889 0.0375 0.05138888888888889
0 0.06953125 0.2965277777777778 0.0375 0.04861111111111111
0 0.04609375 0.29583333333333334 0.0328125 0.05277777777777778
0 0.02109375 0.28958333333333336 0.0359375 0.06527777777777778
0 0.012890625 0.6090277777777777 0.02421875 0.07916666666666666
0 0.03828125 0.6048611111111111 0.040625 0.07916666666666666
0 0.068359375 0.6111111111111112 0.04453125 0.075
0 0.124609375 0.6111111111111112 0.04140625 0.08888888888888889
0 0.15390625 0.6125 0.040625 0.08333333333333333
0 0.222265625 0.6083333333333333 0.03515625 0.09444444444444444
0 0.25234375 0.6194444444444445 0.0375 0.07222222222222222
0 0.3125 0.6125 0.040625 0.09166666666666666
0 0.980859375 0.95 0.03359375 0.08888888888888889
