0 0.292578125 0.95 0.04453125 0.08888888888888889
0 0.347265625 0.9506944444444444 0.04296875 0.09027777777777778
0 0.39296875 0.9534722222222223 0.0375 0.0875
0 0.442578125 0.9479166666666666 0.03515625 0.09305555555555556
0 0.24921875 0.9402777777777778 0.053125 0.1
0 0.89921875 0.7326388888888888 0.0671875 0.059722222222222225
0 0.912890625 0.7965277777777777 0.08203125 0.0625
0 0.970703125 0.5368055555555555 0.04296875 0.0875
0 0.984765625 0.6229166666666667 0.02578125 0.09583333333333334
0 0.955078125 0.46458333333333335 0.03515625 0.07083333333333333
0 0.937109375 0.4013888888888889 0.04296875 0.07777777777777778
0 0.92109375 0.34097222222222223 0.0375 0.06527777777777778
0 0.88203125 0.6326388888888889 0.0421875 0.09583333333333334
0 0.8421875 0.6340277777777777 0.04375 0.09583333333333334
0 0.805078125 0.6333333333333333 0.03984375 0.09722222222222222
0 0.826171875 0.7333333333333333 0.03671875 0.10555555555555556
0 0.78125 0.7361111111111112 0.0390625 0.08888888888888889
0 0.730078125 0.7263888888888889 0.03359375 0.08888888888888889
0 0.76640625 0.6333333333333333 0.0328125 0.1
0 0.72578125 0.6277777777777778 0.034375 0.08888888888888889
0 0.691796875 0.6263888888888889 0.03359375 0.09166666666666666
0 0.653125 0.6284722222222222 0.0328125 0.09027777777777778
0 0.687890625 0.7291666666666666 0.03828125 0.10277777777777777
0 0.6453125 0.7284722222222222 0.0328125 0.09027777777777778
0 0.595703125 0.7291666666666666 0.03671875 0.1
0 0.550390625 0.7340277777777777 0.03359375 0.09861111111111111
0 0.508984375 0.7319444444444444 0.03359375 0.10277777777777777
0 0.46953125 0.7305555555555555 0.0375 0.11388888888888889
0 0.4296875 0.7284722222222222 0.034375 0.10972222222222222
0 0.383203125 0.7361111111111112 0.03828125 0.10277777777777777
0 0.342578125 0.7333333333333333 0.03671875 0.09166666666666666
0 0.301953125 0.7381944444444445 0.03984375 0.09583333333333334
0 0.258984375 0.7305555555555555 0.04140625 0.1111111111111111
0 0.217578125 0.7305555555555555 0.04140625 0.09166666666666666
0 0.1765625 0.7291666666666666 0.04375 0.09166666666666666
0 0.138671875 0.7256944444444444 0.04609375 0.09861111111111111
0 0.090625 0.7333333333333333 0.046875 0.09166666666666666
0 0.057421875 0.7263888888888889 0.04765625 0.09722222222222222
0 0.023828125 0.7236111111111111 0.04296875 0.08611111111111111
0 0.031640625 0.6118055555555556 0.04609375 0.07916666666666666
0 0.06328125 0.6138888888888889 0.0453125 0.09166666666666666
0 0.0921875 0.6215277777777778 0.0421875 0.09027777777777778
0 0.125390625 0.61875 0.04296875 0.08194444444444444
0 0.157421875 0.6194444444444445 0.03984375 0.08333333333333333
0 0.187109375 0.61875 0.03828125 0.08472222222222223
0 0.22109375 0.6222222222222222 0.04375 0.08611111111111111
0 0.255078125 0.6215277777777778 0.04296875 0.07916666666666666
0 0.3046875 0.6152777777777778 0.040625 0.08611111111111111
0 0.33671875 0.6256944444444444 0.034375 0.07916666666666666
0 0.369140625 0.6236111111111111 0.03359375 0.08333333333333333
0 0.401953125 0.6270833333333333 0.03515625 0.0875
0 0.435546875 0.6236111111111111 0.03359375 0.08333333333333333
0 0.471875 0.6222222222222222 0.03125 0.08055555555555556
0 0.50703125 0.6270833333333333 0.0265625 0.08472222222222223
0 0.541015625 0.6201388888888889 0.03203125 0.08472222222222223
0 0.58203125 0.6291666666666667 0.0265625 0.09444444444444444
0 0.614453125 0.6284722222222222 0.02734375 0.0875
0 0.850390625 0.4666666666666667 0.03671875 0.08611111111111111
0 0.837890625 0.39375 0.03515625 0.06805555555555555
0 0.804296875 0.3909722222222222 0.03046875 0.07083333333333333
0 0.81328125 0.46041666666666664 0.034375 0.07916666666666666
0 0.7796875 0.4625 0.0328125 0.07777777777777778
0 0.7734375 0.38680555555555557 0.03125 0.07916666666666666
0 0.74140625 0.39375 0.0265625 0.0625
0 0.74765625 0.4618055555555556 0.03125 0.07083333333333333
0 0.71171875 0.46458333333333335 0.03125 0.0763888888888889
0 0.708203125 0.39305555555555555 0.02890625 0.06944444444444445
0 0.676171875 0.39166666666666666 0.02578125 0.07222222222222222
0 0.6796875 0.4583333333333333 0.0296875 0.06944444444444445
0 0.646484375 0.4597222222222222 0.02734375 0.07777777777777778
0 0.64609375 0.3909722222222222 0.021875 0.06527777777777778
0 0.614453125 0.3958333333333333 0.02578125 0.05555555555555555
0 0.613671875 0.4618055555555556 0.03203125 0.07083333333333333
0 0.583984375 0.46111111111111114 0.02890625 0.07777777777777778
0 0.584765625 0.38958333333333334 0.03046875 0.06527777777777778
0 0.55546875 0.4 0.021875 0.058333333333333334
0 0.551171875 0.46111111111111114 0.02734375 0.08055555555555556
0 0.51640625 0.4618055555555556 0.0265625 0.07361111111111111
0 0.52578125 0.39305555555555555 0.0265625 0.06111111111111111
0 0.49453125 0.39861111111111114 0.025 0.058333333333333334
0 0.486328125 0.46319444444444446 0.03203125 0.08194444444444444
0 0.4578125 0.46111111111111114 0.0296875 0.06388888888888888
0 0.462890625 0.40069444444444446 0.02890625 0.06527777777777778
0 0.436328125 0.39166666666666666 0.02421875 0.07222222222222222
0 0.428125 0.46041666666666664 0.028125 0.07361111111111111
0 0.394921875 0.46458333333333335 0.03203125 0.07916666666666666
0 0.406640625 0.40069444444444446 0.02890625 0.0625
0 0.375390625 0.4013888888888889 0.02734375 0.06388888888888888
0 0.347265625 0.40069444444444446 0.03203125 0.0625
0 0.337890625 0.46458333333333335 0.03359375 0.07083333333333333
0 0.366796875 0.46875 0.03359375 0.07916666666666666
0 0.29375 0.46597222222222223 0.0375 0.08472222222222223
0 0.305078125 0.3951388888888889 0.03359375 0.06805555555555555
0 0.27734375 0.39861111111111114 0.0296875 0.07222222222222222
0 0.2609375 0.4666666666666667 0.0390625 0.08055555555555556
0 0.23125 0.4708333333333333 0.0375 0.07222222222222222
0 0.2046875 0.46597222222222223 0.0359375 0.07361111111111111
0 0.177734375 0.4652777777777778 0.03984375 0.07222222222222222
0 0.24921875 0.40625 0.0328125 0.059722222222222225
0 0.2203125 0.4041666666666667 0.03125 0.058333333333333334
0 0.191796875 0.40347222222222223 0.03359375 0.059722222222222225
0 0.1703125 0.4 0.0375 0.05555555555555555
0 0.143359375 0.40555555555555556 0.03671875 0.06666666666666667
0 0.116015625 0.4048611111111111 0.03671875 0.0625
0 0.09296875 0.40347222222222223 0.034375 0.05138888888888889
0 0.06328125 0.40694444444444444 0.040625 0.058333333333333334
0 0.0390625 0.40347222222222223 0.0390625 0.05416666666666667
0 0.015234375 0.40555555555555556 0.02890625 0.05277777777777778
0 0.01640625 0.4652777777777778 0.03125 0.075
0 0.0421875 0.4618055555555556 0.034375 0.06805555555555555
0 0.06796875 0.46111111111111114 0.0375 0.06388888888888888
0 0.0921875 0.46458333333333335 0.0359375 0.0763888888888889
0 0.122265625 0.4638888888888889 0.03046875 0.05555555555555555
0 0.145703125 0.4701388888888889 0.03828125 0.0625
0 0.8203125 0.27847222222222223 0.028125 0.0625
0 0.790234375 0.2791666666666667 0.02890625 0.058333333333333334
0 0.760546875 0.27569444444444446 0.02578125 0.0625
0 0.7296875 0.2763888888888889 0.0296875 0.05555555555555555
0 0.701171875 0.2777777777777778 0.02578125 0.06388888888888888
0 0.67109375 0.2777777777777778 0.025 0.06388888888888888
0 0.642578125 0.2798611111111111 0.02734375 0.0625
0 0.615625 0.2798611111111111 0.025 0.059722222222222225
0 0.586328125 0.28194444444444444 0.02109375 0.05277777777777778
0 0.56015625 0.28194444444444444 0.021875 0.06111111111111111
0 0.5328125 0.2791666666666667 0.025 0.06111111111111111
0 0.808984375 0.21875 0.02578125 0.05416666666666667
0 0.778515625 0.21875 0.02734375 0.05694444444444444
0 0.75234375 0.21875 0.0265625 0.04861111111111111
0 0.727734375 0.22847222222222222 0.02734375 0.05138888888888889
0 0.694140625 0.22569444444444445 0.02265625 0.04861111111111111
0 0.66953125 0.22291666666666668 0.0265625 0.05138888888888889
0 0.6421875 0.22430555555555556 0.0234375 0.04861111111111111
0 0.616796875 0.2263888888888889 0.02578125 0.05277777777777778
0 0.587890625 0.22847222222222222 0.02265625 0.04861111111111111
0 0.559765625 0.225 0.02265625 0.058333333333333334
0 0.5359375 0.22916666666666666 0.0203125 0.041666666666666664
0 0.510546875 0.23125 0.02578125 0.05416666666666667
0 0.484375 0.23125 0.0265625 0.04861111111111111
0 0.4609375 0.23125 0.01875 0.04861111111111111
0 0.434375 0.2361111111111111 0.0234375 0.03888888888888889
0 0.409375 0.23333333333333334 0.0234375 0.05
0 0.38203125 0.2388888888888889 0.028125 0.05
0 0.50390625 0.2881944444444444 0.0234375 0.059722222222222225
0 0.480078125 0.28402777777777777 0.02109375 0.0625
0 0.453125 0.28541666666666665 0.0265625 0.0625
0 0.427734375 0.2861111111111111 0.02734375 0.06111111111111111
0 0.40078125 0.2875 0.028125 0.06388888888888888
0 0.375390625 0.2916666666666667 0.02578125 0.06111111111111111
0 0.333203125 0.29444444444444445 0.02578125 0.06388888888888888
0 0.35 0.23680555555555555 0.0265625 0.04861111111111111
0 0.320703125 0.2375 0.02890625 0.041666666666666664
0 0.30859375 0.28680555555555554 0.0296875 0.06805555555555555
0 0.282421875 0.2881944444444444 0.02265625 0.06805555555555555
0 0.2578125 0.28888888888888886 0.03125 0.06111111111111111
0 0.233984375 0.28958333333333336 0.03046875 0.0625
0 0.208984375 0.29097222222222224 0.02890625 0.059722222222222225
0 0.185546875 0.2902777777777778 0.03359375 0.06111111111111111
0 0.16171875 0.28958333333333336 0.0328125 0.059722222222222225
0 0.134375 0.2951388888888889 0.034375 0.05138888888888889
0 0.1109375 0.2923611111111111 0.034375 0.05416666666666667
0 0.09375 0.29375 0.03125 0.05416666666666667
0 0.0671875 0.29444444444444445 0.0359375 0.05555555555555555
0 0.04609375 0.2951388888888889 0.034375 0.05416666666666667
0 0.020703125 0.29583333333333334 0.03515625 0.04722222222222222
0 0.01953125 0.24305555555555555 0.0265625 0.04722222222222222
0 0.04140625 0.24513888888888888 0.0328125 0.04027777777777778
0 0.06171875 0.2465277777777778 0.03125 0.04027777777777778
0 0.08515625 0.24444444444444444 0.03125 0.041666666666666664
0 0.1078125 0.24722222222222223 0.028125 0.041666666666666664
0 0.13125 0.24375 0.03125 0.04027777777777778
0 0.151171875 0.24305555555555555 0.02890625 0.041666666666666664
0 0.176171875 0.2388888888888889 0.03359375 0.044444444444444446
0 0.2015625 0.23819444444444443 0.0296875 0.04027777777777778
0 0.223828125 0.23819444444444443 0.03046875 0.043055555555555555
0 0.248828125 0.2375 0.03046875 0.03888888888888889
0 0.272265625 0.2375 0.02890625 0.03888888888888889
0 0.296484375 0.23541666666666666 0.02890625 0.0375
0 0.810546875 0.1111111111111111 0.02890625 0.06666666666666667
0 0.78515625 0.0875 0.0234375 0.03888888888888889
0 0.790625 0.13402777777777777 0.021875 0.04861111111111111
0 0.762890625 0.09166666666666666 0.02109375 0.05555555555555555
0 0.765625 0.1375 0.021875 0.041666666666666664
0 0.73515625 0.08472222222222223 0.025 0.041666666666666664
0 0.7390625 0.13472222222222222 0.0234375 0.05555555555555555
0 0.715234375 0.13541666666666666 0.02421875 0.05694444444444444
0 0.709375 0.08888888888888889 0.021875 0.03611111111111111
0 0.68515625 0.08888888888888889 0.021875 0.03611111111111111
0 0.690625 0.1375 0.025 0.05
0 0.665625 0.1361111111111111 0.0234375 0.05
0 0.66015625 0.09375 0.01875 0.04861111111111111
0 0.63828125 0.09236111111111112 0.01875 0.05416666666666667
0 0.63984375 0.1361111111111111 0.0203125 0.044444444444444446
0 0.6171875 0.09583333333333334 0.015625 0.04722222222222222
0 0.6171875 0.14444444444444443 0.01875 0.05
0 0.593359375 0.14305555555555555 0.01796875 0.05277777777777778
0 0.593359375 0.09375 0.01640625 0.04861111111111111
0 0.570703125 0.09791666666666667 0.02109375 0.04861111111111111
0 0.570703125 0.14375 0.02109375 0.043055555555555555
0 0.54453125 0.14097222222222222 0.021875 0.05138888888888889
0 0.546875 0.09166666666666666 0.0203125 0.04722222222222222
0 0.5234375 0.10138888888888889 0.0171875 0.041666666666666664
0 0.521875 0.14444444444444443 0.0203125 0.05555555555555555
0 0.496484375 0.14652777777777778 0.02109375 0.04861111111111111
0 0.5 0.10902777777777778 0.01875 0.0375
0 0.478515625 0.10972222222222222 0.01953125 0.03611111111111111
0 0.473046875 0.15138888888888888 0.01953125 0.04722222222222222
0 0.447265625 0.1527777777777778 0.02265625 0.058333333333333334
0 0.45703125 0.10902777777777778 0.01875 0.034722222222222224
0 0.43515625 0.11180555555555556 0.01875 0.0375
0 0.412109375 0.11388888888888889 0.02421875 0.03333333333333333
0 0.4015625 0.1527777777777778 0.0234375 0.04722222222222222
0 0.42109375 0.15625 0.021875 0.04861111111111111
0 0.36796875 0.15694444444444444 0.025 0.05277777777777778
0 0.38203125 0.11458333333333333 0.0203125 0.034722222222222224
0 0.355859375 0.11180555555555556 0.02421875 0.03194444444444444
0 0.333984375 0.11458333333333333 0.02265625 0.034722222222222224
0 0.311328125 0.11666666666666667 0.02109375 0.03888888888888889
0 0.290234375 0.11597222222222223 0.02265625 0.029166666666666667
0 0.272265625 0.11388888888888889 0.02265625 0.030555555555555555
0 0.24765625 0.11875 0.025 0.029166666666666667
0 0.2265625 0.12152777777777778 0.021875 0.029166666666666667
0 0.207421875 0.12013888888888889 0.02265625 0.029166666666666667
0 0.185546875 0.12291666666666666 0.02421875 0.029166666666666667
0 0.1625 0.12708333333333333 0.025 0.034722222222222224
0 0.14375 0.125 0.0203125 0.030555555555555555
0 0.126171875 0.12777777777777777 0.01796875 0.03333333333333333
0 0.104296875 0.13194444444444445 0.02578125 0.03611111111111111
0 0.080859375 0.14097222222222222 0.03046875 0.05138888888888889
0 0.083984375 0.16875 0.02265625 0.04583333333333333
0 0.108203125 0.16458333333333333 0.03046875 0.04861111111111111
0 0.12890625 0.16458333333333333 0.028125 0.04861111111111111
0 0.148046875 0.15902777777777777 0.02265625 0.04861111111111111
0 0.1703125 0.15486111111111112 0.0265625 0.04861111111111111
0 0.18984375 0.15416666666666667 0.021875 0.05
0 0.210546875 0.15555555555555556 0.01953125 0.04722222222222222
0 0.232421875 0.15486111111111112 0.03046875 0.05138888888888889
0 0.258984375 0.15555555555555556 0.03046875 0.05
0 0.279296875 0.1527777777777778 0.02265625 0.05
0 0.299609375 0.15347222222222223 0.02109375 0.05416666666666667
0 0.32109375 0.14930555555555555 0.0234375 0.059722222222222225
0 0.34375 0.15486111111111112 0.0203125 0.05138888888888889
0 0.0140625 0.175 0.0265625 0.03333333333333333
0 0.02109375 0.15555555555555556 0.0328125 0.030555555555555555
0 0.02890625 0.14305555555555555 0.0390625 0.030555555555555555
0 0.039453125 0.12430555555555556 0.03671875 0.02361111111111111
0 0.048046875 0.10972222222222222 0.03515625 0.027777777777777776
0 0.057421875 0.09513888888888888 0.03671875 0.02638888888888889
0 0.065234375 0.07777777777777778 0.03671875 0.022222222222222223
0 0.075390625 0.06458333333333334 0.03984375 0.020833333333333332
0 0.0828125 0.05277777777777778 0.0328125 0.027777777777777776
0 0.088671875 0.04027777777777778 0.03359375 0.022222222222222223
0 0.099609375 0.02361111111111111 0.03203125 0.022222222222222223
0 0.125390625 0.06666666666666667 0.02421875 0.04722222222222222
0 0.143359375 0.06388888888888888 0.02578125 0.044444444444444446
0 0.162890625 0.06319444444444444 0.02109375 0.04027777777777778
0 0.180859375 0.058333333333333334 0.02265625 0.03888888888888889
0 0.196875 0.05625 0.025 0.04583333333333333
0 0.21796875 0.05486111111111111 0.0234375 0.04027777777777778
0 0.234375 0.05416666666666667 0.0234375 0.044444444444444446
0 0.2546875 0.05277777777777778 0.0234375 0.041666666666666664
0 0.273828125 0.05277777777777778 0.02421875 0.041666666666666664
0 0.293359375 0.04652777777777778 0.02265625 0.04861111111111111
0 0.313671875 0.05 0.01953125 0.05277777777777778
0 0.3328125 0.04722222222222222 0.025 0.04722222222222222
0 0.3546875 0.04513888888888889 0.025 0.04861111111111111
0 0.376171875 0.04583333333333333 0.01796875 0.05
0 0.394140625 0.052083333333333336 0.01953125 0.04861111111111111
0 0.428125 0.04097222222222222 0.0203125 0.043055555555555555
0 0.446875 0.04236111111111111 0.021875 0.04583333333333333
0 0.467578125 0.04513888888888889 0.02265625 0.043055555555555555
0 0.489453125 0.04097222222222222 0.02109375 0.04861111111111111
0 0.509765625 0.04236111111111111 0.01796875 0.043055555555555555
0 0.531640625 0.035416666666666666 0.02265625 0.05138888888888889
0 0.55234375 0.034027777777777775 0.0140625 0.04861111111111111
0 0.574609375 0.03611111111111111 0.02109375 0.05
0 0.59609375 0.03333333333333333 0.0203125 0.041666666666666664
0 0.6171875 0.034027777777777775 0.0203125 0.04583333333333333
0 0.637890625 0.02847222222222222 0.02109375 0.04583333333333333
0 0.662109375 0.030555555555555555 0.01953125 0.05
0 0.68359375 0.02847222222222222 0.0203125 0.04861111111111111
0 0.70703125 0.029166666666666667 0.0203125 0.041666666666666664
0 0.729296875 0.02638888888888889 0.01953125 0.03888888888888889
0 0.75 0.025694444444444443 0.0234375 0.0375
0 0.773828125 0.02638888888888889 0.02421875 0.041666666666666664
0 0.798828125 0.029166666666666667 0.02421875 0.03333333333333333
0 0.822265625 0.02847222222222222 0.02109375 0.04027777777777778
0 0.844921875 0.027083333333333334 0.02265625 0.043055555555555555
0 0.137109375 0.02361111111111111 0.01953125 0.030555555555555555
0 0.155078125 0.025694444444444443 0.02578125 0.029166666666666667
0 0.175 0.02638888888888889 0.0234375 0.027777777777777776
0 0.19296875 0.029166666666666667 0.0203125 0.03611111111111111
0 0.212109375 0.02361111111111111 0.02109375 0.041666666666666664
0 0.231640625 0.018055555555555554 0.02421875 0.03611111111111111
0 0.2484375 0.02013888888888889 0.021875 0.02638888888888889
0 0.2640625 0.019444444444444445 0.021875 0.027777777777777776
0 0.284765625 0.0125 0.02578125 0.025
0 0.3046875 0.0125 0.021875 0.019444444444444445
0 0.322265625 0.0125 0.01796875 0.019444444444444445
0 0.49296875 0.9548611111111112 0.040625 0.0875
0 0.5453125 0.9513888888888888 0.034375 0.09444444444444444
0 0.649609375 0.9534722222222223 0.03203125 0.09027777777777778
0 0.600390625 0.9534722222222223 0.03515625 0.09027777777777778
0 0.69765625 0.9576388888888889 0.03125 0.08194444444444444
0 0.74609375 0.9541666666666667 0.0359375 0.08888888888888889
0 0.956640625 0.9590277777777778 0.07578125 0.07916666666666666
0 0.929296875 0.8756944444444444 0.07109375 0.06527777777777778
0 0.218359375 0.9381944444444444 0.03671875 0.11805555555555555
0 0.162890625 0.9458333333333333 0.03984375 0.09166666666666666
0 0.115625 0.94375 0.046875 0.08472222222222223
0 0.0703125 0.9416666666666667 0.04375 0.08333333333333333
0 0.021875 0.9375 0.04375 0.08333333333333333
0 0.3421875 0.013888888888888888 0.0234375 0.027777777777777776
0 0.36328125 0.013888888888888888 0.0203125 0.027777777777777776
0 0.382421875 0.013194444444444444 0.02265625 0.02638888888888889
0 0.402734375 0.014583333333333334 0.02109375 0.029166666666666667
0 0.430078125 0.013888888888888888 0.01796875 0.027777777777777776
0 0.452734375 0.013194444444444444 0.01953125 0.02638888888888889
0 0.471875 0.011805555555555555 0.0171875 0.02361111111111111
0 0.491015625 0.007638888888888889 0.01953125 0.015277777777777777
0 0.512890625 0.011111111111111112 0.01953125 0.022222222222222223
0 0.5328125 0.008333333333333333 0.0140625 0.016666666666666666
0 0.55390625 0.007638888888888889 0.0171875 0.015277777777777777
0 0.574609375 0.009027777777777777 0.02109375 0.018055555555555554
0 0.59453125 0.009722222222222222 0.015625 0.019444444444444445
0 0.61796875 0.005555555555555556 0.0203125 0.011111111111111112
0 0.866796875 0.015277777777777777 0.01953125 0.030555555555555555
0 0.10703125 0.008333333333333333 0.03125 0.016666666666666666
0 0.009375 0.19027777777777777 0.01875 0.030555555555555555
0 0.009375 0.2965277777777778 0.01875 0.04861111111111111
0 0.897265625 0.24097222222222223 0.03046875 0.05694444444444444
0 0.909765625 0.28541666666666665 0.02890625 0.05416666666666667
