0 0.3109375 0.28888888888888886 0.0359375 0.06666666666666667
0 0.336328125 0.29097222222222224 0.03359375 0.0625
0 0.3765625 0.2875 0.0328125 0.06388888888888888
0 0.430078125 0.2902777777777778 0.02578125 0.06388888888888888
0 0.4546875 0.2875 0.0265625 0.06388888888888888
0 0.48125 0.28888888888888886 0.028125 0.06111111111111111
0 0.5609375 0.28194444444444444 0.025 0.05277777777777778
0 0.61796875 0.2826388888888889 0.025 0.059722222222222225
0 0.701171875 0.27847222222222223 0.02734375 0.05138888888888889
0 0.731640625 0.28055555555555556 0.03046875 0.05555555555555555
0 0.78671875 0.27708333333333335 0.03125 0.05416666666666667
0 0.81640625 0.2743055555555556 0.0359375 0.0625
0 0.223046875 0.3993055555555556 0.04140625 0.0625
0 0.249609375 0.4013888888888889 0.03828125 0.06388888888888888
0 0.281640625 0.4013888888888889 0.03984375 0.058333333333333334
0 0.312890625 0.4027777777777778 0.03671875 0.06111111111111111
0 0.350390625 0.40208333333333335 0.03515625 0.05694444444444444
0 0.375390625 0.4013888888888889 0.03515625 0.06111111111111111
0 0.409765625 0.3958333333333333 0.03359375 0.058333333333333334
0 0.436328125 0.39791666666666664 0.03359375 0.05694444444444444
0 0.465234375 0.39652777777777776 0.03515625 0.0625
0 0.521875 0.39652777777777776 0.03125 0.059722222222222225
0 0.58359375 0.39652777777777776 0.0296875 0.059722222222222225
0 0.647265625 0.3888888888888889 0.03046875 0.07222222222222222
0 0.709375 0.38958333333333334 0.0359375 0.07361111111111111
0 0.7734375 0.39166666666666666 0.0375 0.075
0 0.806640625 0.3909722222222222 0.03359375 0.07083333333333333
0 0.176171875 0.4618055555555556 0.03671875 0.07916666666666666
0 0.205078125 0.4638888888888889 0.04453125 0.08055555555555556
0 0.232421875 0.4597222222222222 0.03984375 0.08333333333333333
0 0.26015625 0.4673611111111111 0.040625 0.07916666666666666
0 0.291015625 0.4652777777777778 0.03671875 0.08055555555555556
0 0.335546875 0.46875 0.03046875 0.08472222222222223
0 0.3671875 0.4666666666666667 0.0421875 0.08333333333333333
0 0.39453125 0.46805555555555556 0.0375 0.07777777777777778
0 0.42734375 0.4638888888888889 0.0375 0.08333333333333333
0 0.456640625 0.46805555555555556 0.03046875 0.075
0 0.48984375 0.46805555555555556 0.0328125 0.075
0 0.51875 0.46875 0.0328125 0.07083333333333333
0 0.55234375 0.46597222222222223 0.0265625 0.07083333333333333
0 0.582421875 0.4673611111111111 0.03203125 0.07083333333333333
0 0.613671875 0.4666666666666667 0.02890625 0.07222222222222222
0 0.646875 0.4638888888888889 0.03125 0.07222222222222222
0 0.68046875 0.4673611111111111 0.03125 0.07083333333333333
0 0.71171875 0.4652777777777778 0.0359375 0.06666666666666667
0 0.74609375 0.46597222222222223 0.0328125 0.07361111111111111
0 0.77890625 0.46319444444444446 0.0390625 0.07361111111111111
0 0.812109375 0.46597222222222223 0.03515625 0.06805555555555555
0 0.8484375 0.4597222222222222 0.0421875 0.075
0 0.121875 0.6152777777777778 0.0453125 0.08333333333333333
0 0.1515625 0.6180555555555556 0.0453125 0.07777777777777778
0 0.187109375 0.61875 0.04453125 0.07916666666666666
0 0.219140625 0.6166666666666667 0.04140625 0.07777777777777778
0 0.2515625 0.6222222222222222 0.0421875 0.075
0 0.30234375 0.61875 0.0390625 0.07083333333333333
0 0.33671875 0.6166666666666667 0.040625 0.07777777777777778
0 0.37265625 0.6201388888888889 0.0484375 0.08472222222222223
0 0.405078125 0.6201388888888889 0.04140625 0.07916666666666666
0 0.438671875 0.6236111111111111 0.04140625 0.08055555555555556
0 0.47109375 0.6222222222222222 0.0359375 0.08055555555555556
0 0.506640625 0.6243055555555556 0.03671875 0.0875
0 0.54140625 0.6208333333333333 0.0375 0.07777777777777778
0 0.57890625 0.6222222222222222 0.0359375 0.08611111111111111
0 0.6140625 0.6201388888888889 0.0359375 0.08194444444444444
0 0.651953125 0.6256944444444444 0.03671875 0.08194444444444444
0 0.689453125 0.6277777777777778 0.04140625 0.08333333333333333
0 0.7265625 0.6256944444444444 0.0421875 0.08194444444444444
0 0.7640625 0.625 0.040625 0.08888888888888889
0 0.801171875 0.6277777777777778 0.04453125 0.09166666666666666
0 0.837109375 0.6236111111111111 0.04140625 0.08888888888888889
0 0.875 0.6215277777777778 0.0484375 0.0875
0 0.059375 0.7333333333333333 0.053125 0.075
0 0.1375 0.7388888888888889 0.0546875 0.08611111111111111
0 0.1765625 0.7388888888888889 0.059375 0.08888888888888889
0 0.219140625 0.7368055555555556 0.05390625 0.09305555555555556
0 0.25703125 0.7368055555555556 0.053125 0.0875
0 0.300390625 0.7354166666666667 0.05234375 0.07916666666666666
0 0.429296875 0.7409722222222223 0.04921875 0.08194444444444444
0 0.470703125 0.7444444444444445 0.04140625 0.08611111111111111
0 0.510546875 0.7479166666666667 0.04609375 0.0875
0 0.2484375 0.9493055555555555 0.0453125 0.09305555555555556
0 0.29609375 0.9513888888888888 0.040625 0.09166666666666666
0 0.021484375 0.7270833333333333 0.04296875 0.08472222222222223
0 0.554296875 0.7340277777777777 0.02890625 0.09027777777777778
0 0.59609375 0.7305555555555555 0.0328125 0.09722222222222222
0 0.730078125 0.7298611111111111 0.03671875 0.09305555555555556
0 0.828515625 0.7430555555555556 0.03984375 0.10833333333333334
0 0.894921875 0.7375 0.08359375 0.06388888888888888
0 0.98671875 0.6111111111111112 0.0234375 0.10833333333333334
0 0.94921875 0.4527777777777778 0.040625 0.06388888888888888
0 0.92734375 0.3472222222222222 0.034375 0.06666666666666667
0 0.089453125 0.6118055555555556 0.04453125 0.0875
0 0.058984375 0.6118055555555556 0.04296875 0.09305555555555556
0 0.02734375 0.6125 0.0421875 0.09722222222222222
0 0.015625 0.46041666666666664 0.028125 0.0625
0 0.091015625 0.46041666666666664 0.03671875 0.05694444444444444
0 0.11796875 0.4625 0.0421875 0.07777777777777778
0 0.14453125 0.45902777777777776 0.0375 0.07083333333333333
0 0.141796875 0.39652777777777776 0.03671875 0.05138888888888889
0 0.08984375 0.4027777777777778 0.0375 0.05555555555555555
0 0.062890625 0.4 0.03828125 0.075
0 0.80859375 0.22569444444444445 0.0296875 0.04861111111111111
0 0.51015625 0.23333333333333334 0.0265625 0.06111111111111111
0 0.592578125 0.14097222222222222 0.02109375 0.05694444444444444
0 0.665625 0.1 0.01875 0.05
0 0.819921875 0.020833333333333332 0.02265625 0.03888888888888889
0 0.665625 0.02847222222222222 0.01875 0.043055555555555555
0 0.595703125 0.029861111111111113 0.02109375 0.05138888888888889
0 0.553125 0.03263888888888889 0.01875 0.04861111111111111
0 0.533203125 0.03611111111111111 0.02265625 0.044444444444444446
0 0.496484375 0.14305555555555555 0.02109375 0.044444444444444446
0 0.3859375 0.23541666666666666 0.0265625 0.05138888888888889
0 0.351171875 0.23125 0.03046875 0.059722222222222225
0 0.220703125 0.24375 0.03671875 0.05694444444444444
0 0.13359375 0.24166666666666667 0.0390625 0.06666666666666667
0 0.087109375 0.2465277777777778 0.03671875 0.04861111111111111
0 0.067578125 0.2986111111111111 0.03671875 0.058333333333333334
0 0.041015625 0.2986111111111111 0.03359375 0.05277777777777778
0 0.019140625 0.29930555555555555 0.03515625 0.05694444444444444
0 0.085546875 0.16944444444444445 0.03359375 0.04722222222222222
0 0.13046875 0.16597222222222222 0.03125 0.0375
0 0.1421875 0.12777777777777777 0.028125 0.03888888888888889
0 0.162109375 0.1284722222222222 0.02265625 0.0375
0 0.18359375 0.12569444444444444 0.0265625 0.034722222222222224
0 0.2125 0.15694444444444444 0.025 0.05
0 0.227734375 0.12083333333333333 0.02578125 0.03333333333333333
0 0.23515625 0.15208333333333332 0.0265625 0.0375
0 0.31171875 0.11736111111111111 0.028125 0.043055555555555555
0 0.3546875 0.11666666666666667 0.0265625 0.04722222222222222
0 0.369140625 0.15763888888888888 0.02109375 0.05138888888888889
0 0.37890625 0.1125 0.0265625 0.03888888888888889
0 0.4109375 0.11666666666666667 0.021875 0.03611111111111111
0 0.4359375 0.11458333333333333 0.025 0.04027777777777778
0 0.402734375 0.15555555555555556 0.02421875 0.05277777777777778
0 0.45078125 0.04583333333333333 0.0234375 0.041666666666666664
0 0.42890625 0.04513888888888889 0.0203125 0.043055555555555555
0 0.398046875 0.04652777777777778 0.02421875 0.04027777777777778
0 0.405078125 0.014583333333333334 0.01953125 0.029166666666666667
0 0.433203125 0.014583333333333334 0.02109375 0.02638888888888889
0 0.451953125 0.014583333333333334 0.02109375 0.02638888888888889
0 0.29609375 0.04722222222222222 0.025 0.03611111111111111
0 0.275 0.05 0.021875 0.03888888888888889
0 0.255078125 0.05138888888888889 0.02109375 0.03888888888888889
0 0.264453125 0.019444444444444445 0.02890625 0.027777777777777776
0 0.23671875 0.05138888888888889 0.0234375 0.03611111111111111
0 0.216796875 0.05555555555555555 0.02578125 0.03611111111111111
0 0.211328125 0.027083333333333334 0.02421875 0.03194444444444444
0 0.18125 0.058333333333333334 0.0265625 0.030555555555555555
0 0.14453125 0.06458333333333334 0.0265625 0.034722222222222224
0 0.072265625 0.10069444444444445 0.02265625 0.04583333333333333
0 0.098828125 0.022222222222222223 0.03046875 0.025
0 0.1078125 0.009722222222222222 0.028125 0.019444444444444445
0 0.443359375 0.9458333333333333 0.03046875 0.10555555555555556
0 0.00859375 0.19652777777777777 0.0171875 0.020833333333333332
