0 0.44453125 0.9423611111111111 0.0421875 0.09861111111111111
0 0.751171875 0.9430555555555555 0.04765625 0.10555555555555556
0 0.701953125 0.9534722222222223 0.03359375 0.07916666666666666
0 0.95625 0.9569444444444445 0.0703125 0.08055555555555556
0 0.92578125 0.8763888888888889 0.071875 0.05555555555555555
0 0.915625 0.8006944444444445 0.078125 0.05416666666666667
0 0.90234375 0.7368055555555556 0.0765625 0.05694444444444444
0 0.98515625 0.6222222222222222 0.028125 0.09722222222222222
0 0.936328125 0.4027777777777778 0.04453125 0.07777777777777778
0 0.919140625 0.33611111111111114 0.03359375 0.06666666666666667
0 0.880078125 0.6326388888888889 0.04140625 0.09305555555555556
0 0.73125 0.7263888888888889 0.03125 0.1
0 0.596875 0.7277777777777777 0.0359375 0.09722222222222222
0 0.467578125 0.7354166666666667 0.03671875 0.09583333333333334
0 0.428515625 0.7354166666666667 0.03359375 0.09305555555555556
0 0.298046875 0.7319444444444444 0.03828125 0.09444444444444444
0 0.2578125 0.7347222222222223 0.0390625 0.1
0 0.30546875 0.9465277777777777 0.040625 0.09861111111111111
0 0.25078125 0.9472222222222222 0.0484375 0.09444444444444444
0 0.1765625 0.7263888888888889 0.0453125 0.10277777777777777
0 0.13828125 0.725 0.04375 0.10277777777777777
0 0.095703125 0.7291666666666666 0.04921875 0.08888888888888889
0 0.023828125 0.7270833333333333 0.04609375 0.09305555555555556
0 0.84296875 0.6381944444444444 0.040625 0.07916666666666666
0 0.804296875 0.6333333333333333 0.03984375 0.09166666666666666
0 0.768359375 0.6263888888888889 0.03515625 0.09166666666666666
0 0.73125 0.625 0.040625 0.1
0 0.69296875 0.6277777777777778 0.0328125 0.09722222222222222
0 0.65390625 0.6208333333333333 0.034375 0.08888888888888889
0 0.61796875 0.6243055555555556 0.028125 0.09027777777777778
0 0.578515625 0.6201388888888889 0.02421875 0.09305555555555556
0 0.540234375 0.6229166666666667 0.03203125 0.09027777777777778
0 0.505859375 0.625 0.02890625 0.08333333333333333
0 0.4703125 0.6222222222222222 0.0296875 0.08333333333333333
0 0.437109375 0.625 0.03203125 0.08611111111111111
0 0.402734375 0.6222222222222222 0.03515625 0.09166666666666666
0 0.3703125 0.6229166666666667 0.034375 0.0875
0 0.337890625 0.6201388888888889 0.04140625 0.09027777777777778
0 0.30625 0.6159722222222223 0.0359375 0.0875
0 0.2546875 0.6229166666666667 0.0390625 0.08194444444444444
0 0.223046875 0.6215277777777778 0.04140625 0.0875
0 0.18984375 0.6173611111111111 0.0375 0.08194444444444444
0 0.157421875 0.6229166666666667 0.03828125 0.08472222222222223
0 0.122265625 0.6194444444444445 0.03984375 0.08333333333333333
0 0.09296875 0.6215277777777778 0.0453125 0.08472222222222223
0 0.063671875 0.6159722222222223 0.04140625 0.09305555555555556
0 0.03125 0.6194444444444445 0.04375 0.08055555555555556
0 0.8515625 0.46597222222222223 0.034375 0.0875
0 0.8390625 0.39791666666666664 0.034375 0.059722222222222225
0 0.81640625 0.4625 0.034375 0.07222222222222222
0 0.780078125 0.46458333333333335 0.03359375 0.07916666666666666
0 0.77109375 0.3923611111111111 0.034375 0.07361111111111111
0 0.819921875 0.275 0.02890625 0.06388888888888888
0 0.69765625 0.3263888888888889 0.05 0.03888888888888889
0 0.70859375 0.3902777777777778 0.028125 0.06388888888888888
0 0.740625 0.3909722222222222 0.028125 0.06527777777777778
0 0.747265625 0.4625 0.03203125 0.08055555555555556
0 0.7140625 0.4638888888888889 0.03125 0.075
0 0.678125 0.4625 0.03125 0.08333333333333333
0 0.644140625 0.3902777777777778 0.02578125 0.06388888888888888
0 0.644921875 0.45902777777777776 0.02734375 0.0763888888888889
0 0.613671875 0.39375 0.02890625 0.0763888888888889
0 0.615234375 0.4673611111111111 0.02578125 0.07083333333333333
0 0.789453125 0.27847222222222223 0.03046875 0.0625
0 0.760546875 0.2743055555555556 0.02734375 0.06527777777777778
0 0.72890625 0.2763888888888889 0.0265625 0.06388888888888888
0 0.70078125 0.275 0.0265625 0.058333333333333334
0 0.670703125 0.2743055555555556 0.02421875 0.0625
0 0.644140625 0.2777777777777778 0.02421875 0.06944444444444445
0 0.6421875 0.2222222222222222 0.025 0.058333333333333334
0 0.615625 0.27708333333333335 0.0234375 0.0625
0 0.5875 0.2833333333333333 0.0265625 0.06111111111111111
0 0.510546875 0.23333333333333334 0.02421875 0.06666666666666667
0 0.45625 0.2881944444444444 0.0265625 0.06527777777777778
0 0.435546875 0.23680555555555555 0.02578125 0.05138888888888889
0 0.426953125 0.28958333333333336 0.03046875 0.06527777777777778
0 0.372265625 0.2902777777777778 0.02734375 0.06111111111111111
0 0.3828125 0.2361111111111111 0.025 0.041666666666666664
0 0.35 0.24027777777777778 0.028125 0.05277777777777778
0 0.584375 0.4625 0.0265625 0.08055555555555556
0 0.551953125 0.46111111111111114 0.02421875 0.07222222222222222
0 0.519921875 0.4618055555555556 0.02734375 0.0763888888888889
0 0.494921875 0.3972222222222222 0.02890625 0.06388888888888888
0 0.490234375 0.46458333333333335 0.02890625 0.07916666666666666
0 0.460546875 0.46597222222222223 0.03046875 0.0763888888888889
0 0.46640625 0.39791666666666664 0.0234375 0.0625
0 0.43671875 0.40208333333333335 0.03125 0.05416666666666667
0 0.428515625 0.46319444444444446 0.02890625 0.07361111111111111
0 0.396484375 0.4638888888888889 0.03046875 0.08055555555555556
0 0.37734375 0.4041666666666667 0.0265625 0.058333333333333334
0 0.365234375 0.46319444444444446 0.02890625 0.07361111111111111
0 0.333984375 0.46597222222222223 0.03359375 0.07916666666666666
0 0.3484375 0.39861111111111114 0.034375 0.058333333333333334
0 0.30625 0.39375 0.0359375 0.0625
0 0.29296875 0.4652777777777778 0.0296875 0.07222222222222222
0 0.279296875 0.39652777777777776 0.02890625 0.0625
0 0.25 0.40347222222222223 0.0359375 0.0625
0 0.25859375 0.4625 0.0359375 0.075
0 0.228125 0.47152777777777777 0.03125 0.05416666666666667
0 0.20234375 0.46805555555555556 0.034375 0.075
0 0.22109375 0.4048611111111111 0.0359375 0.05694444444444444
0 0.192578125 0.40069444444444446 0.02890625 0.059722222222222225
0 0.17578125 0.4701388888888889 0.0390625 0.0763888888888889
0 0.144921875 0.46944444444444444 0.03984375 0.07222222222222222
0 0.145703125 0.4 0.03828125 0.05555555555555555
0 0.116796875 0.4 0.03515625 0.05555555555555555
0 0.0921875 0.4013888888888889 0.0328125 0.044444444444444446
0 0.063671875 0.40347222222222223 0.03984375 0.04861111111111111
0 0.039453125 0.4048611111111111 0.03515625 0.05416666666666667
0 0.014453125 0.4076388888888889 0.02734375 0.05138888888888889
0 0.11875 0.46944444444444444 0.0359375 0.07222222222222222
0 0.091015625 0.4638888888888889 0.04140625 0.08055555555555556
0 0.062890625 0.4666666666666667 0.04140625 0.075
0 0.039453125 0.4638888888888889 0.03828125 0.06388888888888888
0 0.015625 0.46041666666666664 0.0296875 0.059722222222222225
0 0.23203125 0.29097222222222224 0.0375 0.0625
0 0.271875 0.2423611111111111 0.0328125 0.04583333333333333
0 0.13359375 0.2965277777777778 0.0390625 0.05138888888888889
0 0.177734375 0.24166666666666667 0.03515625 0.05277777777777778
0 0.151171875 0.2423611111111111 0.03203125 0.04583333333333333
0 0.129296875 0.2423611111111111 0.03203125 0.05416666666666667
0 0.06796875 0.29583333333333334 0.0390625 0.05277777777777778
0 0.045703125 0.2951388888888889 0.03359375 0.05416666666666667
0 0.021484375 0.2972222222222222 0.03359375 0.05
0 0.59140625 0.14305555555555555 0.0265625 0.05277777777777778
0 0.76484375 0.13472222222222222 0.0265625 0.05555555555555555
0 0.6609375 0.1 0.021875 0.05277777777777778
0 0.569921875 0.10833333333333334 0.02265625 0.05
0 0.501953125 0.1111111111111111 0.02734375 0.044444444444444446
0 0.43359375 0.11666666666666667 0.021875 0.041666666666666664
0 0.41015625 0.11527777777777778 0.0234375 0.04722222222222222
0 0.3703125 0.15347222222222223 0.03125 0.05138888888888889
0 0.33359375 0.12291666666666666 0.028125 0.05138888888888889
0 0.291015625 0.12013888888888889 0.02578125 0.04027777777777778
0 0.2703125 0.12152777777777778 0.025 0.05138888888888889
0 0.247265625 0.125 0.02421875 0.044444444444444446
0 0.205078125 0.12430555555555556 0.02890625 0.043055555555555555
0 0.171875 0.16111111111111112 0.0265625 0.041666666666666664
0 0.16640625 0.125 0.0265625 0.03611111111111111
0 0.10859375 0.1638888888888889 0.0328125 0.041666666666666664
0 0.086328125 0.16319444444444445 0.03046875 0.04027777777777778
0 0.108984375 0.1284722222222222 0.02578125 0.043055555555555555
0 0.014453125 0.1736111111111111 0.02890625 0.03333333333333333
0 0.0390625 0.125 0.0375 0.03888888888888889
0 0.05625 0.09375 0.0390625 0.03194444444444444
0 0.088671875 0.03680555555555556 0.04140625 0.029166666666666667
0 0.106640625 0.011805555555555555 0.03046875 0.015277777777777777
0 0.1 0.02361111111111111 0.0328125 0.019444444444444445
0 0.010546875 0.059722222222222225 0.01953125 0.03611111111111111
0 0.161328125 0.06041666666666667 0.02265625 0.04027777777777778
0 0.181640625 0.058333333333333334 0.02578125 0.041666666666666664
0 0.210546875 0.02361111111111111 0.02109375 0.041666666666666664
0 0.21640625 0.05486111111111111 0.0234375 0.043055555555555555
0 0.254296875 0.05138888888888889 0.02265625 0.04722222222222222
0 0.27421875 0.050694444444444445 0.0234375 0.04861111111111111
0 0.31484375 0.04791666666666667 0.0234375 0.04583333333333333
0 0.3359375 0.04791666666666667 0.0265625 0.043055555555555555
0 0.374609375 0.04791666666666667 0.02421875 0.03194444444444444
0 0.394140625 0.04861111111111111 0.02265625 0.03888888888888889
0 0.42421875 0.043055555555555555 0.025 0.044444444444444446
0 0.45 0.04097222222222222 0.021875 0.04861111111111111
0 0.4875 0.04236111111111111 0.0203125 0.04861111111111111
0 0.57421875 0.034027777777777775 0.021875 0.04861111111111111
0 0.61640625 0.03125 0.021875 0.04583333333333333
0 0.66171875 0.027777777777777776 0.021875 0.04722222222222222
0 0.7046875 0.027083333333333334 0.01875 0.04861111111111111
0 0.727734375 0.02638888888888889 0.01953125 0.04722222222222222
0 0.752734375 0.025 0.01953125 0.044444444444444446
0 0.2328125 0.020833333333333332 0.0234375 0.03888888888888889
0 0.24921875 0.022222222222222223 0.0234375 0.03333333333333333
0 0.2875 0.016666666666666666 0.0234375 0.025
0 0.305859375 0.02013888888888889 0.02265625 0.03194444444444444
0 0.34375 0.016666666666666666 0.0234375 0.030555555555555555
0 0.384765625 0.017361111111111112 0.02265625 0.029166666666666667
0 0.40234375 0.014583333333333334 0.0234375 0.029166666666666667
0 0.43046875 0.014583333333333334 0.01875 0.02361111111111111
0 0.453515625 0.009027777777777777 0.02109375 0.018055555555555554
0 0.55390625 0.014583333333333334 0.0171875 0.029166666666666667
0 0.194921875 0.009722222222222222 0.02421875 0.019444444444444445
0 0.008984375 0.19444444444444445 0.01796875 0.027777777777777776
0 0.217578125 0.9277777777777778 0.03828125 0.09722222222222222
0 0.1671875 0.9340277777777778 0.0421875 0.07916666666666666
0 0.11328125 0.9465277777777777 0.05 0.07916666666666666
0 0.55078125 0.9555555555555556 0.0390625 0.08611111111111111
