0 0.1171875 0.9361111111111111 0.05625 0.11388888888888889
0 0.162890625 0.94375 0.04296875 0.09583333333333334
0 0.208203125 0.9277777777777778 0.05078125 0.11388888888888889
0 0.248828125 0.9451388888888889 0.04921875 0.10138888888888889
0 0.441796875 0.9486111111111111 0.03984375 0.09722222222222222
0 0.49375 0.9513888888888888 0.0359375 0.08055555555555556
0 0.54140625 0.9520833333333333 0.034375 0.09027777777777778
0 0.64609375 0.95 0.0375 0.08888888888888889
0 0.697265625 0.9548611111111112 0.04140625 0.07361111111111111
0 0.94921875 0.9479166666666666 0.0671875 0.08472222222222223
0 0.919140625 0.8527777777777777 0.07578125 0.06944444444444445
0 0.915234375 0.7895833333333333 0.08515625 0.06527777777777778
0 0.899609375 0.7277777777777777 0.07734375 0.058333333333333334
0 0.88203125 0.63125 0.04375 0.09027777777777778
0 0.98203125 0.6 0.034375 0.09166666666666666
0 0.9515625 0.48333333333333334 0.0359375 0.075
0 0.93828125 0.4048611111111111 0.0421875 0.0763888888888889
0 0.726171875 0.7270833333333333 0.03828125 0.09583333333333334
0 0.780078125 0.7361111111111112 0.04140625 0.10555555555555556
0 0.827734375 0.7361111111111112 0.03828125 0.1
0 0.8421875 0.6326388888888889 0.0390625 0.09305555555555556
0 0.797265625 0.6236111111111111 0.03984375 0.1111111111111111
0 0.763671875 0.6291666666666667 0.03203125 0.08333333333333333
0 0.723046875 0.6243055555555556 0.03359375 0.09027777777777778
0 0.685546875 0.6222222222222222 0.03359375 0.09444444444444444
0 0.650390625 0.6229166666666667 0.03046875 0.09305555555555556
0 0.6140625 0.6222222222222222 0.0328125 0.09166666666666666
0 0.59609375 0.7277777777777777 0.0375 0.10833333333333334
0 0.510546875 0.7305555555555555 0.03046875 0.1
0 0.468359375 0.7423611111111111 0.03671875 0.09305555555555556
0 0.2953125 0.7270833333333333 0.040625 0.08194444444444444
0 0.256640625 0.7319444444444444 0.04765625 0.10833333333333334
0 0.173046875 0.7298611111111111 0.04140625 0.10694444444444444
0 0.13828125 0.7236111111111111 0.04375 0.10555555555555556
0 0.058984375 0.7243055555555555 0.05078125 0.10138888888888889
0 0.02421875 0.7222222222222222 0.0484375 0.1
0 0.576953125 0.6194444444444445 0.02890625 0.08055555555555556
0 0.54375 0.6229166666666667 0.0296875 0.07916666666666666
0 0.505859375 0.625 0.03515625 0.09166666666666666
0 0.47109375 0.6208333333333333 0.034375 0.08055555555555556
0 0.4375 0.6201388888888889 0.0390625 0.0875
0 0.4015625 0.6222222222222222 0.040625 0.08611111111111111
0 0.366796875 0.6256944444444444 0.04140625 0.08194444444444444
0 0.3359375 0.6201388888888889 0.0375 0.08472222222222223
0 0.3 0.6229166666666667 0.0359375 0.0875
0 0.254296875 0.6152777777777778 0.03984375 0.075
0 0.221875 0.61875 0.0375 0.07916666666666666
0 0.184765625 0.6166666666666667 0.04296875 0.07777777777777778
0 0.15546875 0.6166666666666667 0.0453125 0.08611111111111111
0 0.126953125 0.6166666666666667 0.03828125 0.07777777777777778
0 0.090625 0.6166666666666667 0.04375 0.07777777777777778
0 0.06171875 0.6090277777777777 0.0453125 0.0875
0 0.033203125 0.6097222222222223 0.04453125 0.075
0 0.84921875 0.46597222222222223 0.0359375 0.07083333333333333
0 0.840625 0.3972222222222222 0.0328125 0.06666666666666667
0 0.806640625 0.3951388888888889 0.03203125 0.0625
0 0.813671875 0.4583333333333333 0.03359375 0.07777777777777778
0 0.77890625 0.4618055555555556 0.034375 0.07916666666666666
0 0.774609375 0.3902777777777778 0.03515625 0.06944444444444445
0 0.740234375 0.3902777777777778 0.02734375 0.06388888888888888
0 0.738671875 0.4625 0.03671875 0.08055555555555556
0 0.709375 0.4576388888888889 0.028125 0.07083333333333333
0 0.708203125 0.38819444444444445 0.02890625 0.07083333333333333
0 0.6765625 0.3958333333333333 0.0234375 0.07222222222222222
0 0.644921875 0.3902777777777778 0.02734375 0.06388888888888888
0 0.64609375 0.45694444444444443 0.0296875 0.07222222222222222
0 0.615234375 0.4583333333333333 0.02890625 0.06388888888888888
0 0.615625 0.39305555555555555 0.025 0.058333333333333334
0 0.583203125 0.39166666666666666 0.02265625 0.058333333333333334
0 0.58046875 0.46041666666666664 0.025 0.07361111111111111
0 0.552734375 0.3972222222222222 0.02890625 0.06944444444444445
0 0.54765625 0.46041666666666664 0.0265625 0.06805555555555555
0 0.5171875 0.4625 0.028125 0.08611111111111111
0 0.488671875 0.4548611111111111 0.02265625 0.0763888888888889
0 0.497265625 0.3902777777777778 0.02109375 0.06666666666666667
0 0.46328125 0.39861111111111114 0.0296875 0.06666666666666667
0 0.43515625 0.39652777777777776 0.028125 0.05694444444444444
0 0.428515625 0.46111111111111114 0.03203125 0.06944444444444445
0 0.4078125 0.39444444444444443 0.0328125 0.06666666666666667
0 0.397265625 0.46319444444444446 0.02734375 0.07083333333333333
0 0.36875 0.4597222222222222 0.03125 0.06944444444444445
0 0.378125 0.3923611111111111 0.03125 0.059722222222222225
0 0.349609375 0.3993055555555556 0.02890625 0.05138888888888889
0 0.33671875 0.4618055555555556 0.03125 0.07083333333333333
0 0.288671875 0.46319444444444446 0.03515625 0.0763888888888889
0 0.2609375 0.46597222222222223 0.0359375 0.07361111111111111
0 0.278125 0.3951388888888889 0.0296875 0.06805555555555555
0 0.24921875 0.40069444444444446 0.0375 0.05694444444444444
0 0.230859375 0.46458333333333335 0.03203125 0.07083333333333333
0 0.20546875 0.4576388888888889 0.0328125 0.06805555555555555
0 0.176171875 0.46111111111111114 0.03828125 0.06666666666666667
0 0.144921875 0.45902777777777776 0.03203125 0.0625
0 0.12109375 0.4625 0.0375 0.06666666666666667
0 0.09453125 0.45902777777777776 0.0328125 0.06527777777777778
0 0.067578125 0.45902777777777776 0.03984375 0.06805555555555555
0 0.03984375 0.45694444444444443 0.0390625 0.06388888888888888
0 0.016015625 0.4576388888888889 0.02890625 0.059722222222222225
0 0.016015625 0.39375 0.02734375 0.04027777777777778
0 0.03984375 0.39652777777777776 0.034375 0.04861111111111111
0 0.0640625 0.3951388888888889 0.0375 0.04583333333333333
0 0.087109375 0.3993055555555556 0.03515625 0.05138888888888889
0 0.116015625 0.3993055555555556 0.02734375 0.059722222222222225
0 0.140234375 0.39652777777777776 0.03515625 0.05416666666666667
0 0.165625 0.3951388888888889 0.034375 0.04861111111111111
0 0.188671875 0.3972222222222222 0.03203125 0.04722222222222222
0 0.21953125 0.3993055555555556 0.034375 0.04861111111111111
0 0.816796875 0.27569444444444446 0.02578125 0.059722222222222225
0 0.788671875 0.27291666666666664 0.02421875 0.059722222222222225
0 0.76015625 0.275 0.0265625 0.05555555555555555
0 0.730859375 0.275 0.02734375 0.058333333333333334
0 0.701171875 0.2743055555555556 0.02421875 0.05694444444444444
0 0.643359375 0.27569444444444446 0.02109375 0.059722222222222225
0 0.615234375 0.27847222222222223 0.02578125 0.0625
0 0.5890625 0.27152777777777776 0.0203125 0.06527777777777778
0 0.56015625 0.27847222222222223 0.021875 0.05694444444444444
0 0.53203125 0.28194444444444444 0.0234375 0.05555555555555555
0 0.508203125 0.28194444444444444 0.02421875 0.058333333333333334
0 0.4796875 0.28125 0.0203125 0.0625
0 0.454296875 0.2798611111111111 0.02109375 0.059722222222222225
0 0.428125 0.28541666666666665 0.025 0.059722222222222225
0 0.401953125 0.2881944444444444 0.02890625 0.06805555555555555
0 0.375390625 0.2902777777777778 0.02421875 0.058333333333333334
0 0.411328125 0.23541666666666666 0.02578125 0.04583333333333333
0 0.384765625 0.2361111111111111 0.02109375 0.044444444444444446
0 0.485546875 0.2326388888888889 0.02421875 0.04027777777777778
0 0.5125 0.2298611111111111 0.021875 0.04583333333333333
0 0.537109375 0.2298611111111111 0.02109375 0.043055555555555555
0 0.59140625 0.22013888888888888 0.025 0.05694444444444444
0 0.616015625 0.22291666666666668 0.02265625 0.0375
0 0.640234375 0.22430555555555556 0.02734375 0.0375
0 0.670703125 0.22777777777777777 0.02265625 0.058333333333333334
0 0.69453125 0.22361111111111112 0.0234375 0.05277777777777778
0 0.724609375 0.21805555555555556 0.02265625 0.05555555555555555
0 0.753125 0.22152777777777777 0.0203125 0.04861111111111111
0 0.7796875 0.22430555555555556 0.0265625 0.05138888888888889
0 0.808984375 0.22013888888888888 0.02109375 0.04027777777777778
0 0.334375 0.2881944444444444 0.025 0.059722222222222225
0 0.308984375 0.29097222222222224 0.03203125 0.059722222222222225
0 0.28359375 0.29097222222222224 0.03125 0.0625
0 0.25859375 0.2923611111111111 0.0265625 0.05694444444444444
0 0.233203125 0.29097222222222224 0.03046875 0.0625
0 0.209375 0.29097222222222224 0.0296875 0.05138888888888889
0 0.180078125 0.29097222222222224 0.03359375 0.05694444444444444
0 0.1609375 0.2875 0.028125 0.05277777777777778
0 0.137109375 0.2923611111111111 0.03671875 0.05138888888888889
0 0.108984375 0.29583333333333334 0.03203125 0.05
0 0.090234375 0.29583333333333334 0.03203125 0.05
0 0.06953125 0.29305555555555557 0.034375 0.06111111111111111
0 0.04375 0.29375 0.034375 0.05694444444444444
0 0.021484375 0.2951388888888889 0.02890625 0.05416666666666667
0 0.320703125 0.2361111111111111 0.03046875 0.05277777777777778
0 0.29765625 0.2361111111111111 0.0296875 0.044444444444444446
0 0.274609375 0.2388888888888889 0.02421875 0.05
0 0.248828125 0.23958333333333334 0.02890625 0.04861111111111111
0 0.223046875 0.24583333333333332 0.03359375 0.05
0 0.201953125 0.24305555555555555 0.03046875 0.05555555555555555
0 0.1765625 0.2388888888888889 0.0265625 0.044444444444444446
0 0.155859375 0.24166666666666667 0.02890625 0.044444444444444446
0 0.134375 0.24375 0.0296875 0.043055555555555555
0 0.110546875 0.2465277777777778 0.02890625 0.043055555555555555
0 0.0890625 0.24791666666666667 0.028125 0.04027777777777778
0 0.06484375 0.24722222222222223 0.03125 0.03888888888888889
0 0.040234375 0.24861111111111112 0.02890625 0.03611111111111111
0 0.798046875 0.1375 0.02421875 0.04722222222222222
0 0.809765625 0.0875 0.02109375 0.05277777777777778
0 0.787109375 0.08888888888888889 0.02109375 0.044444444444444446
0 0.759375 0.08819444444444445 0.025 0.04861111111111111
0 0.769140625 0.13819444444444445 0.02578125 0.05416666666666667
0 0.7421875 0.13680555555555557 0.0234375 0.04861111111111111
0 0.73359375 0.08819444444444445 0.0203125 0.05138888888888889
0 0.7109375 0.08541666666666667 0.0203125 0.034722222222222224
0 0.716796875 0.13333333333333333 0.02421875 0.05277777777777778
0 0.69140625 0.13402777777777777 0.021875 0.05416666666666667
0 0.6859375 0.08958333333333333 0.021875 0.043055555555555555
0 0.662890625 0.08958333333333333 0.02109375 0.059722222222222225
0 0.640625 0.09513888888888888 0.0203125 0.04583333333333333
0 0.642578125 0.13680555555555557 0.02109375 0.05416666666666667
0 0.61640625 0.13402777777777777 0.0234375 0.04861111111111111
0 0.618359375 0.09236111111111112 0.01953125 0.04583333333333333
0 0.594140625 0.09791666666666667 0.02265625 0.04861111111111111
0 0.592578125 0.14166666666666666 0.01796875 0.041666666666666664
0 0.56875 0.13958333333333334 0.021875 0.04861111111111111
0 0.569921875 0.09513888888888888 0.02109375 0.04027777777777778
0 0.545703125 0.09722222222222222 0.01796875 0.03888888888888889
0 0.54375 0.1423611111111111 0.0234375 0.04861111111111111
0 0.519140625 0.14652777777777778 0.01953125 0.04583333333333333
0 0.52265625 0.10277777777777777 0.0203125 0.041666666666666664
0 0.498828125 0.1076388888888889 0.01953125 0.0375
0 0.494921875 0.1486111111111111 0.02109375 0.04722222222222222
0 0.478515625 0.10416666666666667 0.01796875 0.027777777777777776
0 0.473828125 0.1451388888888889 0.02109375 0.05416666666666667
0 0.450390625 0.14791666666666667 0.02578125 0.04861111111111111
0 0.455078125 0.10416666666666667 0.01953125 0.041666666666666664
0 0.43359375 0.10625 0.025 0.04583333333333333
0 0.40859375 0.10972222222222222 0.021875 0.03333333333333333
0 0.426953125 0.15069444444444444 0.02265625 0.043055555555555555
0 0.40078125 0.15138888888888888 0.0234375 0.05555555555555555
0 0.38125 0.1076388888888889 0.01875 0.02638888888888889
0 0.369140625 0.15208333333333332 0.02734375 0.05416666666666667
0 0.356640625 0.11041666666666666 0.02578125 0.03194444444444444
0 0.347265625 0.1527777777777778 0.02578125 0.05
0 0.323828125 0.15138888888888888 0.02734375 0.05277777777777778
0 0.33359375 0.10902777777777778 0.025 0.034722222222222224
0 0.312890625 0.11041666666666666 0.02109375 0.03194444444444444
0 0.301953125 0.1486111111111111 0.02578125 0.04722222222222222
0 0.292578125 0.1125 0.02421875 0.03333333333333333
0 0.2703125 0.11458333333333333 0.0234375 0.0375
0 0.27734375 0.15 0.025 0.044444444444444446
0 0.25625 0.15069444444444444 0.025 0.05138888888888889
0 0.25 0.11527777777777778 0.0234375 0.03333333333333333
0 0.233984375 0.15555555555555556 0.02734375 0.05277777777777778
0 0.21484375 0.15138888888888888 0.025 0.044444444444444446
0 0.225390625 0.11388888888888889 0.02734375 0.027777777777777776
0 0.20625 0.11388888888888889 0.021875 0.022222222222222223
0 0.192578125 0.15208333333333332 0.02890625 0.04861111111111111
0 0.1890625 0.11458333333333333 0.025 0.029166666666666667
0 0.168359375 0.11666666666666667 0.02265625 0.03333333333333333
0 0.14765625 0.11944444444444445 0.0234375 0.041666666666666664
0 0.12734375 0.12152777777777778 0.025 0.04027777777777778
0 0.108203125 0.12777777777777777 0.02734375 0.030555555555555555
0 0.065625 0.16597222222222222 0.0265625 0.0375
0 0.087890625 0.16319444444444445 0.03046875 0.05138888888888889
0 0.109765625 0.16180555555555556 0.02578125 0.04861111111111111
0 0.12890625 0.15902777777777777 0.025 0.04583333333333333
0 0.147265625 0.15625 0.02421875 0.043055555555555555
0 0.169140625 0.15486111111111112 0.02421875 0.04861111111111111
0 0.014453125 0.1736111111111111 0.02421875 0.027777777777777776
0 0.0203125 0.15486111111111112 0.0359375 0.03194444444444444
0 0.0296875 0.13680555555555557 0.0328125 0.02638888888888889
0 0.040234375 0.12222222222222222 0.03046875 0.025
0 0.048828125 0.10555555555555556 0.03359375 0.025
0 0.059375 0.08611111111111111 0.0328125 0.027777777777777776
0 0.071875 0.07847222222222222 0.0234375 0.02361111111111111
0 0.078125 0.06597222222222222 0.03125 0.02361111111111111
0 0.084765625 0.04652777777777778 0.03359375 0.02361111111111111
0 0.0921875 0.034027777777777775 0.0359375 0.020833333333333332
0 0.1 0.019444444444444445 0.034375 0.025
0 0.143359375 0.06111111111111111 0.02734375 0.041666666666666664
0 0.1625 0.058333333333333334 0.01875 0.03333333333333333
0 0.17890625 0.05694444444444444 0.0203125 0.041666666666666664
0 0.19765625 0.05555555555555555 0.0234375 0.044444444444444446
0 0.2171875 0.052083333333333336 0.028125 0.04583333333333333
0 0.2359375 0.05 0.021875 0.044444444444444446
0 0.257421875 0.052083333333333336 0.02421875 0.04583333333333333
0 0.27578125 0.04861111111111111 0.0203125 0.041666666666666664
0 0.296875 0.04722222222222222 0.01875 0.03611111111111111
0 0.3140625 0.04513888888888889 0.0234375 0.04583333333333333
0 0.334375 0.04652777777777778 0.0234375 0.04027777777777778
0 0.35546875 0.04375 0.0203125 0.043055555555555555
0 0.37421875 0.04513888888888889 0.021875 0.04583333333333333
0 0.396875 0.04375 0.021875 0.043055555555555555
0 0.426953125 0.03958333333333333 0.02109375 0.04861111111111111
0 0.44921875 0.041666666666666664 0.021875 0.04722222222222222
0 0.46875 0.03611111111111111 0.0234375 0.041666666666666664
0 0.491015625 0.03819444444444445 0.01796875 0.043055555555555555
0 0.511328125 0.035416666666666666 0.01796875 0.043055555555555555
0 0.53203125 0.03263888888888889 0.0203125 0.04861111111111111
0 0.554296875 0.03333333333333333 0.01796875 0.041666666666666664
0 0.57578125 0.029861111111111113 0.0203125 0.043055555555555555
0 0.59609375 0.029166666666666667 0.021875 0.041666666666666664
0 0.618359375 0.029861111111111113 0.01953125 0.043055555555555555
0 0.639453125 0.024305555555555556 0.01953125 0.043055555555555555
0 0.6640625 0.025 0.0203125 0.041666666666666664
0 0.68671875 0.02847222222222222 0.01875 0.043055555555555555
0 0.709375 0.022916666666666665 0.0171875 0.0375
0 0.726953125 0.02361111111111111 0.02109375 0.03888888888888889
0 0.750390625 0.02361111111111111 0.02109375 0.041666666666666664
0 0.773046875 0.022222222222222223 0.01953125 0.044444444444444446
0 0.794921875 0.025694444444444443 0.02109375 0.0375
0 0.818359375 0.021527777777777778 0.02109375 0.0375
0 0.841015625 0.022222222222222223 0.02109375 0.041666666666666664
0 0.15546875 0.027777777777777776 0.0234375 0.030555555555555555
0 0.176171875 0.02638888888888889 0.02265625 0.027777777777777776
0 0.19375 0.02361111111111111 0.025 0.030555555555555555
0 0.210546875 0.019444444444444445 0.02265625 0.022222222222222223
0 0.228515625 0.020833333333333332 0.02265625 0.025
0 0.24609375 0.021527777777777778 0.0234375 0.02638888888888889
0 0.266796875 0.016666666666666666 0.02109375 0.025
0 0.28515625 0.018055555555555554 0.025 0.025
0 0.307421875 0.014583333333333334 0.02265625 0.02361111111111111
0 0.9078125 0.28958333333333336 0.03125 0.059722222222222225
0 0.89375 0.23958333333333334 0.028125 0.05694444444444444
0 0.884765625 0.1909722222222222 0.02890625 0.05416666666666667
0 0.86328125 0.10555555555555556 0.021875 0.03611111111111111
0 0.8625 0.019444444444444445 0.0203125 0.03888888888888889
0 0.341015625 0.013888888888888888 0.02265625 0.027777777777777776
0 0.361328125 0.010416666666666666 0.01796875 0.020833333333333332
0 0.38046875 0.011805555555555555 0.0234375 0.02361111111111111
0 0.40078125 0.011111111111111112 0.0171875 0.022222222222222223
0 0.43359375 0.011111111111111112 0.01875 0.022222222222222223
0 0.45546875 0.011111111111111112 0.0203125 0.022222222222222223
0 0.475390625 0.009027777777777777 0.01953125 0.018055555555555554
0 0.49375 0.008333333333333333 0.0171875 0.016666666666666666
0 0.5140625 0.00625 0.0171875 0.0125
0 0.1125 0.010416666666666666 0.025 0.020833333333333332
0 0.008203125 0.19305555555555556 0.01640625 0.03333333333333333
0 0.014453125 0.6090277777777777 0.02890625 0.07916666666666666
