0 0.517023346303502 0.5343300110741971 0.08852140077821012 0.08527131782945736
0 0.6264591439688716 0.4678848283499446 0.07976653696498054 0.08084163898117387
0 0.6867704280155642 0.4418604651162791 0.0914396887159533 0.0664451827242525
0 0.7699416342412452 0.42248062015503873 0.08657587548638132 0.06976744186046512
0 0.830739299610895 0.3920265780730897 0.08171206225680934 0.07751937984496124
0 0.9552529182879378 0.3438538205980066 0.07587548638132295 0.04318936877076412
0 0.8399805447470817 0.2087486157253599 0.0632295719844358 0.10741971207087486
0 0.794260700389105 0.23588039867109634 0.06712062256809338 0.10852713178294573
0 0.7412451361867705 0.26744186046511625 0.06809338521400778 0.10963455149501661
0 0.6828793774319066 0.26245847176079734 0.042801556420233464 0.028792912513842746
0 0.6172178988326849 0.3133997785160576 0.057392996108949414 0.09302325581395349
0 0.5622568093385214 0.3383167220376523 0.07392996108949416 0.12292358803986711
0 0.23589494163424124 0.22535991140642303 0.06712062256809338 0.10741971207087486
0 0.18044747081712062 0.5227021040974529 0.06712062256809338 0.10852713178294573
0 0.13667315175097275 0.562015503875969 0.0651750972762646 0.10520487264673312
0 0.08657587548638132 0.5758582502768549 0.07782101167315175 0.11738648947951273
