0 0.4369414101290963 0.9626532887402452 0.08341608738828203 0.06354515050167224
0 0.4160873882820258 0.9113712374581939 0.08937437934458789 0.07246376811594203
0 0.3957298907646475 0.8651059085841695 0.09632571996027806 0.0713489409141583
0 0.38083416087388283 0.8076923076923077 0.08440913604766634 0.07246376811594203
0 0.38033763654419067 0.7246376811594203 0.03773584905660377 0.057971014492753624
0 0.34210526315789475 0.6460423634336678 0.04270109235352532 0.04793756967670011
0 0.30635551142005957 0.5992196209587514 0.06256206554121152 0.04793756967670011
0 0.27358490566037735 0.5518394648829431 0.08639523336643495 0.06688963210702341
0 0.24627606752730885 0.507803790412486 0.08341608738828203 0.06131549609810479
0 0.23932472691161866 0.4559643255295429 0.1012909632571996 0.08472686733556299
0 0.22095332671300894 0.40245261984392416 0.09235352532274081 0.08472686733556299
0 0.1817279046673287 0.24358974358974358 0.06355511420059583 0.06800445930880714
0 0.18669314796425024 0.2976588628762542 0.07944389275074479 0.08472686733556299
0 0.3485600794438927 0.11148272017837235 0.08341608738828203 0.07357859531772576
0 0.5074478649453823 0.5172798216276477 0.09731876861966236 0.0713489409141583
0 0.5218470705064548 0.5663322185061316 0.09235352532274081 0.07357859531772576
0 0.5431976166832175 0.6164994425863991 0.09334657398212512 0.0713489409141583
0 0.5655412115193644 0.6666666666666666 0.09433962264150944 0.07803790412486064
0 0.583416087388282 0.7235228539576366 0.08639523336643495 0.07803790412486064
0 0.6971201588877854 0.6683389074693422 0.08738828202581926 0.07692307692307693
0 0.6732869910625621 0.6181716833890747 0.0913604766633565 0.07692307692307693
0 0.6519364448857994 0.5641025641025641 0.0804369414101291 0.06911928651059086
0 0.6370407149950348 0.5156075808249722 0.08838133068520357 0.07246376811594203
0 0.6052631578947368 0.4765886287625418 0.0804369414101291 0.06577480490523968
0 0.5898709036742801 0.4057971014492754 0.09334657398212512 0.0758082497212932
0 0.5670307845084409 0.3612040133779264 0.07944389275074479 0.06911928651059086
0 0.5397219463753724 0.2630992196209587 0.09831181727904667 0.09141583054626533
0 0.5074478649453823 0.16945373467112598 0.09334657398212512 0.06243032329988852
0 0.47318768619662366 0.11315496098104794 0.08639523336643495 0.06800445930880714
0 0.8306852035749752 0.04069119286510591 0.09632571996027806 0.07692307692307693
0 0.753227408142999 0.14827201783723523 0.09235352532274081 0.08472686733556299
0 0.7939424031777557 0.24860646599777034 0.09235352532274081 0.06911928651059086
0 0.817279046673287 0.2959866220735786 0.10327706057596822 0.06354515050167224
0 0.8346573982125124 0.342809364548495 0.07249255213505462 0.07246376811594203
0 0.8440913604766633 0.40301003344481606 0.09930486593843098 0.08138238573021182
0 0.8803376365441906 0.44816053511705684 0.0903674280039722 0.06688963210702341
0 0.8808341608738828 0.5066889632107023 0.09930486593843098 0.08138238573021182
0 0.8997020854021847 0.20011148272017837 0.07547169811320754 0.06800445930880714
0 0.9205561072492552 0.24860646599777034 0.1012909632571996 0.0802675585284281
