0 0.024 0.8468634686346863 0.048 0.04059040590405904
0 0.344 0.8007380073800738 0.048 0.08118081180811808
0 0.38533333333333336 0.7822878228782287 0.050666666666666665 0.08856088560885608
0 0.43333333333333335 0.7933579335793358 0.056 0.11070110701107011
0 0.45866666666666667 0.7693726937269373 0.042666666666666665 0.08487084870848709
0 0.4826666666666667 0.7564575645756457 0.042666666666666665 0.08118081180811808
0 0.516 0.7490774907749077 0.04533333333333334 0.08118081180811808
0 0.5493333333333333 0.7380073800738007 0.05333333333333334 0.07380073800738007
0 0.5853333333333334 0.7306273062730627 0.050666666666666665 0.06642066420664207
0 0.668 0.7066420664206642 0.056 0.08487084870848709
0 0.7 0.6900369003690037 0.04533333333333334 0.08118081180811808
0 0.7786666666666666 0.8044280442804428 0.064 0.04428044280442804
0 0.732 0.6808118081180812 0.04 0.08487084870848709
0 0.76 0.6660516605166051 0.048 0.08487084870848709
0 0.8146666666666667 0.6512915129151291 0.034666666666666665 0.07749077490774908
0 0.8413333333333334 0.6365313653136532 0.04533333333333334 0.08487084870848709
0 0.872 0.6273062730627307 0.048 0.08856088560885608
0 0.9333333333333333 0.6033210332103321 0.05333333333333334 0.09225092250922509
