0 0.4812206572769953 0.09545454545454546 0.06103286384976526 0.051515151515151514
0 0.5657276995305164 0.1 0.056338028169014086 0.048484848484848485
0 0.2652582159624413 0.26212121212121214 0.06103286384976526 0.05757575757575758
0 0.04812206572769953 0.4318181818181818 0.04929577464788732 0.051515151515151514
0 0.7300469483568075 0.29393939393939394 0.06572769953051644 0.04242424242424243
0 0.642018779342723 0.4166666666666667 0.035211267605633804 0.0696969696969697
0 0.8392018779342723 0.35909090909090907 0.04460093896713615 0.07575757575757576
0 0.8802816901408451 0.44393939393939397 0.046948356807511735 0.08181818181818182
0 0.8321596244131455 0.5969696969696969 0.05868544600938967 0.04242424242424243
0 0.6960093896713615 0.6060606060606061 0.04460093896713615 0.10303030303030303
0 0.7359154929577465 0.6681818181818182 0.035211267605633804 0.07575757575757576
0 0.8356807511737089 0.5484848484848485 0.06572769953051644 0.05454545454545454
0 0.57981220657277 0.7424242424242424 0.07042253521126761 0.06666666666666667
