0 0.24873096446700507 0.654639175257732 0.04060913705583756 0.07903780068728522
0 0.2779187817258883 0.7353951890034365 0.04314720812182741 0.06872852233676977
0 0.3413705583756345 0.2869415807560137 0.03807106598984772 0.07903780068728522
0 0.3248730964467005 0.3247422680412371 0.03553299492385787 0.06529209621993128
0 0.2969543147208122 0.32989690721649484 0.04060913705583756 0.07560137457044673
0 0.30456852791878175 0.41580756013745707 0.04568527918781726 0.07560137457044673
0 0.33121827411167515 0.39347079037800686 0.03807106598984772 0.058419243986254296
0 0.35279187817258884 0.3797250859106529 0.04060913705583756 0.06529209621993128
0 0.8362944162436549 0.7061855670103093 0.02284263959390863 0.06529209621993128
0 0.7195431472081218 0.8281786941580757 0.06345177664974619 0.054982817869415807
0 0.4682741116751269 0.5618556701030928 0.03299492385786802 0.06529209621993128
0 0.44543147208121825 0.5790378006872853 0.04314720812182741 0.07216494845360824
0 0.39593908629441626 0.6099656357388317 0.03553299492385787 0.058419243986254296
0 0.35406091370558374 0.5670103092783505 0.04314720812182741 0.08934707903780069
0 0.5418781725888325 0.7955326460481099 0.03807106598984772 0.07216494845360824
0 0.5 0.8436426116838488 0.04568527918781726 0.07903780068728522
0 0.44289340101522845 0.7800687285223368 0.03299492385786802 0.054982817869415807
0 0.49238578680203043 0.7560137457044673 0.050761421319796954 0.07560137457044673
0 0.5076142131979695 0.7164948453608248 0.04060913705583756 0.07216494845360824
