0 0.6559888579387186 0.5099009900990099 0.06963788300835655 0.06930693069306931
0 0.26740947075208915 0.8836633663366337 0.06685236768802229 0.06435643564356436
0 0.34958217270194986 0.7252475247524752 0.04735376044568245 0.13366336633663367
0 0.35097493036211697 0.19554455445544555 0.04456824512534819 0.14356435643564355
0 0.16573816155988857 0.06683168316831684 0.06406685236768803 0.054455445544554455
0 0.19637883008356546 0.2623762376237624 0.06963788300835655 0.07920792079207921
0 0.403899721448468 0.37376237623762376 0.05013927576601671 0.09405940594059406
0 0.41086350974930363 0.46534653465346537 0.06963788300835655 0.12871287128712872
0 0.42618384401114207 0.5618811881188119 0.05013927576601671 0.10396039603960396
0 0.44428969359331477 0.6782178217821783 0.0584958217270195 0.12871287128712872
0 0.45264623955431754 0.7648514851485149 0.0584958217270195 0.10396039603960396
0 0.4610027855153203 0.8465346534653465 0.06406685236768803 0.1188118811881188
0 0.4777158774373259 0.9282178217821783 0.04735376044568245 0.10396039603960396
