0 0.7295816733067729 0.9392935982339956 0.08665338645418327 0.09933774834437085
0 0.6982071713147411 0.8603752759381899 0.08764940239043825 0.09823399558498896
0 0.6797808764940239 0.7157836644591612 0.07270916334661355 0.08278145695364239
0 0.6523904382470119 0.5822295805739515 0.08366533864541832 0.08940397350993377
0 0.624003984063745 0.2980132450331126 0.11055776892430279 0.10596026490066225
0 0.5976095617529881 0.08664459161147903 0.08366533864541832 0.076158940397351
0 0.5931274900398407 0.02924944812362031 0.07868525896414343 0.056291390728476824
0 0.19073705179282868 0.04304635761589404 0.10856573705179283 0.06181015452538632
0 0.41932270916334663 0.16114790286975716 0.08565737051792828 0.09492273730684327
0 0.25697211155378485 0.41114790286975716 0.11155378486055777 0.08719646799116998
0 0.2594621513944223 0.5717439293598234 0.10059760956175298 0.08388520971302428
0 0.30229083665338646 0.8068432671081678 0.10258964143426295 0.08167770419426049
0 0.3112549800796813 0.8752759381898455 0.09661354581673307 0.0684326710816777
0 0.24750996015936255 0.9525386313465783 0.09262948207171315 0.0772626931567329
0 0.05129482071713148 0.9266004415011038 0.09262948207171315 0.11368653421633554
0 0.018426294820717132 0.36368653421633557 0.030876494023904383 0.05849889624724062
