0 0.45271629778672035 0.12915742793791574 0.07847082494969819 0.12084257206208426
0 0.49295774647887325 0.08924611973392461 0.07042253521126761 0.10975609756097561
0 0.8375251509054326 0.11086474501108648 0.08953722334004025 0.12416851441241686
0 0.7882293762575453 0.13636363636363635 0.08350100603621731 0.12416851441241686
0 0.6770623742454729 0.21341463414634146 0.08048289738430583 0.12527716186252771
0 0.6348088531187123 0.25388026607538805 0.06639839034205232 0.11529933481152993
0 0.5824949698189135 0.2738359201773836 0.0744466800804829 0.10864745011086474
0 0.45020120724346074 0.37915742793791574 0.06740442655935613 0.10199556541019955
0 0.40040241448692154 0.4113082039911308 0.06841046277665996 0.10199556541019955
0 0.34959758551307846 0.43237250554323725 0.06539235412474849 0.10864745011086474
0 0.23038229376257546 0.5022172949002217 0.07243460764587525 0.11529933481152993
0 0.14185110663983905 0.5582039911308204 0.07847082494969819 0.1008869179600887
0 0.10211267605633803 0.5942350332594235 0.08350100603621731 0.11529933481152993
0 0.670523138832998 0.541019955654102 0.08953722334004025 0.08869179600886919
0 0.8108651911468813 0.44124168514412415 0.10462776659959759 0.082039911308204
0 0.9119718309859155 0.39523281596452325 0.09154929577464789 0.07649667405764966
0 0.5638832997987927 0.5970066518847007 0.10160965794768612 0.07427937915742794
0 0.02716297786720322 0.9478935698447893 0.05030181086519115 0.07317073170731707
