0 0.2632794457274827 0.8013029315960912 0.05542725173210162 0.05211726384364821
0 0.27829099307159355 0.7361563517915309 0.057736720554272515 0.05211726384364821
0 0.3325635103926097 0.5846905537459284 0.03233256351039261 0.08143322475570032
0 0.43648960739030024 0.6221498371335505 0.04157043879907621 0.08469055374592833
0 0.8764434180138568 0.6026058631921825 0.03464203233256351 0.07166123778501629
0 0.7367205542725174 0.5488599348534202 0.03233256351039261 0.08143322475570032
0 0.7875288683602771 0.4592833876221498 0.03695150115473441 0.09120521172638436
0 0.648960739030023 0.5211726384364821 0.04157043879907621 0.09120521172638436
0 0.558891454965358 0.4788273615635179 0.03233256351039261 0.08469055374592833
0 0.5265588914549654 0.47068403908794787 0.03233256351039261 0.0749185667752443
0 0.4376443418013857 0.44625407166123776 0.03926096997690531 0.08469055374592833
0 0.22401847575057737 0.18729641693811075 0.03233256351039261 0.08794788273615635
0 0.2540415704387991 0.20684039087947884 0.03233256351039261 0.09446254071661238
