0 0.3856812933025404 0.6591639871382636 0.046189376443418015 0.03858520900321544
0 0.37644341801385683 0.6205787781350482 0.050808314087759814 0.04501607717041801
0 0.3533487297921478 0.5578778135048231 0.046189376443418015 0.03536977491961415
0 0.3568129330254042 0.5160771704180064 0.053117782909930716 0.04180064308681672
0 0.4976905311778291 0.07395498392282958 0.053117782909930716 0.04501607717041801
0 0.5565819861431871 0.05627009646302251 0.050808314087759814 0.04180064308681672
0 0.6085450346420324 0.04662379421221865 0.04387990762124711 0.03536977491961415
0 0.5138568129330254 0.23311897106109325 0.04387990762124711 0.05466237942122187
0 0.5150115473441108 0.26688102893890675 0.04157043879907621 0.05144694533762058
0 0.5265588914549654 0.3360128617363344 0.046189376443418015 0.05466237942122187
0 0.5288683602771362 0.3729903536977492 0.04157043879907621 0.05144694533762058
