0 0.38941176470588235 0.015050167224080268 0.04 0.030100334448160536
0 0.4211764705882353 0.05016722408026756 0.05176470588235294 0.06020066889632107
0 0.4411764705882353 0.08361204013377926 0.05411764705882353 0.06020066889632107
0 0.46 0.12040133779264214 0.04941176470588235 0.06020066889632107
0 0.3847058823529412 0.10702341137123746 0.058823529411764705 0.06688963210702341
0 0.4152941176470588 0.1705685618729097 0.06352941176470588 0.07357859531772576
0 0.4470588235294118 0.23411371237458195 0.047058823529411764 0.05351170568561873
0 0.4964705882352941 0.19230769230769232 0.0611764705882353 0.06354515050167224
0 0.48 0.28762541806020064 0.047058823529411764 0.06688963210702341
0 0.5047058823529412 0.3528428093645485 0.04470588235294118 0.06354515050167224
0 0.5529411764705883 0.3010033444816054 0.0611764705882353 0.07357859531772576
0 0.5764705882352941 0.3311036789297659 0.05647058823529412 0.07357859531772576
0 0.5517647058823529 0.411371237458194 0.058823529411764705 0.05351170568561873
0 0.6035294117647059 0.07525083612040134 0.058823529411764705 0.07692307692307693
0 0.6658823529411765 0.1939799331103679 0.05176470588235294 0.06020066889632107
0 0.7035294117647058 0.2608695652173913 0.05647058823529412 0.06688963210702341
0 0.7976470588235294 0.451505016722408 0.05647058823529412 0.06020066889632107
0 0.8223529411764706 0.5066889632107023 0.058823529411764705 0.07023411371237458
0 0.9047058823529411 0.35451505016722407 0.04470588235294118 0.08695652173913043
0 0.8352941176470589 0.2140468227424749 0.047058823529411764 0.07357859531772576
0 0.35294117647058826 0.3729096989966555 0.0611764705882353 0.07692307692307693
0 0.38588235294117645 0.4180602006688963 0.047058823529411764 0.04013377926421405
0 0.2564705882352941 0.5066889632107023 0.05176470588235294 0.0903010033444816
0 0.4329411764705882 0.5484949832775919 0.05647058823529412 0.046822742474916385
0 0.44588235294117645 0.5836120401337793 0.06352941176470588 0.07023411371237458
0 0.4752941176470588 0.7207357859531772 0.07529411764705882 0.056856187290969896
0 0.4576470588235294 0.7642140468227425 0.04941176470588235 0.043478260869565216
0 0.4588235294117647 0.8043478260869565 0.0611764705882353 0.043478260869565216
0 0.44941176470588234 0.8461538461538461 0.0611764705882353 0.046822742474916385
0 0.4505882352941176 0.8913043478260869 0.06352941176470588 0.043478260869565216
0 0.5941176470588235 0.5050167224080268 0.05411764705882353 0.06688963210702341
0 0.6094117647058823 0.5434782608695652 0.0611764705882353 0.06354515050167224
0 0.6270588235294118 0.5735785953177257 0.06352941176470588 0.06354515050167224
0 0.6470588235294118 0.5986622073578596 0.05647058823529412 0.06688963210702341
0 0.62 0.9214046822742475 0.04941176470588235 0.07692307692307693
0 0.6435294117647059 0.8929765886287625 0.04941176470588235 0.0802675585284281
