0 0.11275964391691394 0.9409492273730684 0.09693372898120672 0.08278145695364239
0 0.13006923837784373 0.977924944812362 0.09198813056379822 0.04194260485651214
0 0.13006923837784373 0.3813465783664459 0.10781404549950543 0.0695364238410596
0 0.2195845697329377 0.33112582781456956 0.0712166172106825 0.059602649006622516
0 0.1582591493570722 0.41997792494481234 0.10286844708209693 0.0717439293598234
0 0.1661721068249258 0.4768211920529801 0.0712166172106825 0.0640176600441501
0 0.19782393669634027 0.5171081677704195 0.09495548961424333 0.076158940397351
0 0.22453016815034618 0.5711920529801324 0.0830860534124629 0.06512141280353201
0 0.314540059347181 0.5264900662251656 0.08902077151335312 0.07947019867549669
0 0.2868447082096934 0.48123620309050774 0.08902077151335312 0.0728476821192053
0 0.26310583580613256 0.4299116997792494 0.09693372898120672 0.08057395143487858
0 0.2551928783382789 0.3769315673289183 0.09297725024727992 0.08278145695364239
0 0.4515331355093966 0.282560706401766 0.0722057368941642 0.0684326710816777
0 0.4846686449060336 0.36920529801324503 0.09099901088031652 0.0717439293598234
0 0.5044510385756676 0.43653421633554085 0.09693372898120672 0.08278145695364239
0 0.31107814045499504 0.9205298013245033 0.04648862512363996 0.059602649006622516
0 0.29821958456973297 0.8681015452538632 0.03066271018793274 0.04083885209713024
