0 0.027058823529411764 0.030141843971631204 0.04470588235294118 0.05319148936170213
0 0.05647058823529412 0.09042553191489362 0.0611764705882353 0.07446808510638298
0 0.32235294117647056 0.13652482269503546 0.05176470588235294 0.06028368794326241
0 0.3388235294117647 0.17375886524822695 0.05647058823529412 0.07092198581560284
0 0.4776470588235294 0.12234042553191489 0.06588235294117648 0.07446808510638298
0 0.4929411764705882 0.4946808510638298 0.05411764705882353 0.07446808510638298
0 0.5458823529411765 0.6081560283687943 0.05647058823529412 0.07446808510638298
0 0.5894117647058823 0.7039007092198581 0.05411764705882353 0.0673758865248227
0 0.6976470588235294 0.574468085106383 0.06352941176470588 0.07801418439716312
0 0.7282352941176471 0.6578014184397163 0.058823529411764705 0.08156028368794327
0 0.9635294117647059 0.7943262411347518 0.04 0.0851063829787234
0 0.8647058823529412 0.9113475177304965 0.06352941176470588 0.07801418439716312
0 0.5788235294117647 0.8120567375886525 0.05647058823529412 0.07092198581560284
0 0.6435294117647059 0.799645390070922 0.05411764705882353 0.0673758865248227
0 0.6576470588235294 0.8368794326241135 0.058823529411764705 0.07092198581560284
0 0.6811764705882353 0.8918439716312057 0.04941176470588235 0.0673758865248227
0 0.7 0.9290780141843972 0.05411764705882353 0.07092198581560284
0 0.72 0.9645390070921985 0.047058823529411764 0.05673758865248227
0 0.6423529411764706 0.9539007092198581 0.05647058823529412 0.07092198581560284
0 0.6788235294117647 0.9858156028368794 0.04470588235294118 0.02127659574468085
