0 0.469061876247505 0.6911111111111111 0.08383233532934131 0.07777777777777778
0 0.8223552894211577 0.49 0.07784431137724551 0.08666666666666667
0 0.8847305389221557 0.4033333333333333 0.09081836327345309 0.08666666666666667
0 0.9620758483033932 0.3433333333333333 0.06986027944111776 0.08444444444444445
0 0.6437125748502994 0.3561111111111111 0.09381237524950099 0.09222222222222222
0 0.5439121756487026 0.4266666666666667 0.10379241516966067 0.09333333333333334
0 0.3907185628742515 0.5372222222222223 0.09880239520958084 0.10111111111111111
0 0.28892215568862273 0.6016666666666667 0.09481037924151696 0.09666666666666666
0 0.1342315369261477 0.7133333333333334 0.09081836327345309 0.09333333333333334
0 0.043912175648702596 0.7766666666666666 0.08383233532934131 0.08222222222222222
