0 0.6117125984251969 0.1288546255506608 0.09940944881889764 0.09911894273127753
0 0.6530511811023622 0.19823788546255505 0.08562992125984252 0.07268722466960352
0 0.6781496062992126 0.2709251101321586 0.09055118110236221 0.07048458149779736
0 0.6938976377952756 0.32984581497797355 0.09645669291338582 0.08259911894273128
0 0.7150590551181102 0.3849118942731278 0.08956692913385826 0.07378854625550661
0 0.7426181102362205 0.43942731277533037 0.09350393700787402 0.07929515418502203
0 0.7017716535433071 0.5737885462555066 0.0531496062992126 0.0947136563876652
0 0.43503937007874016 0.31167400881057267 0.1062992125984252 0.09030837004405286
0 0.4655511811023622 0.3722466960352423 0.1062992125984252 0.0881057268722467
0 0.4719488188976378 0.42290748898678415 0.10334645669291338 0.07048458149779736
0 0.4965551181102362 0.46916299559471364 0.11122047244094488 0.07709251101321586
0 0.5403543307086615 0.5638766519823789 0.08858267716535433 0.08370044052863436
0 0.5556102362204725 0.6189427312775331 0.08759842519685039 0.07488986784140969
0 0.5674212598425197 0.6734581497797357 0.09153543307086615 0.08480176211453745
0 0.5836614173228346 0.7180616740088106 0.08464566929133858 0.07709251101321586
0 0.6240157480314961 0.7973568281938326 0.08267716535433071 0.07709251101321586
0 0.6363188976377953 0.849669603524229 0.09350393700787402 0.07378854625550661
0 0.6505905511811023 0.901431718061674 0.09645669291338582 0.07378854625550661
0 0.8208661417322834 0.8865638766519823 0.0610236220472441 0.09691629955947137
0 0.6776574803149606 0.960352422907489 0.09350393700787402 0.07488986784140969
