0 0.2395287958115183 0.08996539792387544 0.03926701570680628 0.04844290657439446
0 0.18848167539267016 0.328719723183391 0.041884816753926704 0.04844290657439446
0 0.20287958115183247 0.35986159169550175 0.04450261780104712 0.04844290657439446
0 0.23036649214659685 0.40657439446366783 0.05235602094240838 0.05190311418685121
0 0.38350785340314136 0.444636678200692 0.04450261780104712 0.04498269896193772
0 0.39267015706806285 0.47923875432525953 0.04712041884816754 0.04498269896193772
0 0.4031413612565445 0.5103806228373703 0.05759162303664921 0.058823529411764705
0 0.4175392670157068 0.5432525951557093 0.0549738219895288 0.06228373702422145
0 0.5170157068062827 0.14359861591695502 0.04450261780104712 0.07958477508650519
0 0.5471204188481675 0.1314878892733564 0.03664921465968586 0.06920415224913495
0 0.5667539267015707 0.11245674740484429 0.03926701570680628 0.0657439446366782
0 0.4620418848167539 0.029411764705882353 0.03926701570680628 0.05190311418685121
0 0.7879581151832461 0.8079584775086506 0.04712041884816754 0.058823529411764705
0 0.8259162303664922 0.8875432525951558 0.0549738219895288 0.05190311418685121
0 0.837696335078534 0.9238754325259516 0.05759162303664921 0.04844290657439446
