0 0.3486646884272997 0.6674311926605505 0.050445103857566766 0.06880733944954129
0 0.36350148367952523 0.6261467889908257 0.07418397626112759 0.0871559633027523
0 0.5445103857566765 0.34174311926605505 0.04451038575667656 0.10550458715596331
0 0.5014836795252225 0.48853211009174313 0.04154302670623145 0.0963302752293578
0 0.5400593471810089 0.518348623853211 0.04747774480712166 0.10091743119266056
0 0.5845697329376854 0.536697247706422 0.03560830860534125 0.07339449541284404
0 0.6646884272997032 0.7477064220183486 0.04154302670623145 0.08256880733944955
0 0.6201780415430267 0.3922018348623853 0.03560830860534125 0.0963302752293578
0 0.6572700296735905 0.4243119266055046 0.04451038575667656 0.0963302752293578
0 0.7373887240356083 0.44495412844036697 0.06231454005934718 0.08256880733944955
0 0.7225519287833828 0.5 0.05637982195845697 0.06422018348623854
0 0.7106824925816023 0.5527522935779816 0.05637982195845697 0.05963302752293578
0 0.04451038575667656 0.3211009174311927 0.05934718100890208 0.07339449541284404
0 0.12759643916913946 0.3738532110091743 0.0712166172106825 0.0779816513761468
0 0.19287833827893175 0.4197247706422018 0.0712166172106825 0.0779816513761468
