0 0.5355450236966824 0.9560133630289532 0.054976303317535544 0.08129175946547884
0 0.05924170616113744 0.9543429844097996 0.07867298578199051 0.08463251670378619
0 0.053554502369668244 0.8819599109131403 0.07677725118483412 0.0957683741648107
0 0.05829383886255924 0.8101336302895323 0.08246445497630332 0.09910913140311804
0 0.05924170616113744 0.72271714922049 0.07867298578199051 0.09799554565701558
0 0.05687203791469194 0.6425389755011136 0.08530805687203792 0.0957683741648107
0 0.058767772511848344 0.5757238307349666 0.08151658767772511 0.09131403118040089
0 0.06777251184834124 0.505011135857461 0.1014218009478673 0.12806236080178174
0 0.32559241706161135 0.40200445434298443 0.05971563981042654 0.10467706013363029
0 0.35260663507109 0.4682628062360802 0.058767772511848344 0.10801781737193764
0 0.42890995260663506 0.7071269487750557 0.06919431279620854 0.12472160356347439
0 0.45687203791469194 0.767260579064588 0.054976303317535544 0.111358574610245
