0 0.40628115653040875 0.023153252480705624 0.10069790628115653 0.044101433296582136
0 0.37188434695912265 0.12844542447629548 0.1036889332003988 0.08489525909592062
0 0.32951146560319045 0.18136714443219404 0.08873379860418744 0.08269018743109151
0 0.2876370887337986 0.22932745314222713 0.10069790628115653 0.07938257993384785
0 0.23928215353938184 0.3721058434399118 0.1156530408773679 0.09812568908489526
0 0.3584247258225324 0.46802646085997796 0.06679960119641076 0.10253583241455347
0 0.14207377866400797 0.4647188533627343 0.0707876370887338 0.11356119073869901
0 0.18943170488534397 0.49173098125689085 0.07377866400797607 0.11025358324145534
0 0.23180458624127617 0.5165380374862183 0.07676969092721835 0.1113561190738699
0 0.3230309072781655 0.5716648291069459 0.06979062811565304 0.10694597574421169
0 0.3673978065802592 0.5997794928335171 0.0707876370887338 0.09922822491730982
0 0.4132602193419741 0.6229327453142227 0.0707876370887338 0.10143329658213891
0 0.4581256231306082 0.6499448732083792 0.0707876370887338 0.10253583241455347
0 0.5049850448654037 0.6786108048511577 0.0707876370887338 0.10253583241455347
0 0.5483549351944168 0.7001102535832414 0.06380857427716849 0.10584343991179714
0 0.5957128614157527 0.7513781697905182 0.0707876370887338 0.10474090407938258
0 0.09820538384845463 0.7265711135611908 0.07676969092721835 0.11025358324145534
0 0.20139581256231306 0.7855567805953694 0.07377866400797607 0.10915104740904079
0 0.24675972083748754 0.8263506063947078 0.07676969092721835 0.1113561190738699
0 0.29561316051844466 0.8616317530319736 0.07876370887337986 0.10033076074972437
0 0.3913260219341974 0.9112458654906285 0.06679960119641076 0.10033076074972437
0 0.43968095712861416 0.9415656008820287 0.06979062811565304 0.0970231532524807
0 0.4930209371884347 0.9531422271223815 0.06879361914257229 0.09151047409040794
0 0.16550348953140578 0.9084895259095921 0.07377866400797607 0.11907386990077178
0 0.21635094715852443 0.9443219404630651 0.06181455633100698 0.09592061742006615
0 0.2577268195413759 0.9592061742006616 0.0707876370887338 0.07938257993384785
0 0.3085742771684945 0.9680264608599779 0.05682951146560319 0.05953693495038589
