0 0.6675824175824175 0.9780701754385965 0.06043956043956044 0.03508771929824561
0 0.8392857142857143 0.9057017543859649 0.06868131868131869 0.05701754385964912
0 0.8379120879120879 0.8530701754385965 0.08241758241758242 0.05701754385964912
0 0.8351648351648352 0.793859649122807 0.06593406593406594 0.06140350877192982
0 0.6689560439560439 0.8618421052631579 0.07967032967032966 0.05701754385964912
0 0.657967032967033 0.8026315789473685 0.06318681318681318 0.043859649122807015
0 0.6552197802197802 0.7521929824561403 0.07417582417582418 0.05701754385964912
0 0.657967032967033 0.6951754385964912 0.057692307692307696 0.04824561403508772
0 0.5947802197802198 0.7083333333333334 0.06318681318681318 0.05701754385964912
0 0.679945054945055 0.6293859649122807 0.057692307692307696 0.04824561403508772
0 0.6868131868131868 0.5723684210526315 0.06593406593406594 0.05701754385964912
0 0.6868131868131868 0.5131578947368421 0.06593406593406594 0.05263157894736842
0 0.6881868131868132 0.3881578947368421 0.06868131868131869 0.05701754385964912
