0 0.21629778672032193 0.2522172949002217 0.08048289738430583 0.10753880266075388
0 0.16448692152917505 0.2544345898004435 0.06338028169014084 0.10975609756097561
0 0.18611670020120724 0.520509977827051 0.07243460764587525 0.11862527716186252
0 0.39436619718309857 0.39301552106430154 0.096579476861167 0.08093126385809313
0 0.4044265593561368 0.45454545454545453 0.0925553319919517 0.07760532150776053
0 0.4818913480885312 0.6651884700665188 0.08450704225352113 0.07095343680709534
0 0.5 0.7128603104212861 0.09456740442655935 0.07982261640798226
0 0.5186116700201208 0.7727272727272727 0.09356136820925554 0.07982261640798226
0 0.5407444668008048 0.823170731707317 0.08551307847082495 0.0787139689578714
0 0.5613682092555332 0.8802660753880266 0.09054325955734406 0.09312638580931264
0 0.5885311871227364 0.9284922394678492 0.09456740442655935 0.09201773835920177
0 0.6182092555331992 0.970620842572062 0.08350100603621731 0.04988913525498891
0 0.03219315895372234 0.6258314855875832 0.060362173038229376 0.09201773835920177
0 0.7037223340040242 0.5825942350332595 0.08350100603621731 0.07427937915742794
0 0.7459758551307847 0.6335920177383592 0.09557344064386318 0.0787139689578714
0 0.7681086519114688 0.6890243902439024 0.07142857142857142 0.06319290465631928
0 0.7867203219315896 0.7627494456762749 0.10261569416498995 0.08869179600886919
0 0.8128772635814889 0.8253880266075388 0.0925553319919517 0.08093126385809313
0 0.8365191146881288 0.8741685144124168 0.0875251509054326 0.07649667405764966
0 0.8631790744466801 0.9273835920177383 0.08651911468812877 0.06762749445676275
0 0.8782696177062375 0.970620842572062 0.0925553319919517 0.04767184035476718
