0 0.6542699724517906 0.828 0.06336088154269973 0.056
0 0.6460055096418733 0.698 0.05785123966942149 0.044
0 0.47796143250688705 0.712 0.06887052341597796 0.048
0 0.465564738292011 0.552 0.07162534435261708 0.064
0 0.4476584022038568 0.402 0.05234159779614325 0.036
0 0.46143250688705234 0.454 0.06887052341597796 0.052
0 0.43526170798898073 0.074 0.06060606060606061 0.044
0 0.3071625344352617 0.226 0.0743801652892562 0.06
0 0.30991735537190085 0.284 0.0743801652892562 0.056
0 0.3181818181818182 0.336 0.05785123966942149 0.048
0 0.33746556473829203 0.522 0.06336088154269973 0.044
0 0.14325068870523416 0.326 0.06060606060606061 0.052
0 0.15426997245179064 0.402 0.06611570247933884 0.068
0 0.15426997245179064 0.48 0.06611570247933884 0.048
0 0.16804407713498623 0.638 0.07713498622589532 0.06
0 0.17079889807162535 0.7 0.06060606060606061 0.048
0 0.1721763085399449 0.756 0.06887052341597796 0.056
