0 0.04878048780487805 0.22145328719723184 0.05853658536585366 0.06920415224913495
0 0.3097560975609756 0.43079584775086505 0.06829268292682927 0.05190311418685121
0 0.33170731707317075 0.5449826989619377 0.05365853658536585 0.05190311418685121
0 0.36585365853658536 0.8339100346020761 0.06829268292682927 0.05536332179930796
0 0.47073170731707314 0.9256055363321799 0.03414634146341464 0.08650519031141868
0 0.5329268292682927 0.6851211072664359 0.06097560975609756 0.05536332179930796
0 0.4926829268292683 0.5605536332179931 0.06829268292682927 0.05536332179930796
0 0.6378048780487805 0.5346020761245674 0.041463414634146344 0.07958477508650519
0 0.6109756097560975 0.444636678200692 0.041463414634146344 0.0726643598615917
0 0.5914634146341463 0.3615916955017301 0.041463414634146344 0.07958477508650519
0 0.5646341463414634 0.2750865051903114 0.041463414634146344 0.08650519031141868
0 0.526829268292683 0.15051903114186851 0.04390243902439024 0.09342560553633218
0 0.5 0.06401384083044982 0.04390243902439024 0.08650519031141868
