0 0.0499001996007984 0.1878453038674033 0.09580838323353294 0.09060773480662983
0 0.07584830339321358 0.23204419889502761 0.07984031936127745 0.07734806629834254
0 0.17714570858283432 0.4276243093922652 0.09281437125748503 0.09060773480662983
0 0.20159680638722555 0.47292817679558014 0.10578842315369262 0.09723756906077348
0 0.31736526946107785 0.6834254143646409 0.09780439121756487 0.08950276243093923
0 0.2719560878243513 0.09558011049723757 0.09481037924151696 0.08287292817679558
0 0.3198602794411178 0.18950276243093922 0.08283433133732535 0.08729281767955802
0 0.4216566866267465 0.3751381215469613 0.08083832335329341 0.08287292817679558
0 0.5024950099800399 0.5392265193370166 0.09880239520958084 0.09723756906077348
0 0.3772455089820359 0.04143646408839779 0.09580838323353294 0.08287292817679558
0 0.3992015968063872 0.09281767955801105 0.09181636726546906 0.08839779005524862
0 0.42614770459081835 0.14696132596685083 0.10578842315369262 0.09944751381215469
0 0.4486027944111776 0.20331491712707184 0.08882235528942116 0.08839779005524862
0 0.48552894211576847 0.24972375690607734 0.09481037924151696 0.09281767955801105
0 0.5064870259481038 0.30939226519337015 0.08882235528942116 0.08839779005524862
0 0.5404191616766467 0.36187845303867405 0.09081836327345309 0.09171270718232044
0 0.564870259481038 0.41823204419889504 0.07784431137724551 0.08729281767955802
0 0.5913173652694611 0.47016574585635357 0.09481037924151696 0.09171270718232044
0 0.6292415169660679 0.5209944751381216 0.09281437125748503 0.08950276243093923
0 0.654690618762475 0.5751381215469613 0.10179640718562874 0.1005524861878453
0 0.9161676646706587 0.16906077348066298 0.09580838323353294 0.08839779005524862
0 0.9431137724550899 0.22375690607734808 0.09780439121756487 0.08950276243093923
0 0.8268463073852296 0.3397790055248619 0.1027944111776447 0.09834254143646409
0 0.7984031936127745 0.27679558011049726 0.10578842315369262 0.10718232044198896
0 0.7619760479041916 0.2287292817679558 0.11077844311377245 0.10828729281767956
0 0.7330339321357285 0.18232044198895028 0.0688622754491018 0.061878453038674036
0 0.7020958083832335 0.1298342541436464 0.0688622754491018 0.0718232044198895
0 0.6816367265469062 0.07679558011049724 0.07984031936127745 0.06961325966850829
0 0.6521956087824351 0.03591160220994475 0.08882235528942116 0.0718232044198895
