0 0.33174603174603173 0.18160377358490565 0.05396825396825397 0.1179245283018868
0 0.37777777777777777 0.15566037735849056 0.06349206349206349 0.12264150943396226
0 0.49047619047619045 0.07783018867924528 0.05396825396825397 0.10849056603773585
0 0.746031746031746 0.125 0.08253968253968254 0.07075471698113207
0 0.46825396825396826 0.5660377358490566 0.07936507936507936 0.07547169811320754
0 0.5285714285714286 0.7759433962264151 0.07936507936507936 0.08018867924528301
0 0.5761904761904761 0.6863207547169812 0.07301587301587302 0.08018867924528301
0 0.5587301587301587 0.5825471698113207 0.09523809523809523 0.08018867924528301
0 0.5523809523809524 0.5117924528301887 0.08888888888888889 0.08962264150943396
0 0.7936507936507936 0.4716981132075472 0.08888888888888889 0.07547169811320754
0 0.8206349206349206 0.6462264150943396 0.07301587301587302 0.0660377358490566
