0 0.8035892323030908 0.5413450937155457 0.09970089730807577 0.08820286659316427
0 0.2761714855433699 0.45093715545755236 0.07976071784646062 0.04851157662624035
0 0.3404785643070788 0.5181918412348401 0.10069790628115653 0.09922822491730982
0 0.4411764705882353 0.6240352811466373 0.12063808574277168 0.12348401323042998
0 0.56580259222333 0.6515986769570011 0.09272183449651047 0.07938257993384785
0 0.4626121635094716 0.6890848952590959 0.11365902293120637 0.11025358324145534
0 0.48205383848454636 0.7320837927232635 0.10069790628115653 0.0926130099228225
0 0.33300099700897307 0.9239250275633958 0.09571286141575275 0.08599779492833518
0 0.24675972083748754 0.974090407938258 0.07676969092721835 0.04299889746416759
0 0.17148554336989033 0.912348401323043 0.1156530408773679 0.10253583241455347
0 0.15653040877367896 0.8599779492833517 0.11365902293120637 0.10584343991179714
0 0.07028913260219342 0.7464167585446527 0.09072781655034895 0.08379272326350606
