0 0.13194444444444445 0.881243063263041 0.09523809523809523 0.10654827968923418
0 0.13938492063492064 0.9478357380688124 0.13194444444444445 0.09988901220865705
0 0.1765873015873016 0.9827968923418424 0.07142857142857142 0.03218645948945616
0 0.4290674603174603 0.9722530521642619 0.08432539682539683 0.051054384017758046
0 0.40128968253968256 0.937291897891232 0.08035714285714286 0.05660377358490566
0 0.38938492063492064 0.8756936736958935 0.09027777777777778 0.048834628190899
0 0.39732142857142855 0.816315205327414 0.09623015873015874 0.06326304106548279
0 0.4131944444444444 0.7613762486126526 0.09027777777777778 0.07991120976692564
0 0.4365079365079365 0.6908990011098779 0.09325396825396826 0.08546059933407325
0 0.4732142857142857 0.632630410654828 0.10317460317460317 0.08213096559378469
0 0.5074404761904762 0.5843507214206437 0.08035714285714286 0.07214206437291898
0 0.535218253968254 0.537180910099889 0.08630952380952381 0.07769145394006659
0 0.5714285714285714 0.48335183129855713 0.09523809523809523 0.09433962264150944
