0 0.06004901960784314 0.21933085501858737 0.056372549019607844 0.08921933085501858
0 0.21568627450980393 0.41821561338289964 0.058823529411764705 0.08550185873605948
0 0.5796568627450981 0.2992565055762082 0.041666666666666664 0.08550185873605948
0 0.5514705882352942 0.3382899628252788 0.05392156862745098 0.09665427509293681
0 0.5073529411764706 0.40892193308550184 0.058823529411764705 0.08921933085501858
0 0.4877450980392157 0.4479553903345725 0.05392156862745098 0.09293680297397769
0 0.44362745098039214 0.5018587360594795 0.05392156862745098 0.08921933085501858
0 0.41911764705882354 0.5223048327137546 0.05392156862745098 0.09293680297397769
0 0.39338235294117646 0.5520446096654275 0.051470588235294115 0.08550185873605948
0 0.6409313725490197 0.39219330855018586 0.056372549019607844 0.09293680297397769
0 0.5906862745098039 0.47026022304832715 0.05392156862745098 0.08550185873605948
0 0.5526960784313726 0.4795539033457249 0.041666666666666664 0.06691449814126393
0 0.5343137254901961 0.5223048327137546 0.049019607843137254 0.08550185873605948
0 0.49019607843137253 0.5817843866171004 0.049019607843137254 0.06319702602230483
0 0.46568627450980393 0.6171003717472119 0.05392156862745098 0.08921933085501858
0 0.6862745098039216 0.570631970260223 0.049019607843137254 0.08550185873605948
0 0.6556372549019608 0.6003717472118959 0.061274509803921566 0.09293680297397769
0 0.6225490196078431 0.6635687732342007 0.058823529411764705 0.08550185873605948
0 0.5931372549019608 0.6877323420074349 0.049019607843137254 0.08921933085501858
0 0.553921568627451 0.7453531598513011 0.049019607843137254 0.07806691449814127
0 0.5306372549019608 0.7806691449814126 0.0661764705882353 0.08921933085501858
0 0.5588235294117647 0.8903345724907064 0.058823529411764705 0.09293680297397769
0 0.5980392156862745 0.8345724907063197 0.05392156862745098 0.09293680297397769
0 0.6225490196078431 0.8029739776951673 0.058823529411764705 0.08921933085501858
0 0.6421568627450981 0.7676579925650557 0.04411764705882353 0.07806691449814127
0 0.6703431372549019 0.741635687732342 0.04656862745098039 0.07806691449814127
0 0.6875 0.7118959107806692 0.056372549019607844 0.07806691449814127
0 0.7095588235294118 0.6784386617100372 0.04656862745098039 0.07806691449814127
0 0.7340686274509803 0.654275092936803 0.04656862745098039 0.07434944237918216
0 0.8284313725490197 0.8903345724907064 0.04411764705882353 0.07806691449814127
0 0.8088235294117647 0.9312267657992565 0.04411764705882353 0.07806691449814127
0 0.8860294117647058 0.929368029739777 0.04656862745098039 0.04460966542750929
0 0.7830882352941176 0.9572490706319703 0.04656862745098039 0.07063197026022305
0 0.7598039215686274 0.9702602230483272 0.049019607843137254 0.04460966542750929
