0 0.39920948616600793 0.3545554335894621 0.09486166007905138 0.06366630076838639
0 0.29446640316205536 0.3578485181119649 0.10474308300395258 0.07464324917672886
0 0.19268774703557312 0.3677277716794731 0.08893280632411067 0.06147091108671789
0 0.07114624505928854 0.38309549945115257 0.08498023715415019 0.054884742041712405
0 0.2840909090909091 0.45718990120746433 0.08399209486166008 0.05598243688254665
0 0.30237154150197626 0.530735455543359 0.09683794466403162 0.06256860592755215
0 0.30879446640316205 0.601536772777168 0.09387351778656126 0.07903402854006586
0 0.31274703557312256 0.6695938529088913 0.08399209486166008 0.07464324917672886
0 0.3117588932806324 0.7299670691547749 0.10375494071146245 0.09220636663007684
0 0.32361660079051385 0.8029637760702525 0.07213438735177866 0.0845225027442371
0 0.32460474308300397 0.8776070252469813 0.09387351778656126 0.0801317233809001
0 0.3211462450592885 0.9319429198682766 0.07509881422924901 0.059275521405049394
0 0.5983201581027668 0.7129527991218442 0.040513833992094864 0.09110867178924259
0 0.6630434782608695 0.6536772777167947 0.08893280632411067 0.06037321624588365
0 0.6714426877470355 0.7047200878155873 0.09782608695652174 0.06147091108671789
0 0.6793478260869565 0.7705817782656421 0.0958498023715415 0.06586169045005488
0 0.683300395256917 0.8358946212952799 0.09782608695652174 0.07135016465422613
