0 0.6974747474747475 0.2159090909090909 0.07373737373737374 0.09772727272727273
0 0.6803030303030303 0.5761363636363637 0.07171717171717172 0.11363636363636363
0 0.40454545454545454 0.7926136363636364 0.07575757575757576 0.10795454545454546
0 0.3212121212121212 0.8670454545454546 0.06060606060606061 0.09090909090909091
0 0.27626262626262627 0.8903409090909091 0.07373737373737374 0.11022727272727273
0 0.22525252525252526 0.9119318181818182 0.06666666666666667 0.09659090909090909
0 0.06666666666666667 0.6755681818181818 0.07878787878787878 0.09886363636363636
0 0.01717171717171717 0.5732954545454545 0.03434343434343434 0.08522727272727272
0 0.043434343434343436 0.5392045454545454 0.07272727272727272 0.09886363636363636
0 0.09797979797979799 0.5022727272727273 0.07676767676767676 0.10681818181818181
0 0.26161616161616164 0.3375 0.0707070707070707 0.09090909090909091
0 0.557070707070707 0.15681818181818183 0.07373737373737374 0.10681818181818181
0 0.6429292929292929 0.11306818181818182 0.07171717171717172 0.1125
0 0.7505050505050505 0.051704545454545454 0.07272727272727272 0.09659090909090909
0 0.11313131313131314 0.12613636363636363 0.07272727272727272 0.10454545454545454
0 0.17525252525252524 0.07840909090909091 0.08585858585858586 0.09545454545454546
0 0.22373737373737373 0.04772727272727273 0.07777777777777778 0.09318181818181819
0 0.7575757575757576 0.18181818181818182 0.07474747474747474 0.10227272727272728
0 0.8242424242424242 0.1534090909090909 0.08282828282828283 0.11363636363636363
