0 0.41408114558472553 0.0915032679738562 0.05489260143198091 0.05228758169934641
0 0.35083532219570407 0.15196078431372548 0.028639618138424822 0.09477124183006536
0 0.1909307875894988 0.24673202614379086 0.057279236276849645 0.05555555555555555
0 0.2171837708830549 0.684640522875817 0.06682577565632458 0.06209150326797386
0 0.23031026252983294 0.9117647058823529 0.059665871121718374 0.05228758169934641
0 0.44272076372315033 0.47875816993464054 0.045346062052505964 0.05555555555555555
0 0.4403341288782816 0.3300653594771242 0.05489260143198091 0.058823529411764705
0 0.43556085918854415 0.37254901960784315 0.05489260143198091 0.05228758169934641
0 0.43556085918854415 0.37254901960784315 0.05489260143198091 0.05228758169934641
0 0.43556085918854415 0.37254901960784315 0.05489260143198091 0.05228758169934641
0 0.44272076372315033 0.4297385620915033 0.05489260143198091 0.06209150326797386
0 0.45346062052505964 0.545751633986928 0.057279236276849645 0.06535947712418301
0 0.4498806682577566 0.5882352941176471 0.050119331742243436 0.058823529411764705
0 0.4522673031026253 0.6323529411764706 0.05489260143198091 0.05555555555555555
0 0.45823389021479716 0.704248366013072 0.05250596658711217 0.049019607843137254
0 0.45704057279236276 0.7467320261437909 0.05489260143198091 0.06862745098039216
0 0.4594272076372315 0.7924836601307189 0.059665871121718374 0.07516339869281045
0 0.4618138424821002 0.8415032679738562 0.059665871121718374 0.06209150326797386
0 0.4630071599045346 0.8921568627450981 0.06205250596658711 0.06535947712418301
0 0.46539379474940334 0.9428104575163399 0.06205250596658711 0.05555555555555555
