0 0.6832829808660624 0.8132596685082873 0.0755287009063444 0.06629834254143646
0 0.649043303121853 0.8607734806629834 0.06747230614300101 0.07734806629834254
0 0.56797583081571 0.8546961325966851 0.06243705941591138 0.08066298342541436
0 0.5503524672708963 0.7773480662983425 0.0755287009063444 0.06298342541436464
0 0.5115810674723061 0.8232044198895028 0.054380664652567974 0.06850828729281767
0 0.47079556898288016 0.8215469613259668 0.06747230614300101 0.09392265193370165
0 0.38821752265861026 0.8204419889502762 0.0634441087613293 0.07403314917127071
0 0.45720040281973817 0.7530386740331492 0.07653575025176233 0.06519337016574586
0 0.4078549848942598 0.7453038674033149 0.0866062437059416 0.07403314917127071
0 0.10926485397784491 0.838121546961326 0.08358509566968782 0.0430939226519337
0 0.11530715005035247 0.8016574585635359 0.0755287009063444 0.04751381215469613
0 0.19184290030211482 0.8149171270718232 0.0755287009063444 0.045303867403314914
0 0.20342396777442096 0.7767955801104972 0.08862034239677745 0.039779005524861875
0 0.11732124874118832 0.7596685082872928 0.07754279959718026 0.045303867403314914
0 0.20342396777442096 0.7033149171270718 0.07854984894259819 0.04088397790055249
0 0.20644511581067473 0.6624309392265193 0.08056394763343404 0.045303867403314914
0 0.0689828801611279 0.523756906077348 0.06545820745216516 0.06629834254143646
0 0.17623363544813697 0.5524861878453039 0.06042296072507553 0.0707182320441989
0 0.2804632426988922 0.5900552486187846 0.04934541792547835 0.04861878453038674
0 0.44511581067472306 0.6071823204419889 0.05639476334340383 0.06519337016574586
0 0.4949647532729104 0.6160220994475138 0.05740181268882175 0.06519337016574586
0 0.5513595166163142 0.6243093922651933 0.0755287009063444 0.07734806629834254
0 0.6153071500503524 0.6292817679558012 0.06243705941591138 0.07403314917127071
0 0.6711983887210473 0.6458563535911602 0.06747230614300101 0.08066298342541436
0 0.7210473313192346 0.6447513812154696 0.05639476334340383 0.07624309392265194
0 0.0891238670694864 0.687292817679558 0.041289023162134945 0.07734806629834254
0 0.05740181268882175 0.6812154696132596 0.04028197381671702 0.0718232044198895
0 0.019637462235649546 0.638121546961326 0.03927492447129909 0.036464088397790057
0 0.01863041289023162 0.6795580110497238 0.035246727089627394 0.041988950276243095
0 0.01661631419939577 0.7187845303867403 0.03121852970795569 0.036464088397790057
