0 0.6930051813471503 0.89568345323741 0.03367875647668394 0.09352517985611511
0 0.6878238341968912 0.6492805755395683 0.04404145077720207 0.11151079136690648
0 0.522020725388601 0.5665467625899281 0.04404145077720207 0.09712230215827339
0 0.4792746113989637 0.5719424460431655 0.04145077720207254 0.09352517985611511
0 0.37176165803108807 0.6025179856115108 0.04404145077720207 0.09712230215827339
0 0.3393782383419689 0.6025179856115108 0.03626943005181347 0.08992805755395683
0 0.3069948186528497 0.6061151079136691 0.038860103626943004 0.08992805755395683
0 0.2616580310880829 0.6169064748201439 0.03626943005181347 0.11151079136690648
0 0.1489637305699482 0.6312949640287769 0.03367875647668394 0.09712230215827339
0 0.11658031088082901 0.6348920863309353 0.03626943005181347 0.10431654676258993
0 0.08160621761658031 0.6384892086330936 0.038860103626943004 0.10431654676258993
0 0.12176165803108809 0.4226618705035971 0.03626943005181347 0.10431654676258993
0 0.15932642487046633 0.41906474820143885 0.03367875647668394 0.09712230215827339
0 0.22020725388601037 0.4064748201438849 0.04145077720207254 0.09352517985611511
0 0.2862694300518135 0.39388489208633093 0.03367875647668394 0.08992805755395683
0 0.32642487046632124 0.3830935251798561 0.031088082901554404 0.08273381294964029
0 0.42357512953367876 0.3669064748201439 0.03367875647668394 0.10071942446043165
0 0.4572538860103627 0.36151079136690645 0.03367875647668394 0.08273381294964029
0 0.49870466321243523 0.3579136690647482 0.038860103626943004 0.09712230215827339
0 0.5375647668393783 0.3471223021582734 0.038860103626943004 0.09712230215827339
