0 0.915 0.6415830546265329 0.082 0.07246376811594203
0 0.7885 0.6226309921962095 0.081 0.06131549609810479
0 0.6995 0.6727982162764772 0.095 0.09253065774804906
0 0.6125 0.7313266443701226 0.073 0.07803790412486064
0 0.0935 0.6794871794871795 0.069 0.09921962095875139
0 0.9735 0.36510590858416947 0.049 0.07023411371237458
0 0.9845 0.4214046822742475 0.027 0.05128205128205128
0 0.022 0.08862876254180602 0.042 0.07023411371237458
0 0.0375 0.14604236343366778 0.075 0.09141583054626533
0 0.0665 0.19119286510590858 0.083 0.07246376811594203
0 0.0935 0.24358974358974358 0.087 0.07915273132664437
0 0.1205 0.2959866220735786 0.093 0.09253065774804906
0 0.1805 0.431438127090301 0.093 0.07357859531772576
0 0.201 0.47101449275362317 0.094 0.07915273132664437
0 0.238 0.5189520624303233 0.096 0.08138238573021182
0 0.2655 0.5652173913043478 0.099 0.08249721293199554
0 0.278 0.6477146042363434 0.072 0.09587513935340022
0 0.3355 0.6510590858416946 0.071 0.11371237458193979
0 0.3815 0.6304347826086957 0.063 0.10144927536231885
0 0.4305 0.5981047937569677 0.073 0.11036789297658862
0 0.4725 0.5540691192865106 0.067 0.09587513935340022
0 0.521 0.5245261984392419 0.072 0.10813823857302118
0 0.556 0.49108138238573024 0.068 0.09698996655518395
0 0.6005 0.46153846153846156 0.067 0.10479375696767002
0 0.6445 0.43088071348940915 0.067 0.0903010033444816
0 0.6895 0.4057971014492754 0.079 0.10925306577480491
0 0.742 0.3734671125975474 0.068 0.10479375696767002
