0 0.6003996003996004 0.5317725752508361 0.08591408591408592 0.08249721293199554
0 0.6653346653346653 0.3132664437012263 0.06793206793206794 0.08472686733556299
0 0.7182817182817183 0.4503901895206243 0.06993006993006994 0.11148272017837235
0 0.7867132867132867 0.6148272017837235 0.07092907092907093 0.11482720178372352
0 0.8326673326673326 0.7402452619843924 0.06293706293706294 0.09141583054626533
0 0.9065934065934066 0.9141583054626533 0.07092907092907093 0.11148272017837235
0 0.9615384615384616 0.644927536231884 0.06493506493506493 0.09921962095875139
0 0.922077922077922 0.5373467112597548 0.07592407592407592 0.10479375696767002
0 0.8511488511488512 0.35841694537346713 0.061938061938061936 0.09698996655518395
0 0.8066933066933067 0.2525083612040134 0.06293706293706294 0.0858416945373467
