0 0.24066599394550958 0.2713178294573643 0.1099899091826438 0.09523809523809523
0 0.40716448032290614 0.06478405315614617 0.09788092835519677 0.08970099667774087
0 0.027749747729566093 0.5625692137320044 0.04944500504540868 0.06866002214839424
0 0.044399596367305755 0.6334440753045404 0.08476286579212916 0.07751937984496124
0 0.06861755802219979 0.7181616832779624 0.09687184661957618 0.08527131782945736
0 0.09384460141271443 0.7702104097452934 0.09889001009081735 0.07419712070874862
0 0.11150353178607467 0.8333333333333334 0.0958627648839556 0.09191583610188261
0 0.13471241170534815 0.8787375415282392 0.10191725529767912 0.08527131782945736
0 0.1579212916246216 0.9357696566998892 0.10191725529767912 0.08859357696567
0 0.18163471241170534 0.9667774086378738 0.1029263370332997 0.05537098560354374
0 0.2260343087790111 0.5476190476190477 0.08072653884964683 0.07198228128460686
0 0.24066599394550958 0.5991140642303433 0.08375378405650857 0.07308970099667775
0 0.27749747729566093 0.6384274640088593 0.09889001009081735 0.08084163898117387
0 0.29818365287588294 0.686046511627907 0.09384460141271443 0.08084163898117387
0 0.32593340060544906 0.743078626799557 0.07669021190716448 0.07751937984496124
0 0.34510595358224017 0.7962347729789591 0.08879919273461151 0.0753045404208195
0 0.363773965691221 0.853266888150609 0.08980827447023208 0.08084163898117387
0 0.3900100908173562 0.9091915836101883 0.08779011099899092 0.08194905869324474
0 0.4036326942482341 0.9612403100775194 0.08879919273461151 0.07087486157253599
0 0.3365287588294652 0.5083056478405316 0.09182643794147326 0.08637873754152824
0 0.37184661957618564 0.5741971207087486 0.09989909182643794 0.09191583610188261
0 0.3955600403632694 0.6339977851605758 0.09889001009081735 0.08970099667774087
0 0.4238143289606458 0.6805094130675526 0.07265388496468214 0.06976744186046512
0 0.450050454086781 0.7851605758582503 0.08879919273461151 0.07751937984496124
0 0.4656912209889001 0.8372093023255814 0.09384460141271443 0.08416389811738649
0 0.4919273461150353 0.8715393133997785 0.09989909182643794 0.07087486157253599
0 0.5105953582240161 0.9269102990033222 0.10494450050454086 0.08416389811738649
0 0.7522704339051464 0.9174972314507198 0.09182643794147326 0.08305647840531562
0 0.7386478304742684 0.8615725359911407 0.09889001009081735 0.08637873754152824
0 0.694752774974773 0.7812846068660022 0.10191725529767912 0.08527131782945736
0 0.6770938446014128 0.7253599114064231 0.08678102926337034 0.08194905869324474
0 0.6543895055499496 0.6661129568106312 0.08779011099899092 0.06976744186046512
0 0.6281533804238143 0.6096345514950167 0.10393541876892028 0.08084163898117387
0 0.5943491422805247 0.5448504983388704 0.09889001009081735 0.08416389811738649
0 0.5782038345105953 0.4717607973421927 0.07870837537840565 0.07751937984496124
0 0.5565085771947528 0.3992248062015504 0.10797174571140263 0.09191583610188261
0 0.5116044399596368 0.3433001107419712 0.08678102926337034 0.08194905869324474
0 0.48940464177598386 0.29457364341085274 0.09889001009081735 0.07751937984496124
0 0.4727547931382442 0.23311184939091917 0.0958627648839556 0.07419712070874862
0 0.4530776992936428 0.17220376522702105 0.08476286579212916 0.07419712070874862
0 0.6664984863773966 0.150609080841639 0.06962663975782038 0.09966777408637874
0 0.7300706357214934 0.2973421926910299 0.06357214934409687 0.09634551495016612
0 0.7815338042381433 0.43521594684385384 0.07164480322906155 0.10631229235880399
0 0.8557013118062563 0.6162790697674418 0.06861755802219979 0.10520487264673312
0 0.9041372351160444 0.7325581395348837 0.06458123107971746 0.09634551495016612
0 0.9747729566094854 0.5370985603543743 0.044399596367305755 0.12181616832779624
0 0.9187689202825429 0.3576965669988926 0.06760847628657922 0.09523809523809523
0 0.8728557013118062 0.2469545957918051 0.07669021190716448 0.10852713178294573
0 0.8022199798183652 0.0725359911406423 0.06659939455095863 0.10077519379844961
