0 0.8207171314741036 0.977997799779978 0.055776892430278883 0.039603960396039604
0 0.7883466135458167 0.9218921892189219 0.05079681274900399 0.0638063806380638
0 0.7559760956175299 0.8173817381738174 0.05179282868525897 0.0968096809680968
0 0.7096613545816733 0.7035203520352035 0.06274900398406374 0.06050605060506051
0 0.7016932270916335 0.6490649064906491 0.08665338645418327 0.061606160616061605
0 0.5522908366533864 0.8822882288228823 0.08864541832669323 0.041804180418041806
0 0.5318725099601593 0.8393839383938394 0.09163346613545817 0.0594059405940594
0 0.5209163346613546 0.7651265126512651 0.10358565737051793 0.07590759075907591
0 0.6887450199203188 0.581958195819582 0.08665338645418327 0.066006600660066
0 0.4706175298804781 0.6386138613861386 0.09063745019920319 0.0517051705170517
0 0.44621513944223107 0.5775577557755776 0.10159362549800798 0.07920792079207921
0 0.4153386454183267 0.5159515951595159 0.09561752988047809 0.0748074807480748
0 0.39193227091633465 0.45489548954895487 0.0946215139442231 0.06050605060506051
0 0.6593625498007968 0.4944994499449945 0.07370517928286853 0.06930693069306931
0 0.3705179282868526 0.40264026402640263 0.08167330677290836 0.066006600660066
0 0.5582669322709163 0.27667766776677666 0.06872509960159362 0.07150715071507151
0 0.5587649402390438 0.21837183718371836 0.08167330677290836 0.07150715071507151
0 0.29282868525896416 0.19856985698569857 0.09163346613545817 0.0539053905390539
0 0.30378486055776893 0.2568756875687569 0.07370517928286853 0.047304730473047306
0 0.6319721115537849 0.4213421342134213 0.08864541832669323 0.066006600660066
0 0.3510956175298805 0.36083608360836084 0.09860557768924302 0.066006600660066
0 0.5483067729083665 0.16226622662266227 0.10657370517928287 0.07590759075907591
