0 0.011892963330029732 0.21822272215973004 0.023785926660059464 0.06974128233970754
0 0.037165510406342916 0.2874015748031496 0.07036669970267592 0.10911136107986502
0 0.08325074331020813 0.3813273340832396 0.0753221010901883 0.09448818897637795
0 0.13924677898909812 0.48537682789651293 0.07234886025768088 0.09561304836895389
0 0.2051536174430129 0.6006749156355455 0.07135777998017839 0.10573678290213723
0 0.18037661050545095 0.17097862767154107 0.09910802775024777 0.10573678290213723
0 0.20069375619425173 0.22272215973003376 0.06838453914767097 0.07874015748031496
0 0.22299306243805747 0.266029246344207 0.07730426164519326 0.07536557930258718
0 0.2527254707631318 0.3172103487064117 0.08721506442021804 0.08773903262092239
0 0.29633300297324083 0.3948256467941507 0.08721506442021804 0.08548931383577053
0 0.3250743310208127 0.4364454443194601 0.0753221010901883 0.0719910011248594
0 0.3434093161546085 0.48087739032620924 0.09018830525272548 0.09561304836895389
0 0.3612487611496531 0.5286839145106862 0.0802775024777007 0.07874015748031496
0 0.41427155599603566 0.6158605174353206 0.08126858275520317 0.07536557930258718
0 0.4321110009910803 0.6653543307086615 0.09910802775024777 0.08886389201349831
0 0.4613478691774034 0.7041619797525309 0.08820614469772052 0.06974128233970754
0 0.4905847373637265 0.7446569178852643 0.08523290386521308 0.0764904386951631
0 0.5133795837462835 0.8301462317210349 0.06937561942517344 0.06524184476940383
0 0.5470763131813677 0.8757030371203599 0.08919722497522299 0.08211473565804274
0 0.568384539147671 0.9184476940382452 0.08424182358771061 0.0843644544431946
0 0.6090188305252725 0.9499437570303711 0.05847373637264618 0.06186726659167604
0 0.8047571853320119 0.20022497187851518 0.08126858275520317 0.08323959505061868
0 0.7631318136769079 0.12092238470191226 0.08721506442021804 0.08886389201349831
0 0.1352824578790882 0.09561304836895389 0.07631318136769079 0.08323959505061868
0 0.10901883052527254 0.045556805399325086 0.07730426164519326 0.07536557930258718
0 0.08126858275520317 0.025871766029246346 0.08919722497522299 0.049493813273340834
