0 0.14164648910411623 0.1625 0.021791767554479417 0.058333333333333334
0 0.25786924939467315 0.14166666666666666 0.021791767554479417 0.05555555555555555
0 0.288135593220339 0.1375 0.024213075060532687 0.058333333333333334
0 0.21912832929782083 0.2902777777777778 0.05084745762711865 0.030555555555555555
0 0.22639225181598063 0.32083333333333336 0.05569007263922518 0.03611111111111111
0 0.22760290556900725 0.3541666666666667 0.043583535108958835 0.030555555555555555
0 0.2360774818401937 0.3958333333333333 0.04116222760290557 0.025
0 0.32566585956416466 0.32083333333333336 0.05084745762711865 0.03611111111111111
0 0.3365617433414044 0.35555555555555557 0.043583535108958835 0.03333333333333333
0 0.3728813559322034 0.3597222222222222 0.024213075060532687 0.04722222222222222
0 0.4915254237288136 0.34305555555555556 0.024213075060532687 0.05277777777777778
0 0.6210653753026635 0.3277777777777778 0.031476997578692496 0.06111111111111111
0 0.6755447941888619 0.33055555555555555 0.024213075060532687 0.06111111111111111
0 0.6997578692493946 0.33194444444444443 0.024213075060532687 0.058333333333333334
0 0.7215496368038741 0.3236111111111111 0.01937046004842615 0.05277777777777778
0 0.7421307506053268 0.32222222222222224 0.021791767554479417 0.05555555555555555
0 0.8389830508474576 0.3194444444444444 0.026634382566585957 0.06666666666666667
0 0.9891041162227603 0.31805555555555554 0.01694915254237288 0.04722222222222222
0 0.4745762711864407 0.9583333333333334 0.03389830508474576 0.05555555555555555
