0 0.1253838280450358 0.06492785793562708 0.10542476970317298 0.06548279689234185
0 0.10542476970317298 0.13041065482796893 0.12487205731832139 0.06992230854605994
0 0.12384851586489252 0.20643729189789123 0.1105424769703173 0.05549389567147614
0 0.14841351074718526 0.3507214206437292 0.11463664278403275 0.06659267480577137
0 0.18781985670419651 0.4328523862375139 0.10337768679631525 0.09544950055493896
0 0.24974411463664278 0.46448390677025525 0.07164790174002048 0.1120976692563818
0 0.32139201637666326 0.4611542730299667 0.06550665301944729 0.10099889012208657
0 0.38689866939611056 0.43951165371809103 0.04912998976458546 0.10432852386237514
0 0.4518935516888434 0.39234184239733627 0.04605936540429888 0.08990011098779134
0 0.7952917093142272 0.28634850166481685 0.07983623336745138 0.09100998890122086
0 0.8628454452405322 0.23196448390677027 0.09211873080859775 0.10432852386237514
0 0.9708290685772774 0.14705882352941177 0.052200614124872056 0.09877913429522753
0 0.9314227226202662 0.4339622641509434 0.08802456499488229 0.10432852386237514
0 0.9273285568065507 0.5416204217536071 0.06141248720573183 0.05549389567147614
0 0.8771750255885363 0.6043285238623751 0.0593654042988741 0.11431742508324085
0 0.8464687819856704 0.6342952275249722 0.08802456499488229 0.1076581576026637
0 0.8055271238485159 0.6781354051054383 0.06960081883316274 0.09100998890122086
0 0.763050153531218 0.6997780244173141 0.0849539406345957 0.10987791342952276
0 0.6238485158648925 0.8002219755826859 0.07062436028659161 0.08657047724750278
0 0.5916069600818833 0.8385127635960045 0.07164790174002048 0.09211986681465038
0 0.5557830092118731 0.865149833518313 0.06755373592630501 0.08990011098779134
0 0.9667349027635619 0.8174250832408435 0.06038894575230297 0.10099889012208657
0 0.9416581371545547 0.8501664816870145 0.08188331627430911 0.09988901220865705
0 0.901740020470829 0.8779134295227525 0.08802456499488229 0.0932297447280799
0 0.8034800409416581 0.9228634850166482 0.09825997952917093 0.08990011098779134
0 0.6949846468781986 0.9783573806881243 0.07574206755373593 0.038845726970033294
0 0.3546571136131013 0.9750277469478358 0.07062436028659161 0.04328523862375139
0 0.5046059365404298 0.8879023307436182 0.07164790174002048 0.08213096559378469
