0 0.9154302670623146 0.041019955654102 0.09990108803165183 0.07760532150776053
0 0.8852621167161226 0.08980044345898004 0.09693372898120672 0.082039911308204
0 0.8684470820969338 0.14356984478935697 0.10089020771513353 0.07649667405764966
0 0.854104846686449 0.19401330376940132 0.10979228486646884 0.08425720620842572
0 0.8372898120672602 0.2522172949002217 0.09396636993076163 0.07427937915742794
0 0.8026706231454006 0.36529933481152993 0.10979228486646884 0.08980044345898004
0 0.7453016815034619 0.4007760532150776 0.10187932739861523 0.07649667405764966
0 0.688921859545005 0.3165188470066519 0.10187932739861523 0.08093126385809313
0 0.7205736894164194 0.20676274944567627 0.09594460929772503 0.07649667405764966
0 0.7502472799208705 0.1541019955654102 0.09000989119683482 0.07095343680709534
0 0.7645895153313551 0.09035476718403547 0.10682492581602374 0.08758314855875832
0 0.7883283877349159 0.04711751662971175 0.10286844708209693 0.0787139689578714
0 0.8165182987141444 0.01607538802660754 0.09198813056379822 0.02993348115299335
0 0.5504451038575667 0.046008869179600884 0.10385756676557864 0.07649667405764966
0 0.5291790306627102 0.10033259423503325 0.10484668644906034 0.08536585365853659
0 0.48911968348170126 0.2123059866962306 0.09594460929772503 0.08093126385809313
0 0.9861523244312562 0.3215077605321508 0.02373887240356083 0.05543237250554324
0 0.9826904055390703 0.380820399113082 0.03066271018793274 0.058758314855875834
0 0.9737883283877349 0.4362527716186253 0.04648862512363996 0.06541019955654102
0 0.9910979228486647 0.5099778270509978 0.013847675568743818 0.050997782705099776
0 0.4559841740850643 0.3420177383592018 0.09891196834817013 0.07649667405764966
0 0.42631058358061324 0.39079822616407983 0.09495548961424333 0.07427937915742794
0 0.410484668644906 0.4495565410199557 0.10089020771513353 0.06984478935698447
0 0.39119683481701284 0.503880266075388 0.09198813056379822 0.08093126385809313
0 0.3714144411473788 0.5570953436807096 0.10781404549950543 0.0787139689578714
0 0.20474777448071216 0.5543237250554324 0.11473788328387735 0.08869179600886919
0 0.34520276953511375 0.614190687361419 0.09693372898120672 0.07538802660753881
0 0.17804154302670624 0.7688470066518847 0.06330365974282888 0.08093126385809313
0 0.22255192878338279 0.8076496674057649 0.043521266073194856 0.07649667405764966
0 0.26904055390702275 0.8292682926829268 0.06528189910979229 0.11751662971175167
0 0.3155291790306627 0.8386917960088692 0.06132542037586548 0.1164079822616408
0 0.3659742828882295 0.8531042128603105 0.05934718100890208 0.0942350332594235
0 0.41641938674579626 0.8630820399113082 0.05539070227497527 0.07649667405764966
0 0.4638971315529179 0.9013303769401331 0.06330365974282888 0.08869179600886919
0 0.5108803165182987 0.917960088691796 0.04846686449060336 0.09534368070953436
0 0.5553907022749752 0.9362527716186253 0.058358061325420374 0.09645232815964523
0 0.6122650840751731 0.9390243902439024 0.06330365974282888 0.10643015521064302
0 0.6636993076162215 0.9611973392461197 0.057368941641938676 0.06873614190687362
0 0.7428288822947576 0.9745011086474501 0.05341246290801187 0.04656319290465632
0 0.579624134520277 0.5388026607538803 0.06528189910979229 0.10421286031042129
0 0.5454995054401582 0.656319290465632 0.058358061325420374 0.10864745011086474
0 0.5964391691394659 0.6762749445676275 0.06330365974282888 0.11751662971175167
0 0.6785361028684471 0.5975609756097561 0.0712166172106825 0.12195121951219512
0 0.6444114737883284 0.6978935698447893 0.058358061325420374 0.10753880266075388
0 0.6913946587537092 0.7239467849223947 0.06330365974282888 0.10864745011086474
0 0.7304648862512364 0.6119733924611973 0.06627101879327399 0.11529933481152993
0 0.7789317507418397 0.63470066518847 0.06231454005934718 0.11197339246119734
0 0.744807121661721 0.7400221729490022 0.057368941641938676 0.09645232815964523
0 0.8269040553907022 0.6491130820399114 0.06132542037586548 0.0942350332594235
0 0.7893175074183977 0.7555432372505543 0.06132542037586548 0.10310421286031042
0 0.8773491592482691 0.6696230598669624 0.06726013847675569 0.11529933481152993
0 0.8338278931750742 0.7876940133037694 0.06528189910979229 0.12305986696230599
0 0.9307616221562809 0.8386917960088692 0.06726013847675569 0.11197339246119734
0 0.9169139465875371 0.7056541019955654 0.06330365974282888 0.11197339246119734
0 0.9658753709198813 0.7228381374722838 0.06429277942631058 0.11751662971175167
0 0.9752720079129574 0.852549889135255 0.04549950544015826 0.08425720620842572
