0 0.6571729957805907 0.13240418118466898 0.03164556962025317 0.07665505226480836
0 0.3755274261603376 0.6254355400696864 0.04219409282700422 0.04529616724738676
0 0.5 0.5696864111498258 0.0379746835443038 0.04529616724738676
0 0.26371308016877637 0.759581881533101 0.02531645569620253 0.08362369337979095
0 0.3860759493670886 0.7421602787456446 0.0379746835443038 0.041811846689895474
0 0.5137130801687764 0.6289198606271778 0.04852320675105485 0.05226480836236934
0 0.31329113924050633 0.8972125435540069 0.04852320675105485 0.05226480836236934
0 0.32383966244725737 0.9668989547038328 0.04008438818565401 0.03832752613240418
0 0.41561181434599154 0.9128919860627178 0.029535864978902954 0.07665505226480836
0 0.43670886075949367 0.9041811846689896 0.02531645569620253 0.07317073170731707
0 0.4588607594936709 0.8867595818815331 0.03164556962025317 0.08710801393728224
0 0.5727848101265823 0.8745644599303136 0.027426160337552744 0.07665505226480836
0 0.5981012658227848 0.867595818815331 0.027426160337552744 0.08362369337979095
0 0.620253164556962 0.8571428571428571 0.029535864978902954 0.09059233449477352
0 0.6424050632911392 0.8484320557491289 0.027426160337552744 0.08710801393728224
