0 0.11938202247191011 0.7414634146341463 0.0702247191011236 0.07804878048780488
0 0.09410112359550561 0.35365853658536583 0.06460674157303371 0.06341463414634146
0 0.033707865168539325 0.041463414634146344 0.06741573033707865 0.07317073170731707
0 0.0351123595505618 0.10975609756097561 0.06460674157303371 0.06341463414634146
0 0.056179775280898875 0.1902439024390244 0.06741573033707865 0.06829268292682927
0 0.1601123595505618 0.08536585365853659 0.0449438202247191 0.12195121951219512
0 0.18679775280898878 0.2 0.047752808988764044 0.11707317073170732
0 0.21207865168539325 0.3048780487804878 0.042134831460674156 0.11219512195121951
0 0.3258426966292135 0.1 0.05056179775280899 0.11219512195121951
0 0.3862359550561798 0.32926829268292684 0.042134831460674156 0.1024390243902439
0 0.8089887640449438 0.14146341463414633 0.0449438202247191 0.1073170731707317
0 0.7823033707865169 0.18292682926829268 0.047752808988764044 0.11219512195121951
0 0.7401685393258427 0.20243902439024392 0.047752808988764044 0.12195121951219512
0 0.7064606741573034 0.21951219512195122 0.047752808988764044 0.11707317073170732
0 0.6699438202247191 0.24878048780487805 0.047752808988764044 0.12682926829268293
0 0.6348314606741573 0.275609756097561 0.0449438202247191 0.12195121951219512
