0 0.17258883248730963 0.16463414634146342 0.06091370558375635 0.052845528455284556
0 0.5469543147208121 0.2926829268292683 0.06345177664974619 0.04878048780487805
0 0.5647208121827412 0.5548780487804879 0.0583756345177665 0.044715447154471545
0 0.5901015228426396 0.8130081300813008 0.06345177664974619 0.04878048780487805
0 0.6763959390862944 0.9817073170731707 0.06345177664974619 0.028455284552845527
0 0.6560913705583756 0.7926829268292683 0.0583756345177665 0.056910569105691054
0 0.6421319796954315 0.6463414634146342 0.06598984771573604 0.056910569105691054
0 0.7639593908629442 0.30284552845528456 0.06091370558375635 0.06097560975609756
0 0.8261421319796954 0.23577235772357724 0.0583756345177665 0.04878048780487805
0 0.8312182741116751 0.2926829268292683 0.06852791878172589 0.06504065040650407
0 0.7855329949238579 0.5487804878048781 0.048223350253807105 0.056910569105691054
0 0.8477157360406091 0.556910569105691 0.07614213197969544 0.056910569105691054
0 0.8578680203045685 0.6036585365853658 0.07106598984771574 0.052845528455284556
0 0.866751269035533 0.6951219512195121 0.06345177664974619 0.056910569105691054
0 0.8020304568527918 0.7073170731707317 0.05583756345177665 0.056910569105691054
0 0.868020304568528 0.7520325203252033 0.06091370558375635 0.056910569105691054
0 0.8845177664974619 0.8495934959349594 0.06345177664974619 0.056910569105691054
0 0.8210659898477157 0.8678861788617886 0.06345177664974619 0.052845528455284556
0 0.8870558375634517 0.9471544715447154 0.06345177664974619 0.056910569105691054
0 0.8210659898477157 0.9634146341463414 0.06345177664974619 0.06504065040650407
