0 0.7599403578528827 0.01835372636262514 0.05467196819085487 0.03225806451612903
0 0.5909542743538767 0.13181312569521692 0.07654075546719682 0.12569521690767518
0 0.6853876739562624 0.3303670745272525 0.07256461232604373 0.10233592880978866
0 0.5780318091451292 0.30589543937708563 0.07654075546719682 0.10456062291434928
0 0.5313121272365805 0.26529477196885426 0.07455268389662027 0.09010011123470522
0 0.4826043737574553 0.228587319243604 0.07256461232604373 0.10789766407119021
0 0.43737574552683894 0.20244716351501668 0.06958250497017893 0.1067853170189099
0 0.3836978131212724 0.18298109010011124 0.07554671968190854 0.12124582869855395
0 0.3414512922465209 0.1507230255839822 0.0705765407554672 0.1167964404894327
0 0.2922465208747515 0.13125695216907676 0.06958250497017893 0.11568409343715239
0 0.23359840954274355 0.10011123470522804 0.0775347912524851 0.12013348164627363
0 0.1794234592445328 0.07007786429365963 0.08250497017892644 0.13348164627363737
0 0.5462226640159046 0.7191323692992213 0.0805168986083499 0.1167964404894327
0 0.4955268389662028 0.6863181312569522 0.08250497017892644 0.11345939933259176
0 0.4438369781312127 0.6601779755283649 0.07654075546719682 0.11457174638487208
0 0.3956262425447316 0.6290322580645161 0.0775347912524851 0.09899888765294772
0 0.3503976143141153 0.6028921023359288 0.06660039761431412 0.10233592880978866
0 0.29870775347912526 0.5717463848720801 0.07256461232604373 0.09566184649610679
0 0.23061630218687873 0.5344827586206896 0.08946322067594434 0.10789766407119021
0 0.17395626242544732 0.4860956618464961 0.06759443339960239 0.0867630700778643
0 0.0268389662027833 0.796440489432703 0.04970178926441352 0.11345939933259176
0 0.08250497017892644 0.835928809788654 0.0536779324055666 0.09454949944382647
0 0.1441351888667992 0.8670745272525028 0.04572564612326044 0.10344827586206896
0 0.1988071570576541 0.8937708565072302 0.055666003976143144 0.10567296996662959
0 0.25497017892644136 0.9276974416017798 0.05666003976143141 0.10456062291434928
0 0.3121272365805169 0.9510567296996663 0.05168986083499006 0.09343715239154617
0 0.3742544731610338 0.9699666295884316 0.05467196819085487 0.05339265850945495
