0 0.929070929070929 0.8094194961664841 0.0959040959040959 0.08981380065717415
0 0.7267732267732268 0.7864184008762322 0.07892107892107893 0.07886089813800658
0 0.7047952047952047 0.7376779846659365 0.07692307692307693 0.0755750273822563
0 0.6893106893106893 0.6889375684556407 0.08591408591408592 0.0832420591456736
0 0.6513486513486514 0.6347207009857613 0.0959040959040959 0.07995618838992333
0 0.6318681318681318 0.5854326396495071 0.0989010989010989 0.0887185104052574
0 0.6078921078921079 0.5257393209200438 0.0969030969030969 0.08762322015334063
0 0.5774225774225774 0.4715224534501643 0.0959040959040959 0.08433734939759036
0 0.5559440559440559 0.41566265060240964 0.1028971028971029 0.0887185104052574
0 0.5484515484515484 0.35870755750273825 0.08391608391608392 0.06462212486308871
0 0.527972027972028 0.30558598028477546 0.08891108891108891 0.07447973713033954
0 0.4885114885114885 0.23329682365826945 0.0979020979020979 0.08105147864184009
0 0.46653346653346656 0.18127053669222343 0.0939060939060939 0.08214676889375684
0 0.4485514485514486 0.11938663745892661 0.08391608391608392 0.07228915662650602
0 0.4125874125874126 0.033406352683461114 0.0959040959040959 0.060240963855421686
0 0.13886113886113885 0.024096385542168676 0.08791208791208792 0.04819277108433735
0 0.16183816183816183 0.06462212486308871 0.0939060939060939 0.07228915662650602
0 0.2032967032967033 0.15498357064622126 0.08691308691308691 0.07995618838992333
0 0.2242757242757243 0.20536692223439212 0.09090909090909091 0.0755750273822563
0 0.24925074925074925 0.2552026286966046 0.08691308691308691 0.08105147864184009
0 0.508991008991009 0.927710843373494 0.1028971028971029 0.08762322015334063
0 0.476023976023976 0.8225629791894852 0.0969030969030969 0.07886089813800658
0 0.4500499500499501 0.767250821467689 0.09090909090909091 0.0887185104052574
0 0.44255744255744256 0.7015334063526835 0.1018981018981019 0.0755750273822563
0 0.40559440559440557 0.6621029572836802 0.0939060939060939 0.0755750273822563
0 0.3791208791208791 0.6046002190580504 0.1068931068931069 0.09200438116100766
0 0.3761238761238761 0.5503833515881709 0.08091908091908091 0.0755750273822563
0 0.35514485514485516 0.5 0.0989010989010989 0.07776560788608981
0 0.3256743256743257 0.45180722891566266 0.1018981018981019 0.07338444687842278
0 0.2712287712287712 0.29901423877327493 0.08291708291708291 0.0832420591456736
