0 0.6999012833168805 0.08944444444444444 0.06910167818361303 0.09222222222222222
0 0.6692991115498519 0.12833333333333333 0.06712734452122408 0.10333333333333333
0 0.6268509378084897 0.15555555555555556 0.06712734452122408 0.1
0 0.4886475814412636 0.16333333333333333 0.05133267522211254 0.09333333333333334
0 0.12142152023692004 0.5372222222222223 0.05330700888450148 0.05
0 0.4940769990128332 0.7316666666666667 0.10365251727541955 0.06111111111111111
0 0.491609081934847 0.7933333333333333 0.0947680157946693 0.05333333333333334
0 0.5004935834155972 0.8988888888888888 0.0769990128331688 0.05555555555555555
0 0.5039486673247778 0.9622222222222222 0.09772951628825272 0.06222222222222222
0 0.28232971372161897 0.7566666666666667 0.09674234945705824 0.051111111111111114
0 0.2734452122408687 0.8694444444444445 0.0947680157946693 0.056666666666666664
0 0.29516288252714706 0.9766666666666667 0.08884501480750247 0.042222222222222223
0 0.1194471865745311 0.9244444444444444 0.10463968410661402 0.06888888888888889
0 0.10365251727541955 0.9738888888888889 0.06120434353405726 0.04777777777777778
0 0.12981243830207306 0.8094444444444444 0.06614017769002961 0.056666666666666664
