0 0.47270471464019853 0.0297029702970297 0.052109181141439205 0.0594059405940594
0 0.5545905707196029 0.036303630363036306 0.052109181141439205 0.07260726072607261
0 0.6761786600496278 0.10396039603960396 0.04218362282878412 0.06930693069306931
0 0.7518610421836228 0.18646864686468648 0.04962779156327544 0.07590759075907591
0 0.7903225806451613 0.22772277227722773 0.02729528535980149 0.07920792079207921
0 0.652605459057072 0.1551155115511551 0.04466501240694789 0.066006600660066
0 0.6836228287841191 0.17986798679867988 0.05707196029776675 0.06930693069306931
0 0.7022332506203474 0.21122112211221122 0.04466501240694789 0.066006600660066
0 0.7270471464019851 0.24257425742574257 0.04466501240694789 0.06930693069306931
0 0.5521091811414393 0.23102310231023102 0.05707196029776675 0.07920792079207921
0 0.44044665012406947 0.22607260726072606 0.04218362282878412 0.0627062706270627
0 0.5024813895781638 0.297029702970297 0.04218362282878412 0.0594059405940594
0 0.5297766749379652 0.33663366336633666 0.03225806451612903 0.0594059405940594
0 0.5905707196029777 0.2838283828382838 0.034739454094292806 0.0594059405940594
0 0.6650124069478908 0.37293729372937295 0.04466501240694789 0.0594059405940594
0 0.7009925558312655 0.4158415841584158 0.04218362282878412 0.066006600660066
0 0.7245657568238213 0.4405940594059406 0.04466501240694789 0.06930693069306931
0 0.7655086848635235 0.47854785478547857 0.04218362282878412 0.066006600660066
0 0.6823821339950372 0.5066006600660066 0.03970223325062035 0.06930693069306931
0 0.37220843672456577 0.3481848184818482 0.04962779156327544 0.07590759075907591
0 0.4119106699751861 0.37623762376237624 0.03970223325062035 0.066006600660066
0 0.4739454094292804 0.45544554455445546 0.04962779156327544 0.07260726072607261
0 0.49379652605459057 0.48514851485148514 0.04962779156327544 0.07260726072607261
0 0.532258064516129 0.5313531353135313 0.04714640198511166 0.07260726072607261
0 0.5545905707196029 0.5511551155115512 0.04218362282878412 0.066006600660066
0 0.6066997518610422 0.6122112211221122 0.04218362282878412 0.06930693069306931
0 0.6290322580645161 0.6336633663366337 0.03722084367245657 0.066006600660066
0 0.6464019851116626 0.6584158415841584 0.03722084367245657 0.0627062706270627
0 0.8672456575682382 0.4933993399339934 0.022332506203473945 0.07590759075907591
0 0.9218362282878412 0.5198019801980198 0.02729528535980149 0.04950495049504951
0 0.6625310173697271 0.47854785478547857 0.03970223325062035 0.0594059405940594
0 0.6401985111662531 0.4537953795379538 0.03970223325062035 0.056105610561056105
0 0.6228287841191067 0.4306930693069307 0.04466501240694789 0.0627062706270627
0 0.39081885856079407 0.4752475247524752 0.04218362282878412 0.052805280528052806
0 0.4813895781637717 0.5874587458745875 0.03970223325062035 0.0594059405940594
0 0.5074441687344913 0.6122112211221122 0.03722084367245657 0.056105610561056105
0 0.5483870967741935 0.6567656765676567 0.03970223325062035 0.0594059405940594
0 0.5781637717121588 0.6947194719471947 0.03970223325062035 0.0627062706270627
0 0.32754342431761785 0.5132013201320133 0.02977667493796526 0.06930693069306931
0 0.31141439205955335 0.5825082508250825 0.04714640198511166 0.06930693069306931
0 0.3746898263027295 0.6518151815181518 0.04962779156327544 0.06930693069306931
0 0.5062034739454094 0.8118811881188119 0.04466501240694789 0.07920792079207921
0 0.5310173697270472 0.8366336633663366 0.04962779156327544 0.07590759075907591
0 0.5508684863523573 0.8646864686468647 0.04466501240694789 0.07260726072607261
