0 0.21468926553672316 0.1455223880597015 0.047080979284369114 0.10980810234541578
0 0.20998116760828625 0.2771855010660981 0.04331450094161959 0.10660980810234541
0 0.2080979284369115 0.40031982942430705 0.04896421845574388 0.10767590618336886
0 0.2024482109227872 0.5277185501066098 0.047080979284369114 0.1044776119402985
0 0.19821092278719396 0.6305970149253731 0.038606403013182675 0.05223880597014925
0 0.1902071563088512 0.8502132196162047 0.04896421845574388 0.06929637526652452
0 0.4105461393596987 0.5772921108742004 0.1016949152542373 0.060767590618336885
0 0.6148775894538606 0.8166311300639659 0.04143126177024482 0.10660980810234541
0 0.6690207156308852 0.8097014925373134 0.044256120527306965 0.1140724946695096
0 0.8912429378531074 0.5836886993603412 0.09322033898305085 0.04797441364605544
0 0.975517890772128 0.5852878464818764 0.03954802259887006 0.04477611940298507
