0 0.021739130434782608 0.8075601374570447 0.033816425120772944 0.08247422680412371
0 0.05314009661835749 0.8075601374570447 0.028985507246376812 0.08934707903780069
0 0.28140096618357485 0.8333333333333334 0.05555555555555555 0.044673539518900345
0 0.2826086956521739 0.7903780068728522 0.04830917874396135 0.048109965635738834
0 0.2246376811594203 0.802405498281787 0.06280193236714976 0.05154639175257732
0 0.2753623188405797 0.7439862542955327 0.05314009661835749 0.058419243986254296
0 0.20531400966183574 0.7199312714776632 0.05314009661835749 0.037800687285223365
0 0.20531400966183574 0.6752577319587629 0.05314009661835749 0.044673539518900345
0 0.26811594202898553 0.6632302405498282 0.04830917874396135 0.041237113402061855
0 0.26207729468599034 0.5979381443298969 0.06038647342995169 0.048109965635738834
0 0.2584541062801932 0.5446735395189003 0.057971014492753624 0.044673539518900345
0 0.2041062801932367 0.5154639175257731 0.05555555555555555 0.048109965635738834
0 0.24396135265700483 0.4209621993127148 0.05314009661835749 0.044673539518900345
0 0.18357487922705315 0.36082474226804123 0.057971014492753624 0.048109965635738834
0 0.178743961352657 0.2852233676975945 0.06280193236714976 0.048109965635738834
0 0.392512077294686 0.3470790378006873 0.06521739130434782 0.048109965635738834
0 0.392512077294686 0.41924398625429554 0.06038647342995169 0.041237113402061855
0 0.4855072463768116 0.33505154639175255 0.024154589371980676 0.05154639175257732
0 0.4939613526570048 0.4639175257731959 0.03140096618357488 0.09621993127147767
0 0.5205314009661836 0.2663230240549828 0.036231884057971016 0.0859106529209622
0 0.8007246376811594 0.5343642611683849 0.04106280193236715 0.09278350515463918
0 0.8586956521739131 0.5257731958762887 0.036231884057971016 0.08934707903780069
0 0.8357487922705314 0.2508591065292096 0.03864734299516908 0.08934707903780069
0 0.9070048309178744 0.2268041237113402 0.036231884057971016 0.08247422680412371
0 0.9432367149758454 0.21649484536082475 0.03140096618357488 0.08934707903780069
