0 0.7534722222222222 0.04431072210065645 0.07242063492063493 0.08424507658643327
0 0.7961309523809523 0.13840262582056892 0.06845238095238096 0.10831509846827134
0 0.9365079365079365 0.0787746170678337 0.06547619047619048 0.10284463894967177
0 0.8660714285714286 0.31181619256017507 0.07142857142857142 0.1050328227571116
0 0.9151785714285714 0.43161925601750545 0.05257936507936508 0.09956236323851203
0 0.6225198412698413 0.23194748358862144 0.0744047619047619 0.0700218818380744
0 0.6825396825396826 0.38840262582056895 0.07341269841269842 0.0700218818380744
0 0.7172619047619048 0.4666301969365427 0.08134920634920635 0.06892778993435449
0 0.7400793650793651 0.5180525164113785 0.07539682539682539 0.06236323851203501
0 0.783234126984127 0.612691466083151 0.08630952380952381 0.08315098468271334
0 0.40575396825396826 0.2828227571115974 0.09325396825396826 0.08205689277899343
0 0.4260912698412698 0.33533916849015316 0.0882936507936508 0.07549234135667396
0 0.5262896825396826 0.5596280087527352 0.07837301587301587 0.08424507658643327
0 0.4722222222222222 0.4217724288840263 0.09523809523809523 0.07986870897155361
0 0.5386904761904762 0.6137855579868708 0.08333333333333333 0.08096280087527352
0 0.5610119047619048 0.6602844638949672 0.0763888888888889 0.07768052516411379
0 0.35813492063492064 0.42286652078774617 0.10119047619047619 0.07768052516411379
0 0.3814484126984127 0.4726477024070022 0.09027777777777778 0.08096280087527352
0 0.4459325396825397 0.6630196936542669 0.08432539682539683 0.0787746170678337
0 0.47470238095238093 0.7117067833698031 0.09623015873015874 0.08205689277899343
0 0.15922619047619047 0.5251641137855579 0.08035714285714286 0.07439824945295405
0 0.17162698412698413 0.5782275711159738 0.08134920634920635 0.06455142231947483
0 0.20337301587301587 0.62472647702407 0.10317460317460317 0.08096280087527352
0 0.2296626984126984 0.6788840262582057 0.08630952380952381 0.08643326039387308
0 0.26240079365079366 0.7510940919037199 0.08035714285714286 0.07549234135667396
0 0.28075396825396826 0.811816192560175 0.09126984126984126 0.08096280087527352
0 0.3100198412698413 0.8561269146608315 0.07043650793650794 0.06892778993435449
