0 0.5498721227621484 0.8494623655913979 0.07161125319693094 0.08602150537634409
0 0.37084398976982097 0.9301075268817204 0.056265984654731455 0.1039426523297491
0 0.612531969309463 0.7491039426523297 0.058823529411764705 0.05734767025089606
0 0.45524296675191817 0.6666666666666666 0.05115089514066496 0.08602150537634409
0 0.3414322250639386 0.6415770609318996 0.05370843989769821 0.08602150537634409
0 0.2864450127877238 0.6182795698924731 0.061381074168797956 0.0967741935483871
0 0.30051150895140666 0.514336917562724 0.058823529411764705 0.08960573476702509
0 0.33631713554987214 0.28136200716845877 0.04859335038363171 0.08243727598566308
0 0.3938618925831202 0.23835125448028674 0.05115089514066496 0.08960573476702509
0 0.5959079283887468 0.06272401433691756 0.06649616368286446 0.07526881720430108
0 0.6138107416879796 0.14336917562724014 0.08184143222506395 0.07885304659498207
0 0.6483375959079284 0.2114695340501792 0.0741687979539642 0.06451612903225806
0 0.6713554987212276 0.2670250896057348 0.058823529411764705 0.08243727598566308
