0 0.38926174496644295 0.09644670050761421 0.040268456375838924 0.10152284263959391
0 0.4211409395973154 0.116751269035533 0.0436241610738255 0.09137055837563451
0 0.5453020134228188 0.19289340101522842 0.0436241610738255 0.10152284263959391
0 0.6661073825503355 0.26649746192893403 0.0436241610738255 0.08629441624365482
0 0.9144295302013423 0.43908629441624364 0.050335570469798654 0.09644670050761421
0 0.9630872483221476 0.46446700507614214 0.04697986577181208 0.1065989847715736
0 0.7885906040268457 0.6446700507614214 0.06040268456375839 0.1218274111675127
0 0.5906040268456376 0.5304568527918782 0.040268456375838924 0.116751269035533
0 0.4446308724832215 0.4263959390862944 0.0436241610738255 0.10152284263959391
0 0.3808724832214765 0.383248730964467 0.0436241610738255 0.08629441624365482
0 0.3187919463087248 0.32741116751269034 0.04697986577181208 0.05583756345177665
0 0.08053691275167785 0.46954314720812185 0.04697986577181208 0.1065989847715736
0 0.7248322147651006 0.883248730964467 0.053691275167785234 0.1116751269035533
0 0.6308724832214765 0.949238578680203 0.053691275167785234 0.09137055837563451
0 0.662751677852349 0.9619289340101523 0.0436241610738255 0.06598984771573604
0 0.5738255033557047 0.9238578680203046 0.04697986577181208 0.10152284263959391
0 0.535234899328859 0.9086294416243654 0.05704697986577181 0.10152284263959391
0 0.4983221476510067 0.8730964467005076 0.0436241610738255 0.08121827411167512
0 0.436241610738255 0.8375634517766497 0.04697986577181208 0.10152284263959391
0 0.37919463087248323 0.8045685279187818 0.04697986577181208 0.09644670050761421
0 0.34395973154362414 0.7868020304568528 0.050335570469798654 0.10152284263959391
0 0.31543624161073824 0.7639593908629442 0.053691275167785234 0.1065989847715736
0 0.2802013422818792 0.7385786802030457 0.0436241610738255 0.08629441624365482
0 0.15268456375838926 0.5228426395939086 0.05704697986577181 0.1218274111675127
0 0.12416107382550336 0.6370558375634517 0.053691275167785234 0.1065989847715736
0 0.18456375838926176 0.682741116751269 0.04697986577181208 0.09644670050761421
0 0.2197986577181208 0.7030456852791879 0.05704697986577181 0.116751269035533
0 0.03691275167785235 0.17258883248730963 0.04697986577181208 0.10152284263959391
0 0.013422818791946308 0.14974619289340102 0.026845637583892617 0.09644670050761421
0 0.05201342281879195 0.8604060913705583 0.050335570469798654 0.116751269035533
0 0.09228187919463088 0.8730964467005076 0.050335570469798654 0.1218274111675127
0 0.12416107382550336 0.916243654822335 0.04697986577181208 0.12690355329949238
0 0.1593959731543624 0.9289340101522843 0.0436241610738255 0.1116751269035533
0 0.18624161073825504 0.9390862944162437 0.050335570469798654 0.1116751269035533
0 0.2214765100671141 0.949238578680203 0.040268456375838924 0.09137055837563451
0 0.25671140939597314 0.9568527918781726 0.03691275167785235 0.07614213197969544
0 0.28523489932885904 0.9720812182741116 0.03355704697986577 0.04568527918781726
