0 0.3172043010752688 0.47424242424242424 0.03225806451612903 0.08787878787878788
0 0.23870967741935484 0.509090909090909 0.034408602150537634 0.07878787878787878
0 0.2010752688172043 0.5212121212121212 0.03655913978494624 0.07878787878787878
0 0.17204301075268819 0.5348484848484848 0.047311827956989246 0.08181818181818182
0 0.14193548387096774 0.553030303030303 0.03870967741935484 0.08787878787878788
0 0.4698924731182796 0.8393939393939394 0.03655913978494624 0.08484848484848485
0 0.4397849462365591 0.8636363636363636 0.03225806451612903 0.08484848484848485
0 0.3774193548387097 0.8878787878787879 0.03225806451612903 0.08484848484848485
0 0.35053763440860214 0.9136363636363637 0.030107526881720432 0.08181818181818182
0 0.3247311827956989 0.9348484848484848 0.030107526881720432 0.08181818181818182
0 0.2946236559139785 0.943939393939394 0.025806451612903226 0.0696969696969697
0 0.646236559139785 0.9606060606060606 0.03655913978494624 0.07878787878787878
0 0.6720430107526881 0.753030303030303 0.03655913978494624 0.08181818181818182
0 0.6967741935483871 0.7242424242424242 0.043010752688172046 0.09696969696969697
0 0.06881720430107527 0.7348484848484849 0.043010752688172046 0.07575757575757576
0 0.0956989247311828 0.8196969696969697 0.04086021505376344 0.08787878787878788
