0 0.9016064257028112 0.14041850220264318 0.06827309236947791 0.10903083700440529
0 0.9628514056224899 0.23072687224669602 0.06626506024096386 0.1222466960352423
0 0.6576305220883534 0.30892070484581496 0.09236947791164658 0.08259911894273128
0 0.766566265060241 0.7477973568281938 0.07730923694779117 0.10792951541850221
0 0.5677710843373494 0.8992290748898678 0.07329317269076305 0.09581497797356828
0 0.4583333333333333 0.43777533039647576 0.08132530120481928 0.08480176211453745
0 0.5321285140562249 0.572136563876652 0.09839357429718876 0.08920704845814978
0 0.3679718875502008 0.4933920704845815 0.09538152610441768 0.08590308370044053
0 0.4071285140562249 0.5759911894273128 0.0853413654618474 0.07929515418502203
0 0.11144578313253012 0.5082599118942731 0.09036144578313253 0.09140969162995595
0 0.14006024096385541 0.5479074889867841 0.08333333333333333 0.08039647577092511
0 0.07379518072289157 0.6442731277533039 0.09337349397590361 0.08149779735682819
0 0.04116465863453815 0.5886563876651982 0.08032128514056225 0.08700440528634361
0 0.4603413654618474 0.664647577092511 0.09337349397590361 0.08259911894273128
