0 0.03022794846382557 0.5338888888888889 0.05649157581764123 0.058888888888888886
0 0.18731417244796827 0.265 0.07928642220019821 0.06111111111111111
0 0.011892963330029732 0.1827777777777778 0.023785926660059464 0.01888888888888889
0 0.3012884043607532 0.355 0.11694747274529237 0.09888888888888889
0 0.25867195242814667 0.3894444444444444 0.08126858275520317 0.07222222222222222
0 0.2051536174430129 0.47833333333333333 0.09117938553022795 0.0811111111111111
0 0.3458870168483647 0.6788888888888889 0.08325074331020813 0.03777777777777778
0 0.48513379583746286 0.7338888888888889 0.08424182358771061 0.08333333333333333
0 0.5099108027750248 0.6883333333333334 0.09217046580773043 0.08555555555555555
0 0.4861248761149653 0.4727777777777778 0.09217046580773043 0.0811111111111111
0 0.514370664023786 0.42333333333333334 0.08523290386521308 0.07555555555555556
0 0.622398414271556 0.485 0.08919722497522299 0.07888888888888888
0 0.597621407333994 0.3661111111111111 0.10307234886025768 0.06777777777777778
0 0.7973240832507433 0.19166666666666668 0.03468780971258672 0.056666666666666664
0 0.8553022794846382 0.215 0.07135777998017839 0.08333333333333333
0 0.9038652130822596 0.2594444444444444 0.07730426164519326 0.10777777777777778
0 0.9568880079286423 0.38666666666666666 0.07631318136769079 0.06
0 0.9663032705649157 0.455 0.06342913776015857 0.05444444444444444
0 0.9747274529236868 0.5322222222222223 0.048562933597621406 0.06
0 0.790386521308226 0.6666666666666666 0.09217046580773043 0.05333333333333334
0 0.8002973240832507 0.7194444444444444 0.09613478691774034 0.06333333333333334
0 0.8191278493557979 0.7755555555555556 0.10604558969276512 0.06
0 0.7086223984142715 0.7977777777777778 0.0931615460852329 0.07777777777777778
0 0.6754212091179386 0.8455555555555555 0.07234886025768088 0.057777777777777775
0 0.8458870168483648 0.8677777777777778 0.05450941526263627 0.04666666666666667
