0 0.139662027833002 0.024509803921568627 0.06262425447316103 0.03812636165577342
0 0.17594433399602386 0.0724400871459695 0.07952286282306163 0.10784313725490197
0 0.20029821073558648 0.1394335511982571 0.07256461232604373 0.10239651416122005
0 0.4945328031809145 0.17320261437908496 0.0805168986083499 0.1111111111111111
0 0.5178926441351889 0.24509803921568626 0.06560636182902585 0.10021786492374728
0 0.5437375745526839 0.32461873638344224 0.06759443339960239 0.10021786492374728
0 0.39015904572564614 0.6388888888888888 0.06262425447316103 0.09477124183006536
0 0.18190854870775347 0.6083877995642701 0.09343936381709742 0.07080610021786492
0 0.06660039761431412 0.5375816993464052 0.07157057654075547 0.11002178649237472
0 0.15208747514910537 0.5375816993464052 0.0874751491053678 0.06862745098039216
0 0.11630218687872763 0.4613289760348584 0.10337972166998012 0.07298474945533769
0 0.09990059642147117 0.3997821350762527 0.09045725646123261 0.0718954248366013
