0 0.057803468208092484 0.7514619883040936 0.06358381502890173 0.08771929824561403
0 0.044797687861271675 0.9619883040935673 0.06069364161849711 0.06432748538011696
0 0.25722543352601157 0.6111111111111112 0.04046242774566474 0.1695906432748538
0 0.3309248554913295 0.6023391812865497 0.03757225433526012 0.15204678362573099
0 0.4161849710982659 0.7631578947368421 0.04046242774566474 0.1695906432748538
0 0.45809248554913296 0.7690058479532164 0.031791907514450865 0.15789473684210525
0 0.5895953757225434 0.7485380116959064 0.03468208092485549 0.14035087719298245
0 0.6936416184971098 0.7573099415204678 0.03468208092485549 0.15789473684210525
0 0.7861271676300579 0.7456140350877193 0.03468208092485549 0.13450292397660818
0 0.8222543352601156 0.7543859649122807 0.03757225433526012 0.15204678362573099
0 0.9421965317919075 0.7573099415204678 0.03468208092485549 0.15789473684210525
0 0.9378612716763006 0.5994152046783626 0.03757225433526012 0.15789473684210525
0 0.8222543352601156 0.5994152046783626 0.031791907514450865 0.14619883040935672
0 0.7326589595375722 0.6169590643274854 0.031791907514450865 0.15789473684210525
0 0.6257225433526011 0.6169590643274854 0.031791907514450865 0.12280701754385964
0 0.5895953757225434 0.6198830409356725 0.03468208092485549 0.11695906432748537
0 0.9364161849710982 0.26608187134502925 0.03468208092485549 0.15789473684210525
0 0.8959537572254336 0.28654970760233917 0.03468208092485549 0.15204678362573099
0 0.8945086705202312 0.14035087719298245 0.03757225433526012 0.15204678362573099
0 0.7890173410404624 0.24561403508771928 0.04046242774566474 0.16374269005847952
0 0.45809248554913296 0.14912280701754385 0.04335260115606936 0.15789473684210525
0 0.3815028901734104 0.14035087719298245 0.03468208092485549 0.15204678362573099
0 0.2976878612716763 0.13450292397660818 0.04046242774566474 0.16374269005847952
0 0.11127167630057803 0.05847953216374269 0.06069364161849711 0.07017543859649122
0 0.14017341040462428 0.5321637426900585 0.05491329479768786 0.15204678362573099
