0 0.7705823293172691 0.12750556792873052 0.06325301204819277 0.07906458797327394
0 0.7198795180722891 0.18819599109131402 0.0642570281124498 0.07126948775055679
0 0.5170682730923695 0.6976614699331849 0.02610441767068273 0.07906458797327394
0 0.5336345381526104 0.606347438752784 0.029116465863453816 0.09242761692650334
0 0.15110441767068272 0.5623608017817372 0.0391566265060241 0.08240534521158129
0 0.16817269076305222 0.4760579064587973 0.03714859437751004 0.08574610244988864
0 0.17419678714859438 0.39532293986636974 0.03313253012048193 0.066815144766147
0 0.2856425702811245 0.32516703786191536 0.04317269076305221 0.08240534521158129
0 0.31977911646586343 0.3346325167037862 0.035140562248995984 0.07461024498886415
0 0.3534136546184739 0.34020044543429845 0.03614457831325301 0.07015590200445435
0 0.38805220883534136 0.34688195991091314 0.035140562248995984 0.07461024498886415
0 0.24246987951807228 0.3986636971046771 0.03714859437751004 0.0779510022271715
0 0.2776104417670683 0.40144766146993316 0.03313253012048193 0.07683741648106904
0 0.3077309236947791 0.40979955456570155 0.0391566265060241 0.0779510022271715
0 0.34387550200803213 0.41592427616926503 0.03714859437751004 0.07238307349665925
0 0.3785140562248996 0.42538975501113585 0.03614457831325301 0.0757238307349666
0 0.41566265060240964 0.4298440979955457 0.03815261044176707 0.0757238307349666
0 0.4482931726907631 0.4304008908685969 0.03714859437751004 0.08574610244988864
0 0.4879518072289157 0.428173719376392 0.03815261044176707 0.08797327394209355
0 0.22640562248995985 0.6620267260579065 0.045180722891566265 0.09020044543429843
0 0.26305220883534136 0.6631403118040089 0.04216867469879518 0.10356347438752785
