0 0.3803191489361702 0.6481481481481481 0.05851063829787234 0.06172839506172839
0 0.39361702127659576 0.6069958847736625 0.05851063829787234 0.06172839506172839
0 0.4242021276595745 0.48148148148148145 0.06648936170212766 0.06584362139917696
0 0.5811170212765957 0.5329218106995884 0.061170212765957445 0.06172839506172839
0 0.5957446808510638 0.49588477366255146 0.05319148936170213 0.053497942386831275
0 0.6303191489361702 0.37448559670781895 0.047872340425531915 0.05761316872427984
0 0.6183510638297872 0.4094650205761317 0.05053191489361702 0.053497942386831275
0 0.5585106382978723 0.6152263374485597 0.05851063829787234 0.06172839506172839
0 0.6928191489361702 0.3724279835390947 0.05053191489361702 0.06172839506172839
0 0.6861702127659575 0.4176954732510288 0.05851063829787234 0.06172839506172839
0 0.6702127659574468 0.46296296296296297 0.06382978723404255 0.06995884773662552
0 0.6569148936170213 0.5061728395061729 0.05319148936170213 0.05761316872427984
0 0.651595744680851 0.5493827160493827 0.05851063829787234 0.06172839506172839
0 0.6356382978723404 0.5843621399176955 0.047872340425531915 0.05761316872427984
0 0.6263297872340425 0.6234567901234568 0.05585106382978723 0.06172839506172839
0 0.6170212765957447 0.6604938271604939 0.05319148936170213 0.053497942386831275
0 0.6063829787234043 0.7037037037037037 0.05851063829787234 0.06584362139917696
0 0.5957446808510638 0.7448559670781894 0.06382978723404255 0.05761316872427984
0 0.5877659574468085 0.7880658436213992 0.05851063829787234 0.053497942386831275
0 0.663563829787234 0.9300411522633745 0.061170212765957445 0.06584362139917696
0 0.6928191489361702 0.8559670781893004 0.05585106382978723 0.05761316872427984
0 0.6968085106382979 0.8148148148148148 0.05319148936170213 0.05761316872427984
0 0.7074468085106383 0.7716049382716049 0.05851063829787234 0.06172839506172839
0 0.7167553191489362 0.7242798353909465 0.05585106382978723 0.05761316872427984
0 0.7287234042553191 0.6810699588477366 0.05851063829787234 0.06172839506172839
0 0.7393617021276596 0.6358024691358025 0.05851063829787234 0.06995884773662552
0 0.75 0.5987654320987654 0.05319148936170213 0.06995884773662552
0 0.7686170212765957 0.5617283950617284 0.05851063829787234 0.06172839506172839
0 0.7792553191489362 0.5246913580246914 0.047872340425531915 0.053497942386831275
0 0.788563829787234 0.48148148148148145 0.05585106382978723 0.06584362139917696
0 0.836436170212766 0.5205761316872428 0.05053191489361702 0.06172839506172839
0 0.824468085106383 0.5576131687242798 0.05319148936170213 0.053497942386831275
0 0.8164893617021277 0.5967078189300411 0.047872340425531915 0.04938271604938271
0 0.8018617021276596 0.6255144032921811 0.05053191489361702 0.06584362139917696
0 0.7938829787234043 0.6646090534979424 0.05053191489361702 0.053497942386831275
0 0.7898936170212766 0.7057613168724279 0.05851063829787234 0.053497942386831275
0 0.7752659574468085 0.7510288065843621 0.05585106382978723 0.06172839506172839
0 0.7659574468085106 0.7880658436213992 0.05319148936170213 0.053497942386831275
0 0.7553191489361702 0.8292181069958847 0.05319148936170213 0.053497942386831275
0 0.75 0.8827160493827161 0.05319148936170213 0.06172839506172839
0 0.7912234042553191 0.22016460905349794 0.034574468085106384 0.08641975308641975
0 0.8444148936170213 0.2613168724279835 0.034574468085106384 0.09465020576131687
0 0.8723404255319149 0.26954732510288065 0.026595744680851064 0.08641975308641975
0 0.8962765957446809 0.2880658436213992 0.031914893617021274 0.09053497942386832
0 0.9202127659574468 0.3004115226337449 0.031914893617021274 0.0823045267489712
0 0.9468085106382979 0.31893004115226337 0.031914893617021274 0.07818930041152264
0 0.9694148936170213 0.33127572016460904 0.02925531914893617 0.08641975308641975
0 0.9906914893617021 0.34156378600823045 0.018617021276595744 0.0823045267489712
0 0.9707446808510638 0.4711934156378601 0.05319148936170213 0.06172839506172839
0 0.9667553191489362 0.5185185185185185 0.061170212765957445 0.06584362139917696
0 0.9295212765957447 0.6152263374485597 0.061170212765957445 0.06172839506172839
0 0.9095744680851063 0.6934156378600823 0.047872340425531915 0.06172839506172839
0 0.9002659574468085 0.7386831275720165 0.05053191489361702 0.053497942386831275
0 0.8922872340425532 0.7839506172839507 0.05585106382978723 0.053497942386831275
0 0.8656914893617021 0.8580246913580247 0.06648936170212766 0.06995884773662552
0 0.8590425531914894 0.9218106995884774 0.047872340425531915 0.06584362139917696
0 0.8444148936170213 0.9609053497942387 0.05585106382978723 0.06172839506172839
0 0.8297872340425532 0.9814814814814815 0.06382978723404255 0.02880658436213992
0 0.9454787234042553 0.8004115226337448 0.04521276595744681 0.053497942386831275
0 0.9521276595744681 0.7674897119341564 0.05319148936170213 0.04526748971193416
0 0.961436170212766 0.7222222222222222 0.04521276595744681 0.06172839506172839
0 0.9694148936170213 0.6831275720164609 0.05053191489361702 0.05761316872427984
0 0.9800531914893617 0.6399176954732511 0.034574468085106384 0.053497942386831275
0 0.9800531914893617 0.5823045267489712 0.034574468085106384 0.06172839506172839
