0 0.3976470588235294 0.8086816720257235 0.042352941176470586 0.06109324758842444
0 0.27058823529411763 0.6704180064308681 0.03764705882352941 0.06109324758842444
0 0.24705882352941178 0.6511254019292605 0.042352941176470586 0.07395498392282958
0 0.1988235294117647 0.5980707395498392 0.04 0.05787781350482315
0 0.15411764705882353 0.5514469453376206 0.04 0.06752411575562701
0 0.12 0.5241157556270096 0.03294117647058824 0.0707395498392283
0 0.2917647058823529 0.5771704180064309 0.03294117647058824 0.06752411575562701
0 0.35294117647058826 0.5643086816720257 0.023529411764705882 0.07395498392282958
0 0.3788235294117647 0.567524115755627 0.02823529411764706 0.08038585209003216
0 0.4258823529411765 0.5755627009646302 0.02823529411764706 0.0707395498392283
0 0.45294117647058824 0.5739549839228296 0.02588235294117647 0.06752411575562701
0 0.48470588235294115 0.6012861736334405 0.03764705882352941 0.05787781350482315
0 0.5047058823529412 0.5787781350482315 0.04 0.05787781350482315
0 0.12941176470588237 0.16881028938906753 0.023529411764705882 0.05466237942122187
0 0.6364705882352941 0.40353697749196143 0.04470588235294118 0.05466237942122187
0 0.6141176470588235 0.4453376205787781 0.042352941176470586 0.05466237942122187
0 0.5670588235294117 0.44855305466237944 0.018823529411764704 0.06752411575562701
0 0.5411764705882353 0.4453376205787781 0.02823529411764706 0.08038585209003216
0 0.49529411764705883 0.43890675241157556 0.021176470588235293 0.06752411575562701
0 0.45176470588235296 0.4292604501607717 0.023529411764705882 0.06109324758842444
0 0.40588235294117647 0.4212218649517685 0.021176470588235293 0.06430868167202572
0 0.24235294117647058 0.4003215434083601 0.023529411764705882 0.07395498392282958
0 0.5976470588235294 0.35852090032154343 0.023529411764705882 0.07395498392282958
0 0.5505882352941176 0.35691318327974275 0.023529411764705882 0.07717041800643087
0 0.5035294117647059 0.3553054662379421 0.023529411764705882 0.08038585209003216
0 0.43176470588235294 0.342443729903537 0.02588235294117647 0.07395498392282958
0 0.40588235294117647 0.3360128617363344 0.02588235294117647 0.07395498392282958
0 0.32235294117647056 0.319935691318328 0.02823529411764706 0.07395498392282958
0 0.2952941176470588 0.33440514469453375 0.01647058823529412 0.06430868167202572
0 0.27058823529411763 0.32315112540192925 0.023529411764705882 0.06752411575562701
0 0.7141176470588235 0.49517684887459806 0.03058823529411765 0.04501607717041801
0 0.7341176470588235 0.4694533762057878 0.03294117647058824 0.04501607717041801
0 0.7647058823529411 0.4212218649517685 0.02823529411764706 0.04501607717041801
0 0.8011764705882353 0.38102893890675243 0.03058823529411765 0.04823151125401929
0 0.8176470588235294 0.3553054662379421 0.03058823529411765 0.04180064308681672
0 0.8364705882352941 0.3360128617363344 0.03058823529411765 0.04180064308681672
0 0.88 0.05627009646302251 0.03764705882352941 0.03536977491961415
0 0.9658823529411765 0.06430868167202572 0.03529411764705882 0.03215434083601286
