0 0.23566084788029926 0.4095940959409594 0.032418952618453865 0.07380073800738007
0 0.3092269326683292 0.39114391143911437 0.034912718204488775 0.07380073800738007
0 0.33915211970074816 0.4022140221402214 0.029925187032418952 0.08118081180811808
0 0.4027431421446384 0.3874538745387454 0.02743142144638404 0.07380073800738007
0 0.43640897755610975 0.3837638376383764 0.02493765586034913 0.07380073800738007
0 0.48877805486284287 0.3726937269372694 0.029925187032418952 0.08118081180811808
0 0.513715710723192 0.3726937269372694 0.029925187032418952 0.08118081180811808
0 0.5960099750623441 0.3505535055350554 0.029925187032418952 0.07380073800738007
0 0.6471321695760599 0.34501845018450183 0.032418952618453865 0.08487084870848709
0 0.6932668329177057 0.3413284132841328 0.02493765586034913 0.07749077490774908
0 0.8503740648379052 0.3191881918819188 0.029925187032418952 0.07749077490774908
0 0.7955112219451371 0.3191881918819188 0.029925187032418952 0.08487084870848709
0 0.7418952618453866 0.33025830258302585 0.02743142144638404 0.07749077490774908
0 0.7194513715710723 0.34686346863468637 0.02743142144638404 0.08856088560885608
