0 0.7901119402985075 0.26835573940020685 0.08022388059701492 0.07135470527404343
0 0.7677238805970149 0.3940020682523268 0.07649253731343283 0.09720785935884178
0 0.6590485074626866 0.48655635987590484 0.07742537313432836 0.09617373319544985
0 0.2658582089552239 0.7637021716649431 0.08022388059701492 0.10237849017580145
0 0.22388059701492538 0.7978283350568769 0.07649253731343283 0.09824198552223372
0 0.18703358208955223 0.8200620475698035 0.0830223880597015 0.10134436401240951
0 0.13619402985074627 0.860392967942089 0.07835820895522388 0.10754912099276112
0 0.1044776119402985 0.8945191313340227 0.06529850746268656 0.09513960703205791
0 0.06576492537313433 0.9198552223371251 0.07182835820895522 0.09824198552223372
0 0.032182835820895525 0.9420889348500517 0.06063432835820896 0.11168562564632885
0 0.03871268656716418 0.6773526370217167 0.07742537313432836 0.09927611168562564
0 0.11847014925373134 0.6220268872802482 0.08395522388059702 0.10444674250258532
0 0.19263059701492538 0.5589451913133402 0.07182835820895522 0.08583247156153051
0 0.23694029850746268 0.5346432264736298 0.07462686567164178 0.0889348500517063
0 0.35774253731343286 0.4462254395036194 0.07369402985074627 0.09203722854188211
0 0.43097014925373134 0.3862461220268873 0.07276119402985075 0.09410548086866598
0 0.4869402985074627 0.3541882109617373 0.08022388059701492 0.10031023784901758
0 0.4766791044776119 0.17166494312306102 0.07835820895522388 0.09100310237849017
0 0.4337686567164179 0.19906928645294725 0.08955223880597014 0.11271975180972078
0 0.27238805970149255 0.3148914167528438 0.07276119402985075 0.09617373319544985
0 0.20335820895522388 0.36763185108583246 0.06716417910447761 0.08583247156153051
0 0.11380597014925373 0.41933815925542917 0.07649253731343283 0.10444674250258532
0 0.03684701492537314 0.48810754912099275 0.06436567164179105 0.0827300930713547
0 0.01912313432835821 0.5211995863495347 0.03824626865671642 0.07859358841778696
