0 0.759 0.9558498896247241 0.076 0.08830022075055188
0 0.608 0.9862030905077263 0.058 0.025386313465783666
0 0.5805 0.9541942604856513 0.087 0.08940397350993377
0 0.553 0.9116997792494481 0.086 0.08388520971302428
0 0.5205 0.8664459161147903 0.085 0.09271523178807947
0 0.4875 0.815121412803532 0.087 0.08940397350993377
0 0.455 0.7715231788079471 0.096 0.09050772626931568
0 0.4375 0.7080573951434879 0.087 0.09823399558498896
0 0.4155 0.6550772626931567 0.051 0.07836644591611479
0 0.326 0.5314569536423841 0.086 0.076158940397351
0 0.2915 0.4806843267108168 0.089 0.08278145695364239
0 0.2545 0.423841059602649 0.089 0.08388520971302428
0 0.229 0.369757174392936 0.09 0.08388520971302428
0 0.197 0.3189845474613687 0.108 0.08830022075055188
0 0.1665 0.26379690949227375 0.093 0.08830022075055188
0 0.1405 0.206401766004415 0.077 0.0772626931567329
0 0.403 0.1782560706401766 0.094 0.08498896247240618
0 0.436 0.23344370860927152 0.102 0.09602649006622517
0 0.466 0.29304635761589404 0.082 0.076158940397351
0 0.497 0.34381898454746135 0.098 0.08719646799116998
0 0.529 0.39183222958057395 0.116 0.10154525386313466
0 0.551 0.44370860927152317 0.092 0.08388520971302428
0 0.5775 0.4867549668874172 0.079 0.0772626931567329
0 0.5855 0.5391832229580574 0.081 0.0695364238410596
0 0.6095 0.5888520971302428 0.059 0.06512141280353201
0 0.6135 0.6429359823399559 0.051 0.06512141280353201
0 0.366 0.12969094922737306 0.094 0.09161147902869757
0 0.3385 0.08333333333333333 0.087 0.08719646799116998
0 0.3 0.04028697571743929 0.092 0.07836644591611479
0 0.256 0.011037527593818985 0.058 0.019867549668874173
0 0.05 0.061258278145695365 0.09 0.08719646799116998
0 0.0815 0.10816777041942605 0.089 0.07505518763796909
0 0.104 0.152317880794702 0.082 0.06181015452538632
0 0.023 0.018211920529801324 0.044 0.03421633554083885
