0 0.3725728155339806 0.28125 0.06067961165048544 0.07916666666666666
0 0.4029126213592233 0.4041666666666667 0.043689320388349516 0.10833333333333334
0 0.5 0.24166666666666667 0.04854368932038835 0.06666666666666667
0 0.5121359223300971 0.33958333333333335 0.06310679611650485 0.07916666666666666
0 0.5315533980582524 0.41041666666666665 0.05339805825242718 0.07083333333333333
0 0.5788834951456311 0.30625 0.050970873786407765 0.07083333333333333
0 0.5946601941747572 0.36041666666666666 0.05825242718446602 0.07083333333333333
0 0.691747572815534 0.2375 0.05339805825242718 0.075
0 0.7075242718446602 0.28125 0.050970873786407765 0.0625
0 0.7160194174757282 0.32708333333333334 0.05339805825242718 0.0625
0 0.7281553398058253 0.09375 0.06796116504854369 0.07083333333333333
0 0.7451456310679612 0.14166666666666666 0.06310679611650485 0.06666666666666667
0 0.6116504854368932 0.54375 0.06796116504854369 0.07916666666666666
