0 0.2108695652173913 0.42746913580246915 0.0391304347826087 0.05246913580246913
0 0.06304347826086956 0.06635802469135803 0.0391304347826087 0.05246913580246913
0 0.11195652173913044 0.06018518518518518 0.041304347826086954 0.05246913580246913
0 0.22826086956521738 0.046296296296296294 0.04782608695652174 0.06172839506172839
0 0.24891304347826088 0.07716049382716049 0.041304347826086954 0.04938271604938271
0 0.6695652173913044 0.15432098765432098 0.021739130434782608 0.04938271604938271
0 0.6521739130434783 0.16203703703703703 0.02608695652173913 0.05246913580246913
0 0.6956521739130435 0.2654320987654321 0.030434782608695653 0.05555555555555555
0 0.5869565217391305 0.3611111111111111 0.04782608695652174 0.08024691358024691
0 0.7369565217391304 0.035493827160493825 0.02608695652173913 0.046296296296296294
0 0.19021739130434784 0.654320987654321 0.04565217391304348 0.05555555555555555
0 0.2108695652173913 0.7021604938271605 0.0391304347826087 0.07716049382716049
0 0.4358695652173913 0.6311728395061729 0.03695652173913044 0.07098765432098765
0 0.6869565217391305 0.6172839506172839 0.043478260869565216 0.04938271604938271
0 0.41304347826086957 0.933641975308642 0.04782608695652174 0.05246913580246913
