0 0.15683962264150944 0.6608391608391608 0.04481132075471698 0.07692307692307693
0 0.18632075471698112 0.6311188811188811 0.04716981132075472 0.08041958041958042
0 0.2417452830188679 0.5856643356643356 0.04009433962264151 0.07342657342657342
0 0.2641509433962264 0.5681818181818182 0.04245283018867924 0.07342657342657342
0 0.30424528301886794 0.5297202797202797 0.05188679245283019 0.08741258741258741
0 0.33608490566037735 0.5 0.054245283018867926 0.09090909090909091
0 0.14622641509433962 0.42657342657342656 0.04716981132075472 0.09090909090909091
0 0.04834905660377359 0.5017482517482518 0.04481132075471698 0.08041958041958042
0 0.4033018867924528 0.46853146853146854 0.04716981132075472 0.06993006993006994
0 0.44575471698113206 0.7167832167832168 0.05188679245283019 0.06293706293706294
0 0.4705188679245283 0.7674825174825175 0.054245283018867926 0.05944055944055944
0 0.39858490566037735 0.1993006993006993 0.05188679245283019 0.09090909090909091
0 0.4516509433962264 0.15384615384615385 0.04481132075471698 0.0979020979020979
0 0.5047169811320755 0.11713286713286714 0.05188679245283019 0.0944055944055944
0 0.5601415094339622 0.07167832167832168 0.04009433962264151 0.06643356643356643
0 0.7606132075471698 0.043706293706293704 0.049528301886792456 0.08041958041958042
0 0.7912735849056604 0.12237762237762238 0.04009433962264151 0.08391608391608392
0 0.8549528301886793 0.28846153846153844 0.04481132075471698 0.08741258741258741
0 0.8879716981132075 0.3776223776223776 0.049528301886792456 0.0979020979020979
0 0.9587264150943396 0.5594405594405595 0.04009433962264151 0.08391608391608392
0 0.8372641509433962 0.6293706293706294 0.05188679245283019 0.06993006993006994
0 0.8561320754716981 0.6643356643356644 0.05660377358490566 0.06993006993006994
