0 0.9629629629629629 0.931095406360424 0.03418803418803419 0.08833922261484099
0 0.8660968660968661 0.9717314487632509 0.07407407407407407 0.04946996466431095
0 0.8376068376068376 0.9522968197879859 0.06837606837606838 0.07420494699646643
0 0.8190883190883191 0.9204946996466431 0.06552706552706553 0.06007067137809187
0 0.7948717948717948 0.892226148409894 0.07407407407407407 0.07420494699646643
0 0.7350427350427351 0.607773851590106 0.06837606837606838 0.04946996466431095
0 0.698005698005698 0.6537102473498233 0.06267806267806268 0.0636042402826855
0 0.7108262108262108 0.7014134275618374 0.06552706552706553 0.06007067137809187
0 0.7236467236467237 0.7402826855123675 0.07977207977207977 0.06713780918727916
0 0.9017094017094017 0.7367491166077739 0.04843304843304843 0.06713780918727916
0 0.8660968660968661 0.6749116607773852 0.05698005698005698 0.07773851590106007
0 0.8190883190883191 0.5901060070671378 0.05413105413105413 0.08480565371024736
0 0.7478632478632479 0.46819787985865724 0.05982905982905983 0.08833922261484099
0 0.6994301994301995 0.5106007067137809 0.06552706552706553 0.06713780918727916
0 0.6481481481481481 0.4452296819787986 0.05413105413105413 0.0706713780918728
0 0.6837606837606838 0.37809187279151946 0.05698005698005698 0.07773851590106007
0 0.6367521367521367 0.31448763250883394 0.04843304843304843 0.0636042402826855
0 0.5982905982905983 0.35159010600706714 0.05698005698005698 0.07420494699646643
