0 0.34543010752688175 0.26968503937007876 0.04032258064516129 0.04330708661417323
0 0.3481182795698925 0.31496062992125984 0.02956989247311828 0.03937007874015748
0 0.34408602150537637 0.36023622047244097 0.043010752688172046 0.03543307086614173
0 0.33602150537634407 0.3937007874015748 0.053763440860215055 0.03937007874015748
0 0.3844086021505376 0.2578740157480315 0.04838709677419355 0.04330708661417323
0 0.3897849462365591 0.30118110236220474 0.053763440860215055 0.03543307086614173
0 0.37768817204301075 0.3543307086614173 0.024193548387096774 0.06299212598425197
0 0.4018817204301075 0.35039370078740156 0.024193548387096774 0.07086614173228346
0 0.42473118279569894 0.35236220472440943 0.021505376344086023 0.06692913385826772
0 0.44623655913978494 0.35039370078740156 0.021505376344086023 0.07086614173228346
0 0.47043010752688175 0.3562992125984252 0.021505376344086023 0.08267716535433071
0 0.4946236559139785 0.3562992125984252 0.026881720430107527 0.09055118110236221
0 0.5188172043010753 0.3464566929133858 0.021505376344086023 0.09448818897637795
0 0.5376344086021505 0.36023622047244097 0.026881720430107527 0.0984251968503937
0 0.5376344086021505 0.25196850393700787 0.026881720430107527 0.09448818897637795
0 0.5618279569892473 0.2578740157480315 0.021505376344086023 0.09055118110236221
0 0.5591397849462365 0.39763779527559057 0.021505376344086023 0.07086614173228346
0 0.5806451612903226 0.39173228346456695 0.021505376344086023 0.07480314960629922
0 0.6021505376344086 0.3838582677165354 0.021505376344086023 0.08267716535433071
0 0.5591397849462365 0.3346456692913386 0.016129032258064516 0.06299212598425197
0 0.581989247311828 0.24606299212598426 0.01881720430107527 0.07480314960629922
0 0.6061827956989247 0.24803149606299213 0.024193548387096774 0.07874015748031496
0 0.5806451612903226 0.3169291338582677 0.021505376344086023 0.06692913385826772
0 0.6021505376344086 0.3110236220472441 0.021505376344086023 0.047244094488188976
