0 0.3747016706443914 0.918918918918919 0.028639618138424822 0.08108108108108109
0 0.3615751789976134 0.24324324324324326 0.031026252983293555 0.07432432432432433
0 0.35799522673031026 0.31756756756756754 0.02386634844868735 0.07432432432432433
0 0.37828162291169454 0.40202702702702703 0.050119331742243436 0.07432432432432433
0 0.6312649164677804 0.1875 0.031026252983293555 0.06418918918918919
0 0.5501193317422435 0.47466216216216217 0.045346062052505964 0.04391891891891892
0 0.5584725536992841 0.5152027027027027 0.0477326968973747 0.04391891891891892
0 0.5656324582338902 0.5726351351351351 0.04295942720763723 0.04391891891891892
0 0.5715990453460621 0.6165540540540541 0.045346062052505964 0.04391891891891892
0 0.5751789976133651 0.6621621621621622 0.0477326968973747 0.0472972972972973
0 0.2553699284009546 0.597972972972973 0.028639618138424822 0.060810810810810814
0 0.2315035799522673 0.6047297297297297 0.028639618138424822 0.060810810810810814
0 0.11694510739856802 0.7043918918918919 0.04295942720763723 0.04391891891891892
0 0.057279236276849645 0.7331081081081081 0.04295942720763723 0.04054054054054054
0 0.017899761336515514 0.7567567567567568 0.03579952267303103 0.05405405405405406
0 0.7947494033412887 0.30405405405405406 0.02386634844868735 0.07432432432432433
