0 0.541041041041041 0.3964757709251101 0.055055055055055056 0.08370044052863436
0 0.481981981981982 0.42180616740088106 0.06906906906906907 0.07709251101321586
0 0.43793793793793795 0.43722466960352424 0.06706706706706707 0.08590308370044053
0 0.3963963963963964 0.4647577092511013 0.07607607607607608 0.10352422907488987
0 0.35985985985985985 0.4900881057268722 0.07107107107107107 0.0947136563876652
0 0.3238238238238238 0.5335903083700441 0.07107107107107107 0.11123348017621146
0 0.3003003003003003 0.5710352422907489 0.05805805805805806 0.08480176211453745
0 0.25125125125125125 0.5969162995594713 0.06806806806806807 0.05506607929515418
0 0.2172172172172172 0.611784140969163 0.07207207207207207 0.08480176211453745
0 0.17467467467467468 0.6294052863436124 0.06506506506506507 0.08039647577092511
0 0.14814814814814814 0.6718061674008811 0.05805805805805806 0.07709251101321586
0 0.1001001001001001 0.6993392070484582 0.07607607607607608 0.08370044052863436
0 0.05805805805805806 0.7202643171806168 0.06406406406406406 0.0881057268722467
0 0.023523523523523524 0.737885462555066 0.04504504504504504 0.08370044052863436
0 0.7547547547547547 0.5203744493392071 0.07207207207207207 0.09801762114537445
0 0.7092092092092092 0.5418502202643172 0.06306306306306306 0.08370044052863436
0 0.6721721721721722 0.5710352422907489 0.06906906906906907 0.09581497797356828
0 0.6371371371371372 0.5925110132158591 0.05905905905905906 0.09251101321585903
0 0.5955955955955956 0.6167400881057269 0.08008008008008008 0.09691629955947137
0 0.5575575575575575 0.6437224669603524 0.06806806806806807 0.09140969162995595
0 0.521021021021021 0.6723568281938326 0.06306306306306306 0.08920704845814978
0 0.486986986986987 0.7081497797356828 0.06106106106106106 0.0881057268722467
0 0.44594594594594594 0.7230176211453745 0.07107107107107107 0.09581497797356828
0 0.4059059059059059 0.7516519823788547 0.07107107107107107 0.09581497797356828
0 0.36186186186186187 0.7758810572687225 0.06306306306306306 0.09581497797356828
0 0.3283283283283283 0.8083700440528634 0.07407407407407407 0.10792951541850221
0 0.2872872872872873 0.8397577092511013 0.07207207207207207 0.09581497797356828
0 0.25225225225225223 0.875 0.07807807807807808 0.10242290748898679
0 0.2097097097097097 0.8959251101321586 0.06906906906906907 0.09140969162995595
0 0.17267267267267267 0.9190528634361234 0.07507507507507508 0.10462555066079295
0 0.13313313313313313 0.9460352422907489 0.07407407407407407 0.10572687224669604
0 0.0965965965965966 0.9675110132158591 0.06506506506506507 0.06497797356828194
0 0.045545545545545546 0.9713656387665198 0.06106106106106106 0.05066079295154185
0 0.8018018018018018 0.6068281938325991 0.05805805805805806 0.09251101321585903
0 0.7622622622622622 0.6288546255506607 0.07307307307307308 0.10572687224669604
0 0.7197197197197197 0.6552863436123348 0.06606606606606606 0.0947136563876652
0 0.6541541541541541 0.7180616740088106 0.06906906906906907 0.10352422907488987
0 0.6096096096096096 0.7351321585903083 0.07007007007007007 0.09801762114537445
0 0.5680680680680681 0.7549559471365639 0.06906906906906907 0.09801762114537445
0 0.5345345345345346 0.7940528634361234 0.07007007007007007 0.1013215859030837
0 0.45895895895895894 0.8469162995594713 0.07307307307307308 0.1013215859030837
0 0.4184184184184184 0.8700440528634361 0.07207207207207207 0.09691629955947137
0 0.38238238238238237 0.9008810572687225 0.07007007007007007 0.09911894273127753
0 0.34134134134134136 0.9245594713656388 0.06606606606606606 0.09801762114537445
0 0.30430430430430433 0.9531938325991189 0.06406406406406406 0.09361233480176212
0 0.26076076076076077 0.9664096916299559 0.06506506506506507 0.0671806167400881
0 0.2107107107107107 0.9796255506607929 0.04904904904904905 0.03854625550660793
0 0.6366366366366366 0.9708149779735683 0.056056056056056056 0.05616740088105727
0 0.8448448448448449 0.8480176211453745 0.06406406406406406 0.05506607929515418
0 0.9214214214214215 0.8133259911894273 0.08108108108108109 0.09801762114537445
