0 0.3401559454191033 0.940406976744186 0.025341130604288498 0.0436046511627907
0 0.23586744639376217 0.8502906976744186 0.03898635477582846 0.04941860465116279
0 0.21539961013645223 0.8008720930232558 0.04093567251461988 0.04941860465116279
0 0.20662768031189083 0.7761627906976745 0.03898635477582846 0.046511627906976744
0 0.1949317738791423 0.7456395348837209 0.03508771929824561 0.04941860465116279
0 0.18421052631578946 0.7136627906976745 0.037037037037037035 0.04941860465116279
0 0.26900584795321636 0.627906976744186 0.03898635477582846 0.08139534883720931
0 0.17738791423001948 0.6061046511627907 0.03508771929824561 0.061046511627906974
0 0.2894736842105263 0.6177325581395349 0.029239766081871343 0.061046511627906974
0 0.30409356725146197 0.6002906976744186 0.03508771929824561 0.061046511627906974
0 0.3235867446393762 0.5857558139534884 0.031189083820662766 0.055232558139534885
0 0.341130604288499 0.5755813953488372 0.02729044834307992 0.05232558139534884
0 0.3138401559454191 0.438953488372093 0.031189083820662766 0.05813953488372093
0 0.38499025341130605 0.3808139534883721 0.029239766081871343 0.046511627906976744
0 0.4015594541910331 0.35901162790697677 0.02729044834307992 0.0436046511627907
0 0.42007797270955166 0.3444767441860465 0.029239766081871343 0.04941860465116279
0 0.4512670565302144 0.32703488372093026 0.029239766081871343 0.055232558139534885
0 0.48148148148148145 0.26308139534883723 0.031189083820662766 0.04941860465116279
0 0.5009746588693957 0.24854651162790697 0.02729044834307992 0.04941860465116279
0 0.5165692007797271 0.23837209302325582 0.031189083820662766 0.05232558139534884
0 0.5321637426900585 0.2180232558139535 0.031189083820662766 0.05232558139534884
0 0.5516569200779727 0.373546511627907 0.031189083820662766 0.055232558139534885
0 0.5321637426900585 0.39825581395348836 0.02729044834307992 0.05813953488372093
0 0.5097465886939572 0.4127906976744186 0.03313840155945419 0.05813953488372093
