0 0.1863817097415507 0.28396436525612473 0.09642147117296222 0.0645879732739421
0 0.176441351888668 0.40144766146993316 0.10238568588469185 0.06792873051224944
0 0.17196819085487078 0.46603563474387527 0.10139165009940358 0.05679287305122494
0 0.16749502982107356 0.5629175946547884 0.07455268389662027 0.05679287305122494
0 0.1625248508946322 0.6230512249443207 0.09443339960238568 0.05679287305122494
0 0.16053677932405566 0.6792873051224945 0.10039761431411531 0.0556792873051225
0 0.16202783300198806 0.7366369710467706 0.09542743538767395 0.05679287305122494
0 0.40904572564612324 0.3012249443207127 0.10437375745526839 0.052338530066815145
0 0.41848906560636184 0.3530066815144766 0.08946322067594434 0.051224944320712694
0 0.41898608349900596 0.46380846325167036 0.10039761431411531 0.05679287305122494
0 0.41600397614314116 0.5178173719376392 0.09045725646123261 0.0467706013363029
0 0.40656063618290256 0.579064587973274 0.11133200795228629 0.05790645879732739
0 0.4025844930417495 0.6336302895322939 0.1073558648111332 0.060133630289532294
0 0.415506958250497 0.7021158129175946 0.09343936381709742 0.05679287305122494
0 0.4125248508946322 0.7505567928730512 0.0874751491053678 0.0467706013363029
0 0.4095427435387674 0.8040089086859689 0.0874751491053678 0.051224944320712694
0 0.26938369781312127 0.8335189309576837 0.04572564612326044 0.08797327394209355
0 0.3290258449304175 0.8257238307349666 0.03777335984095427 0.09688195991091314
0 0.40457256461232605 0.8602449888641426 0.09542743538767395 0.05902004454342984
0 0.5536779324055666 0.30066815144766146 0.10337972166998012 0.060133630289532294
0 0.5387673956262425 0.41703786191536746 0.08946322067594434 0.04788418708240535
0 0.5323061630218688 0.47438752783964366 0.09443339960238568 0.053452115812917596
0 0.5377733598409543 0.6208240534521158 0.09940357852882704 0.061247216035634745
0 0.5377733598409543 0.6804008908685969 0.09343936381709742 0.062360801781737196
0 0.5228628230616302 0.7422048997772829 0.09741550695825049 0.052338530066815145
0 0.5273359840954275 0.8028953229398663 0.08648111332007952 0.04899777282850779
0 0.7952286282306164 0.3674832962138085 0.09940357852882704 0.062360801781737196
0 0.7927435387673957 0.4315144766146993 0.09045725646123261 0.052338530066815145
0 0.7882703777335984 0.4766146993318486 0.09145129224652088 0.0467706013363029
0 0.7847912524850894 0.5328507795100222 0.10039761431411531 0.05679287305122494
0 0.7892644135188867 0.5879732739420935 0.09343936381709742 0.053452115812917596
0 0.790258449304175 0.6826280623608018 0.10337972166998012 0.05790645879732739
0 0.7668986083499006 0.7371937639198218 0.07654075546719682 0.053452115812917596
0 0.9000994035785288 0.5250556792873051 0.10238568588469185 0.05679287305122494
0 0.9030815109343936 0.5902004454342984 0.08846918489065607 0.05790645879732739
0 0.8936381709741551 0.6497772828507795 0.08349900596421471 0.052338530066815145
0 0.9666998011928429 0.4704899777282851 0.06262425447316103 0.05679287305122494
0 0.974155069582505 0.5244988864142539 0.04572564612326044 0.051224944320712694
0 0.974155069582505 0.5907572383073497 0.04970178926441352 0.05679287305122494
