0 0.15339233038348082 0.048549107142857144 0.07472959685349066 0.0859375
0 0.2536873156342183 0.041294642857142856 0.09832841691248771 0.08258928571428571
0 0.26843657817109146 0.11160714285714286 0.09832841691248771 0.07142857142857142
0 0.2384464110127827 0.26060267857142855 0.06981317600786627 0.10602678571428571
0 0.4183874139626352 0.0234375 0.061946902654867256 0.04241071428571429
0 0.5776794493608652 0.44754464285714285 0.063913470993117 0.109375
0 0.4257620452310718 0.7594866071428571 0.0727630285152409 0.12388392857142858
0 0.4857423795476893 0.9715401785714286 0.05703048180924287 0.05022321428571429
0 0.06981317600786627 0.35658482142857145 0.08849557522123894 0.07254464285714286
0 0.08849557522123894 0.43359375 0.09832841691248771 0.08147321428571429
0 0.13176007866273354 0.5139508928571429 0.10422812192723697 0.07924107142857142
0 0.1873156342182891 0.8755580357142857 0.0599803343166175 0.11495535714285714
0 0.21091445427728614 0.9430803571428571 0.06981317600786627 0.10267857142857142
0 0.25073746312684364 0.9815848214285714 0.04129793510324484 0.025669642857142856
