0 0.2386138613861386 0.045251396648044694 0.039603960396039604 0.05698324022346369
0 0.07524752475247524 0.037430167597765365 0.08316831683168317 0.07039106145251396
0 0.27871287128712874 0.10279329608938548 0.10396039603960396 0.060335195530726256
0 0.31584158415841584 0.14972067039106146 0.09900990099009901 0.053631284916201116
0 0.33663366336633666 0.20335195530726258 0.09108910891089109 0.055865921787709494
0 0.3698019801980198 0.2608938547486033 0.08415841584158416 0.05921787709497207
0 0.3995049504950495 0.31731843575418994 0.0900990099009901 0.04692737430167598
0 0.4158415841584158 0.36703910614525137 0.09108910891089109 0.05251396648044693
0 0.4514851485148515 0.4195530726256983 0.09702970297029703 0.061452513966480445
0 0.48168316831683167 0.4770949720670391 0.09405940594059406 0.055865921787709494
0 0.5128712871287129 0.5391061452513967 0.09306930693069307 0.05698324022346369
0 0.55 0.5960893854748603 0.08811881188118811 0.05921787709497207
0 0.5742574257425742 0.6508379888268156 0.09504950495049505 0.05698324022346369
0 0.6212871287128713 0.7318435754189944 0.09603960396039604 0.060335195530726256
0 0.6603960396039604 0.8055865921787709 0.08514851485148515 0.06480446927374302
0 0.6821782178217822 0.8608938547486034 0.10891089108910891 0.05921787709497207
