0 0.07270408163265306 0.2424812030075188 0.03826530612244898 0.06390977443609022
0 0.03443877551020408 0.20676691729323307 0.02806122448979592 0.05263157894736842
0 0.01403061224489796 0.18233082706766918 0.02295918367346939 0.05639097744360902
0 0.41964285714285715 0.3308270676691729 0.04846938775510204 0.06015037593984962
0 0.40561224489795916 0.35902255639097747 0.04081632653061224 0.04887218045112782
0 0.7066326530612245 0.34774436090225563 0.030612244897959183 0.07894736842105263
0 0.6785714285714286 0.35714285714285715 0.025510204081632654 0.06766917293233082
0 0.6492346938775511 0.37406015037593987 0.03316326530612245 0.08646616541353383
0 0.625 0.39285714285714285 0.030612244897959183 0.07894736842105263
0 0.7997448979591837 0.30451127819548873 0.02806122448979592 0.07518796992481203
0 0.8278061224489796 0.2932330827067669 0.02295918367346939 0.06766917293233082
0 0.8533163265306123 0.2857142857142857 0.02806122448979592 0.06766917293233082
0 0.5994897959183674 0.39849624060150374 0.030612244897959183 0.06766917293233082
