0 0.6359773371104815 0.7804054054054054 0.0764872521246459 0.0472972972972973
0 0.4631728045325779 0.6418918918918919 0.031161473087818695 0.07432432432432433
0 0.5 0.6452702702702703 0.031161473087818695 0.07432432432432433
0 0.5339943342776204 0.6385135135135135 0.025495750708215296 0.07432432432432433
0 0.5679886685552408 0.6385135135135135 0.036827195467422094 0.08783783783783784
0 0.6303116147308782 0.6351351351351351 0.031161473087818695 0.07432432432432433
0 0.6657223796033994 0.6300675675675675 0.028328611898016998 0.06418918918918919
0 0.7294617563739377 0.6317567567567568 0.031161473087818695 0.07432432432432433
0 0.7648725212464589 0.6283783783783784 0.0339943342776204 0.08108108108108109
0 0.7988668555240793 0.6266891891891891 0.0339943342776204 0.08445945945945946
0 0.8286118980169972 0.6266891891891891 0.031161473087818695 0.08445945945945946
0 0.8611898016997167 0.625 0.0339943342776204 0.08108108108108109
0 0.8923512747875354 0.6182432432432432 0.028328611898016998 0.07432432432432433
0 0.9206798866855525 0.6216216216216216 0.0339943342776204 0.08783783783783784
