0 0.9437250996015937 0.39636163175303196 0.04083665338645418 0.09592061742006615
0 0.7325697211155379 0.4933847850055127 0.04880478087649402 0.10694597574421169
0 0.5607569721115537 0.4884233737596472 0.043824701195219126 0.08820286659316427
0 0.5114541832669323 0.4762954796030871 0.044820717131474105 0.07497243660418963
0 0.41832669322709165 0.4729878721058434 0.045816733067729085 0.10804851157662625
0 0.3331673306772908 0.49448732083792724 0.08864541832669323 0.05843439911797133
0 0.3545816733067729 0.4013230429988975 0.08366533864541832 0.050716648291069456
0 0.3545816733067729 0.3500551267916207 0.0796812749003984 0.047409040793825796
0 0.36703187250996017 0.29713340683572215 0.08266932270916334 0.05181918412348401
0 0.34760956175298807 0.18302094818081588 0.043824701195219126 0.05292171995589857
0 0.30677290836653387 0.7238147739801544 0.043824701195219126 0.08489525909592062
0 0.4038844621513944 0.7348401323042999 0.04282868525896414 0.1113561190738699
0 0.45567729083665337 0.7486218302094818 0.046812749003984064 0.10584343991179714
0 0.5826693227091634 0.7447629547960308 0.04183266932270916 0.10474090407938258
0 0.6454183266932271 0.7502756339581036 0.043824701195219126 0.10694597574421169
