0 0.7397476340694006 0.10416666666666667 0.06624605678233439 0.06666666666666667
0 0.5078864353312302 0.3458333333333333 0.050473186119873815 0.09166666666666666
0 0.4605678233438486 0.35625 0.056782334384858045 0.07916666666666666
0 0.11041009463722397 0.4375 0.04416403785488959 0.1
0 0.01892744479495268 0.9229166666666667 0.03785488958990536 0.04583333333333333
0 0.07097791798107256 0.93125 0.06624605678233439 0.05416666666666667
0 0.25236593059936907 0.7541666666666667 0.06309148264984227 0.06666666666666667
0 0.4353312302839117 0.7666666666666667 0.056782334384858045 0.06666666666666667
0 0.416403785488959 0.6791666666666667 0.06309148264984227 0.06666666666666667
0 0.8470031545741324 0.37083333333333335 0.04100946372239748 0.075
0 0.5141955835962145 0.49166666666666664 0.031545741324921134 0.075
0 0.555205047318612 0.48333333333333334 0.031545741324921134 0.09166666666666666
0 0.6072555205047319 0.4791666666666667 0.028391167192429023 0.075
0 0.9589905362776026 0.95 0.06309148264984227 0.075
