0 0.057482656095143705 0.2159468438538206 0.061446977205153616 0.08637873754152824
0 0.02923686818632309 0.23920265780730898 0.05847373637264618 0.10631229235880399
0 0.5673934588701685 0.19656699889258028 0.05649157581764123 0.04540420819490587
0 0.5252725470763132 0.2220376522702104 0.053518334985133795 0.05204872646733112
0 0.489593657086224 0.24141749723145073 0.053518334985133795 0.06201550387596899
0 0.45589692765113976 0.26965669988925806 0.057482656095143705 0.06755260243632337
0 0.40237859266600595 0.2862679955703212 0.07333994053518335 0.08084163898117387
0 0.36967294350842417 0.3017718715393134 0.06937561942517344 0.09634551495016612
0 0.33597621407333994 0.33056478405315615 0.06937561942517344 0.10077519379844961
0 0.2978196233894945 0.3532668881506091 0.06442021803766106 0.09080841638981174
0 0.25966303270564917 0.38205980066445183 0.07135777998017839 0.09745293466223699
0 0.22150644202180378 0.4108527131782946 0.06442021803766106 0.09302325581395349
0 0.18731417244796827 0.4368770764119601 0.061446977205153616 0.08084163898117387
0 0.155599603567889 0.4629014396456257 0.04360753221010902 0.06866002214839424
0 0.12190287413280476 0.5011074197120708 0.049554013875123884 0.047619047619047616
0 0.07433102081268583 0.5232558139534884 0.049554013875123884 0.047619047619047616
0 0.044598612487611496 0.5592469545957918 0.05153617443012884 0.06423034330011074
0 0.018830525272547076 0.5891472868217055 0.03766105054509415 0.059800664451827246
0 0.7695738354806739 0.296234772978959 0.06442021803766106 0.09856035437430787
0 0.6972249752229931 0.34994462901439644 0.06640237859266601 0.09302325581395349
0 0.6615460852329038 0.3754152823920266 0.06640237859266601 0.09966777408637874
0 0.6253716551040635 0.41140642303433 0.07135777998017839 0.09634551495016612
0 0.589197224975223 0.43078626799557035 0.06442021803766106 0.08416389811738649
0 0.5564915758176412 0.45957918050941304 0.06640237859266601 0.09080841638981174
0 0.5118929633300298 0.4795127353266888 0.06838453914767097 0.10409745293466224
0 0.4742319127849356 0.4994462901439646 0.062438057482656094 0.08637873754152824
0 0.4375619425173439 0.5254706533776301 0.06838453914767097 0.09413067552602436
0 0.39890981169474726 0.5564784053156147 0.06442021803766106 0.09634551495016612
0 0.3647175421209118 0.5830564784053156 0.06541129831516353 0.09856035437430787
0 0.33448959365708625 0.6124031007751938 0.06838453914767097 0.08859357696567
0 0.2993062438057483 0.6384274640088593 0.06541129831516353 0.09191583610188261
0 0.26461843409316155 0.6677740863787376 0.06541129831516353 0.09080841638981174
0 0.22497522299306244 0.6882613510520488 0.06541129831516353 0.09191583610188261
0 0.1863230921704658 0.7170542635658915 0.06739345887016848 0.09413067552602436
0 0.1506442021803766 0.7408637873754153 0.06937561942517344 0.09745293466223699
0 0.11298315163528246 0.7674418604651163 0.07333994053518335 0.09966777408637874
0 0.07433102081268583 0.7918050941306756 0.07333994053518335 0.08859357696567
0 0.11793855302279485 0.8754152823920266 0.061446977205153616 0.09856035437430787
0 0.1595639246778989 0.8576965669988926 0.0753221010901883 0.09413067552602436
0 0.20317145688800792 0.8361018826135105 0.06342913776015857 0.08859357696567
0 0.2398414271555996 0.8017718715393134 0.06541129831516353 0.08859357696567
0 0.2770069375619425 0.7768549280177187 0.06838453914767097 0.08970099667774087
0 0.3087215064420218 0.7469545957918051 0.06640237859266601 0.09191583610188261
0 0.3493557978196234 0.729235880398671 0.07036669970267592 0.09634551495016612
0 0.3865213082259663 0.6998892580287929 0.07333994053518335 0.09966777408637874
0 0.4217046580773043 0.6710963455149501 0.07234886025768088 0.09302325581395349
0 0.45242814667988107 0.6262458471760798 0.06640237859266601 0.08527131782945736
0 0.4920713577799802 0.6184939091915836 0.06640237859266601 0.08748615725359911
0 0.5317145688800793 0.5957918050941307 0.06442021803766106 0.08416389811738649
0 0.5668979187314173 0.5741971207087486 0.06342913776015857 0.07862679955703211
0 0.6040634291377601 0.5465116279069767 0.07036669970267592 0.08305647840531562
0 0.6437066402378593 0.5160575858250277 0.07631318136769079 0.09966777408637874
0 0.682358771060456 0.4988925802879291 0.08225966303270565 0.10077519379844961
0 0.7180376610505451 0.4678848283499446 0.06838453914767097 0.09413067552602436
0 0.7497522299306244 0.43576965669988926 0.06442021803766106 0.08748615725359911
0 0.7804757185332012 0.40753045404208194 0.07036669970267592 0.08637873754152824
0 0.8245787908820614 0.39700996677740863 0.061446977205153616 0.09191583610188261
0 0.8503468780971258 0.6135105204872646 0.04360753221010902 0.046511627906976744
0 0.7284440039643211 0.6827242524916943 0.02973240832507433 0.04983388704318937
0 0.8057482656095144 0.6400885935769657 0.04558969276511397 0.03765227021040975
0 0.7051536174430129 0.7170542635658915 0.05252725470763132 0.06976744186046512
0 0.4415262636273538 0.9080841638981174 0.04658077304261645 0.059800664451827246
0 0.48067393458870167 0.8820598006644518 0.04757185332011893 0.06755260243632337
0 0.5128840436075323 0.8466223698781838 0.04261645193260654 0.06312292358803986
0 0.5510406342913776 0.8067552602436323 0.03964321110009911 0.06755260243632337
0 0.6288404360753221 0.769656699889258 0.06640237859266601 0.0664451827242525
0 0.3354806739345887 0.9778516057585825 0.040634291377601585 0.042081949058693245
0 0.408820614469772 0.9357696566998892 0.04261645193260654 0.05537098560354374
0 0.08919722497522299 0.1788482834994463 0.04360753221010902 0.05204872646733112
0 0.12933597621407333 0.14894795127353266 0.05054509415262636 0.04983388704318937
0 0.17294350842418235 0.14562569213732005 0.07631318136769079 0.09856035437430787
0 0.22299306243805747 0.053156146179401995 0.02973240832507433 0.042081949058693245
