0 0.13275686673448628 0.29888888888888887 0.12105798575788403 0.057777777777777775
0 0.1342828077314344 0.3566666666666667 0.11393692777212615 0.06444444444444444
0 0.12309257375381485 0.4172222222222222 0.10783316378433368 0.04777777777777778
0 0.03967446592065107 0.4216666666666667 0.0752797558494405 0.10111111111111111
0 0.11800610376398779 0.4866666666666667 0.1363173957273652 0.06222222222222222
0 0.10376398779247202 0.5527777777777778 0.1017293997965412 0.07
0 0.09766022380467955 0.6361111111111111 0.10579857578840285 0.05444444444444444
0 0.0752797558494405 0.7605555555555555 0.10376398779247202 0.06111111111111111
0 0.0595116988809766 0.8805555555555555 0.11495422177009156 0.07
0 0.05849440488301119 0.9366666666666666 0.09460834181078331 0.06666666666666667
0 0.05747711088504578 0.975 0.09867751780264497 0.043333333333333335
0 0.3819938962360122 0.19555555555555557 0.11698880976602238 0.05333333333333334
0 0.3708036622583927 0.305 0.11088504577822991 0.06111111111111111
0 0.3779247202441506 0.9761111111111112 0.1190233977619532 0.04555555555555556
0 0.39521871820956256 0.9288888888888889 0.10681586978636826 0.05555555555555555
0 0.40030518819938965 0.875 0.11088504577822991 0.056666666666666664
0 0.2904374364191251 0.9072222222222223 0.11291963377416073 0.052222222222222225
0 0.3123092573753815 0.7505555555555555 0.12207527975584945 0.06333333333333334
0 0.4242115971515768 0.7561111111111111 0.09969481180061038 0.06333333333333334
0 0.422177009155646 0.6761111111111111 0.11190233977619532 0.05444444444444444
0 0.4303153611393693 0.6038888888888889 0.10579857578840285 0.06111111111111111
0 0.344354018311292 0.4738888888888889 0.11698880976602238 0.06111111111111111
0 0.35096642929806715 0.41388888888888886 0.12410986775178026 0.058888888888888886
0 0.6968463886063072 0.28555555555555556 0.13021363173957273 0.06666666666666667
0 0.3051881993896236 0.5827777777777777 0.14242115971515767 0.07
0 0.3545269582909461 0.35055555555555556 0.12919633774160733 0.058888888888888886
