0 0.6051844466600199 0.9055299539170507 0.06779661016949153 0.0944700460829493
0 0.5897308075772681 0.8582949308755761 0.08673978065802593 0.08986175115207373
0 0.5124626121635095 0.7684331797235023 0.05782652043868395 0.0576036866359447
0 0.48055832502492524 0.7073732718894009 0.0518444666001994 0.06682027649769585
0 0.4641076769690927 0.652073732718894 0.06679960119641076 0.08294930875576037
0 0.44017946161515453 0.603110599078341 0.08673978065802593 0.09331797235023041
0 0.4102691924227318 0.5397465437788018 0.07876370887337986 0.0748847926267281
0 0.37337986041874377 0.4873271889400922 0.08873379860418744 0.08525345622119816
0 0.22083748753738783 0.31105990783410137 0.0847457627118644 0.1175115207373272
0 0.41126620139581255 0.9671658986175116 0.07477567298105683 0.06566820276497695
0 0.38783649052841473 0.918778801843318 0.08574277168494517 0.07949308755760369
0 0.36689930209371885 0.8640552995391705 0.08574277168494517 0.09907834101382489
0 0.31754735792622135 0.7747695852534562 0.10269192422731804 0.10714285714285714
0 0.28015952143569295 0.7275345622119815 0.0897308075772682 0.10023041474654378
0 0.25373878364905283 0.6733870967741935 0.08873379860418744 0.09331797235023041
0 0.21585244267198406 0.6336405529953917 0.0967098703888335 0.10599078341013825
0 0.09222333000997009 0.3490783410138249 0.09072781655034895 0.0944700460829493
0 0.036889332003988036 0.26497695852534564 0.07178464606181456 0.10138248847926268
0 0.020438683948155532 0.19470046082949308 0.038883349950149554 0.06912442396313365
