0 0.028328611898016998 0.6813186813186813 0.0339943342776204 0.07326007326007326
0 0.08356940509915015 0.663003663003663 0.031161473087818695 0.06593406593406594
0 0.08923512747875353 0.8351648351648352 0.036827195467422094 0.07326007326007326
0 0.1501416430594901 0.8168498168498168 0.0339943342776204 0.07326007326007326
0 0.37393767705382436 0.6007326007326007 0.0339943342776204 0.07326007326007326
0 0.40368271954674223 0.5915750915750916 0.036827195467422094 0.07692307692307693
0 0.4546742209631728 0.5787545787545788 0.031161473087818695 0.06593406593406594
0 0.5113314447592068 0.5567765567765568 0.036827195467422094 0.07326007326007326
0 0.6104815864022662 0.5293040293040293 0.036827195467422094 0.0695970695970696
0 0.6317280453257791 0.6996336996336996 0.0339943342776204 0.08791208791208792
0 0.6940509915014165 0.6776556776556777 0.039660056657223795 0.08058608058608059
0 0.42209631728045327 0.7564102564102564 0.0339943342776204 0.0695970695970696
0 0.24362606232294617 0.9358974358974359 0.07365439093484419 0.054945054945054944
0 0.23796033994334279 0.978021978021978 0.06232294617563739 0.03663003663003663
0 0.48725212464589235 0.9835164835164835 0.0679886685552408 0.02564102564102564
0 0.9022662889518414 0.7435897435897436 0.059490084985835696 0.04395604395604396
0 0.9631728045325779 0.8351648351648352 0.056657223796033995 0.04395604395604396
0 0.7067988668555241 0.9798534798534798 0.053824362606232294 0.03296703296703297
