0 0.09691848906560636 0.9708904109589042 0.048707753479125246 0.04223744292237443
0 0.0705765407554672 0.875 0.05964214711729622 0.11757990867579908
0 0.04473161033797217 0.7482876712328768 0.05765407554671968 0.11986301369863013
0 0.02584493041749503 0.634703196347032 0.04572564612326044 0.12557077625570776
0 0.49353876739562624 0.7614155251141552 0.06063618290258449 0.1141552511415525
0 0.4125248508946322 0.4092465753424658 0.05168986083499006 0.10159817351598173
0 0.3588469184890656 0.16666666666666666 0.061630218687872766 0.1095890410958904
0 0.4269383697813121 0.5176940639269406 0.04473161033797217 0.12214611872146118
0 0.22216699801192843 0.0656392694063927 0.05268389662027833 0.11301369863013698
0 0.2529821073558648 0.18093607305936074 0.05069582504970179 0.11301369863013698
0 0.279324055666004 0.285958904109589 0.0536779324055666 0.10616438356164383
0 0.30168986083499005 0.3955479452054795 0.05666003976143141 0.10616438356164383
0 0.334493041749503 0.5171232876712328 0.05666003976143141 0.1187214611872146
0 0.36381709741550694 0.6432648401826484 0.05168986083499006 0.11529680365296803
0 0.39214711729622265 0.757420091324201 0.05666003976143141 0.10844748858447488
0 0.41699801192842945 0.8590182648401826 0.05467196819085487 0.08789954337899543
0 0.4378727634194831 0.9606164383561644 0.05268389662027833 0.07191780821917808
0 0.3941351888667992 0.9731735159817352 0.05069582504970179 0.03995433789954338
0 0.371272365805169 0.898972602739726 0.06461232604373758 0.11301369863013698
0 0.34393638170974156 0.7734018264840182 0.05964214711729622 0.11529680365296803
0 0.3116302186878728 0.658675799086758 0.05467196819085487 0.1095890410958904
0 0.28876739562624254 0.541095890410959 0.05666003976143141 0.11187214611872145
0 0.23161033797216699 0.3116438356164384 0.05168986083499006 0.1004566210045662
0 0.20427435387673956 0.2009132420091324 0.05069582504970179 0.091324200913242
0 0.18290258449304175 0.10616438356164383 0.04771371769383698 0.0502283105022831
0 0.10437375745526839 0.19121004566210045 0.05765407554671968 0.11529680365296803
0 0.11779324055666004 0.2905251141552511 0.06262425447316103 0.09703196347031963
0 0.147117296222664 0.396689497716895 0.05964214711729622 0.10844748858447488
0 0.1709741550695825 0.5062785388127854 0.05964214711729622 0.10844748858447488
0 0.20228628230616302 0.6295662100456622 0.05666003976143141 0.10844748858447488
0 0.22564612326043737 0.7345890410958904 0.05964214711729622 0.08105022831050228
0 0.25347912524850896 0.853310502283105 0.04572564612326044 0.09931506849315068
0 0.27286282306163023 0.9509132420091324 0.05666003976143141 0.091324200913242
