0 0.664490861618799 0.1049618320610687 0.05483028720626632 0.04961832061068702
0 0.41383812010443866 0.1450381679389313 0.05483028720626632 0.04580152671755725
0 0.42297650130548303 0.23282442748091603 0.057441253263707574 0.04580152671755725
0 0.4321148825065274 0.3377862595419847 0.05483028720626632 0.04961832061068702
0 0.4255874673629243 0.4064885496183206 0.057441253263707574 0.04198473282442748
0 0.4216710182767624 0.45610687022900764 0.05483028720626632 0.04198473282442748
0 0.42036553524804177 0.5305343511450382 0.04699738903394256 0.04580152671755725
0 0.41906005221932113 0.6049618320610687 0.04960835509138381 0.04961832061068702
0 0.412532637075718 0.6526717557251909 0.057441253263707574 0.04580152671755725
0 0.42297650130548303 0.7213740458015268 0.05221932114882506 0.04580152671755725
0 0.37467362924281983 0.8396946564885496 0.028720626631853787 0.07633587786259542
0 0.9503916449086162 0.8416030534351145 0.03655352480417755 0.08778625954198473
0 0.9725848563968669 0.5534351145038168 0.028720626631853787 0.0916030534351145
