0 0.17827868852459017 0.31564245810055863 0.10860655737704918 0.08379888268156424
0 0.11321721311475409 0.35698324022346367 0.11372950819672131 0.08379888268156424
0 0.21413934426229508 0.6212290502793296 0.06967213114754098 0.12067039106145251
0 0.39395491803278687 0.7932960893854749 0.06659836065573771 0.10502793296089385
0 0.6623975409836066 0.021229050279329607 0.1096311475409836 0.03798882681564246
0 0.6659836065573771 0.06983240223463687 0.09836065573770492 0.05027932960893855
0 0.6547131147540983 0.12625698324022347 0.10450819672131148 0.055865921787709494
0 0.6480532786885246 0.1893854748603352 0.11372950819672131 0.054748603351955305
0 0.6547131147540983 0.24860335195530725 0.09836065573770492 0.054748603351955305
0 0.6506147540983607 0.3039106145251397 0.06352459016393443 0.049162011173184354
0 0.6511270491803278 0.3653631284916201 0.0584016393442623 0.053631284916201116
0 0.6582991803278688 0.5396648044692738 0.10553278688524591 0.053631284916201116
0 0.6670081967213115 0.5949720670391061 0.09836065573770492 0.05251396648044693
0 0.663422131147541 0.6547486033519553 0.10348360655737705 0.060335195530726256
0 0.6659836065573771 0.7737430167597765 0.09836065573770492 0.054748603351955305
0 0.6664959016393442 0.8391061452513966 0.1014344262295082 0.060335195530726256
0 0.663422131147541 0.8983240223463688 0.1096311475409836 0.060335195530726256
0 0.6608606557377049 0.9569832402234637 0.0860655737704918 0.05251396648044693
0 0.39088114754098363 0.4681564245810056 0.1014344262295082 0.08268156424581005
0 0.41547131147540983 0.4016759776536313 0.09938524590163934 0.07262569832402235
0 0.42776639344262296 0.29497206703910617 0.0706967213114754 0.12737430167597766
