0 0.9513406156901688 0.7065337763012182 0.07547169811320754 0.11074197120708748
0 0.7611717974180735 0.6888150609080842 0.06653426017874876 0.10188261351052048
0 0.7100297914597815 0.7048726467331119 0.06355511420059583 0.10299003322259136
0 0.6529294935451837 0.6993355481727574 0.06653426017874876 0.11627906976744186
0 0.5998013902681232 0.6910299003322259 0.06156901688182721 0.10409745293466224
0 0.5451837140019861 0.686046511627907 0.06156901688182721 0.09413067552602436
0 0.48063555114200596 0.6805094130675526 0.07348560079443893 0.10077519379844961
0 0.3743793445878848 0.6478405315614618 0.0913604766633565 0.08637873754152824
0 0.3455809334657398 0.5598006644518272 0.08738828202581926 0.07862679955703211
0 0.32621648460774577 0.5083056478405316 0.0903674280039722 0.0753045404208195
0 0.2914597815292949 0.4601328903654485 0.06852035749751738 0.06090808416389812
0 0.26812313803376364 0.40863787375415284 0.05362462760675273 0.0664451827242525
0 0.2601787487586892 0.3654485049833887 0.047666335650446874 0.042081949058693245
0 0.0506454816285998 0.597452934662237 0.06752730883813307 0.058693244739756366
0 0.07547169811320754 0.6616832779623477 0.07944389275074479 0.06976744186046512
0 0.16931479642502484 0.7104097452934662 0.0903674280039722 0.06976744186046512
0 0.21400198609731877 0.3167220376522702 0.024826216484607744 0.044296788482835
0 0.19960278053624628 0.25858250276854927 0.029791459781529295 0.05647840531561462
0 0.1971201588877855 0.2009966777408638 0.06256206554121152 0.06090808416389812
0 0.1564051638530288 0.14396456256921372 0.0605759682224429 0.0664451827242525
0 0.14498510427010924 0.07862679955703211 0.05759682224428997 0.07751937984496124
