0 0.29322916666666665 0.296875 0.096875 0.3625
0 0.428125 0.278125 0.10208333333333333 0.409375
0 0.5645833333333333 0.27890625 0.09583333333333334 0.3734375
0 0.7020833333333333 0.28984375 0.10416666666666667 0.3828125
0 0.8453125 0.2921875 0.103125 0.38125
0 0.9598958333333333 0.28671875 0.078125 0.4265625
0 0.153125 0.29921875 0.11041666666666666 0.4140625
0 0.04010416666666667 0.2953125 0.078125 0.378125
0 0.043229166666666666 0.7140625 0.084375 0.35
0 0.171875 0.73203125 0.10833333333333334 0.4015625
0 0.30520833333333336 0.72890625 0.09791666666666667 0.3859375
0 0.43333333333333335 0.7140625 0.09583333333333334 0.371875
0 0.56875 0.71328125 0.09166666666666666 0.3703125
0 0.7083333333333334 0.70703125 0.08958333333333333 0.3703125
0 0.8364583333333333 0.71953125 0.10208333333333333 0.3890625
0 0.9588541666666667 0.72578125 0.078125 0.3890625
