0 0.03411458333333333 0.3287037037037037 0.025520833333333333 0.1037037037037037
0 0.07942708333333333 0.32546296296296295 0.022395833333333334 0.08055555555555556
0 0.11223958333333334 0.33240740740740743 0.024479166666666666 0.09259259259259259
0 0.13958333333333334 0.32175925925925924 0.023958333333333335 0.09722222222222222
0 0.16822916666666668 0.3162037037037037 0.022916666666666665 0.0824074074074074
0 0.19453125 0.31805555555555554 0.0234375 0.07314814814814814
0 0.24947916666666667 0.3236111111111111 0.022916666666666665 0.08611111111111111
0 0.2752604166666667 0.31574074074074077 0.022395833333333334 0.09074074074074075
0 0.41458333333333336 0.27685185185185185 0.021875 0.09259259259259259
0 0.4674479166666667 0.2523148148148148 0.0234375 0.10277777777777777
0 0.49947916666666664 0.27037037037037037 0.022916666666666665 0.08703703703703704
0 0.5299479166666666 0.2569444444444444 0.021354166666666667 0.08981481481481482
0 0.5567708333333333 0.2550925925925926 0.022916666666666665 0.08611111111111111
0 0.6135416666666667 0.25555555555555554 0.023958333333333335 0.09444444444444444
0 0.6408854166666667 0.2657407407407407 0.0203125 0.07592592592592592
0 0.6692708333333334 0.26481481481481484 0.020833333333333332 0.1
0 0.7036458333333333 0.2662037037037037 0.022916666666666665 0.09351851851851851
0 0.7385416666666667 0.2657407407407407 0.027083333333333334 0.08703703703703704
0 0.7752604166666667 0.26481481481481484 0.024479166666666666 0.09074074074074075
0 0.8020833333333334 0.2611111111111111 0.021875 0.08518518518518518
0 0.8317708333333333 0.26666666666666666 0.025 0.08888888888888889
0 0.8604166666666667 0.2652777777777778 0.025 0.09166666666666666
0 0.9127604166666666 0.2726851851851852 0.033854166666666664 0.10092592592592593
0 0.9408854166666667 0.262037037037037 0.025520833333333333 0.07592592592592592
0 0.9658854166666667 0.2763888888888889 0.028645833333333332 0.10092592592592593
0 0.9885416666666667 0.26666666666666666 0.019791666666666666 0.08148148148148149
0 0.020572916666666666 0.8064814814814815 0.028645833333333332 0.09259259259259259
0 0.08932291666666667 0.850462962962963 0.0484375 0.03981481481481482
0 0.1703125 0.5541666666666667 0.04791666666666667 0.03796296296296296
0 0.16796875 0.6046296296296296 0.0484375 0.03888888888888889
0 0.1671875 0.6601851851851852 0.05520833333333333 0.040740740740740744
0 0.16692708333333334 0.7180555555555556 0.0546875 0.049074074074074076
0 0.1671875 0.7671296296296296 0.04895833333333333 0.03981481481481482
0 0.1671875 0.8138888888888889 0.04479166666666667 0.03888888888888889
0 0.16666666666666666 0.8643518518518518 0.053125 0.04537037037037037
0 0.13984375 0.9736111111111111 0.05572916666666667 0.04722222222222222
0 0.06692708333333333 0.9458333333333333 0.05260416666666667 0.041666666666666664
0 0.3690104166666667 0.5050925925925925 0.0609375 0.04351851851851852
0 0.30703125 0.5101851851851852 0.04739583333333333 0.03888888888888889
0 0.3723958333333333 0.6597222222222222 0.042708333333333334 0.03611111111111111
0 0.37005208333333334 0.5657407407407408 0.043229166666666666 0.044444444444444446
0 0.3125 0.5773148148148148 0.051041666666666666 0.041666666666666664
0 0.30130208333333336 0.6217592592592592 0.050520833333333334 0.04537037037037037
0 0.30755208333333334 0.6675925925925926 0.0484375 0.037037037037037035
0 0.30442708333333335 0.7606481481481482 0.05364583333333333 0.03796296296296296
0 0.3723958333333333 0.7175925925925926 0.051041666666666666 0.044444444444444446
0 0.3703125 0.7708333333333334 0.046875 0.041666666666666664
0 0.37395833333333334 0.8212962962962963 0.051041666666666666 0.044444444444444446
0 0.31015625 0.8208333333333333 0.049479166666666664 0.04351851851851852
0 0.37265625 0.8773148148148148 0.0515625 0.049074074074074076
0 0.30885416666666665 0.8736111111111111 0.040625 0.03611111111111111
0 0.31015625 0.9254629629629629 0.043229166666666666 0.041666666666666664
0 0.36432291666666666 0.9300925925925926 0.044270833333333336 0.03796296296296296
0 0.5143229166666666 0.6148148148148148 0.05572916666666667 0.05185185185185185
0 0.5114583333333333 0.674074074074074 0.05625 0.04259259259259259
0 0.51171875 0.7277777777777777 0.0609375 0.04259259259259259
0 0.3255208333333333 0.29305555555555557 0.025 0.10648148148148148
0 0.3609375 0.2814814814814815 0.029166666666666667 0.09444444444444444
0 0.5682291666666667 0.46944444444444444 0.05520833333333333 0.04259259259259259
0 0.5875 0.5199074074074074 0.05520833333333333 0.041666666666666664
0 0.5049479166666667 0.4930555555555556 0.05572916666666667 0.05277777777777778
0 0.5833333333333334 0.575 0.05625 0.040740740740740744
0 0.5106770833333333 0.5537037037037037 0.0609375 0.06111111111111111
0 0.5807291666666666 0.6268518518518519 0.057291666666666664 0.044444444444444446
0 0.5791666666666667 0.7314814814814815 0.04895833333333333 0.040740740740740744
0 0.58046875 0.7791666666666667 0.04635416666666667 0.03796296296296296
0 0.5817708333333333 0.8337962962962963 0.058333333333333334 0.041666666666666664
0 0.5752604166666667 0.8861111111111111 0.05364583333333333 0.03888888888888889
0 0.5778645833333333 0.9449074074074074 0.06302083333333333 0.049074074074074076
0 0.5057291666666667 0.836574074074074 0.06041666666666667 0.049074074074074076
0 0.5072916666666667 0.7791666666666667 0.05416666666666667 0.03981481481481482
0 0.58125 0.6736111111111112 0.05625 0.03981481481481482
0 0.5111979166666667 0.8888888888888888 0.0515625 0.044444444444444446
0 0.5130208333333334 0.937037037037037 0.05625 0.040740740740740744
0 0.6416666666666667 0.9152777777777777 0.026041666666666668 0.09722222222222222
0 0.7153645833333333 0.7236111111111111 0.04635416666666667 0.041666666666666664
0 0.7158854166666667 0.7759259259259259 0.04739583333333333 0.03888888888888889
0 0.7153645833333333 0.825925925925926 0.059895833333333336 0.04259259259259259
0 0.7130208333333333 0.9388888888888889 0.05520833333333333 0.044444444444444446
0 0.7716145833333333 0.9342592592592592 0.05677083333333333 0.04259259259259259
0 0.7802083333333333 0.8796296296296297 0.04791666666666667 0.04259259259259259
0 0.71953125 0.5791666666666667 0.049479166666666664 0.041666666666666664
0 0.7135416666666666 0.5226851851851851 0.04791666666666667 0.03981481481481482
0 0.70859375 0.4685185185185185 0.04739583333333333 0.03888888888888889
0 0.7635416666666667 0.4652777777777778 0.057291666666666664 0.041666666666666664
0 0.7815104166666667 0.5254629629629629 0.0484375 0.03796296296296296
0 0.7861979166666667 0.5814814814814815 0.05260416666666667 0.04259259259259259
0 0.7807291666666667 0.6300925925925925 0.03958333333333333 0.03796296296296296
0 0.77734375 0.6796296296296296 0.049479166666666664 0.04259259259259259
0 0.7796875 0.7597222222222222 0.051041666666666666 0.03981481481481482
0 0.7768229166666667 0.825925925925926 0.0484375 0.04259259259259259
0 0.9203125 0.47685185185185186 0.053125 0.040740740740740744
0 0.9190104166666667 0.5361111111111111 0.05572916666666667 0.04259259259259259
0 0.9161458333333333 0.5893518518518519 0.059375 0.03981481481481482
0 0.91640625 0.6930555555555555 0.05677083333333333 0.03796296296296296
0 0.9119791666666667 0.7736111111111111 0.058333333333333334 0.03981481481481482
0 0.9104166666666667 0.8203703703703704 0.05 0.037037037037037035
0 0.9111979166666667 0.8805555555555555 0.05364583333333333 0.03888888888888889
0 0.9127604166666666 0.9412037037037037 0.059895833333333336 0.04722222222222222
0 0.9734375 0.5194444444444445 0.04895833333333333 0.037037037037037035
0 0.9752604166666666 0.5787037037037037 0.04739583333333333 0.037037037037037035
0 0.97265625 0.6296296296296297 0.05260416666666667 0.04259259259259259
0 0.9765625 0.674537037037037 0.04479166666666667 0.03796296296296296
0 0.9736979166666667 0.7796296296296297 0.049479166666666664 0.040740740740740744
0 0.9723958333333333 0.8314814814814815 0.053125 0.05185185185185185
0 0.978125 0.9342592592592592 0.042708333333333334 0.037037037037037035
0 0.9734375 0.8763888888888889 0.04895833333333333 0.03981481481481482
