0 0.1421875 0.12685185185185185 0.0375 0.03518518518518519
0 0.14270833333333333 0.1712962962962963 0.042708333333333334 0.03518518518518519
0 0.13776041666666666 0.08055555555555556 0.0453125 0.037037037037037035
0 0.13958333333333334 0.03657407407407407 0.042708333333333334 0.041666666666666664
0 0.14375 0.21666666666666667 0.03854166666666667 0.037037037037037035
0 0.17786458333333333 0.25324074074074077 0.018229166666666668 0.075
0 0.22942708333333334 0.25462962962962965 0.021354166666666667 0.07777777777777778
0 0.20390625 0.2574074074074074 0.016145833333333335 0.07407407407407407
0 0.24921875 0.06944444444444445 0.018229166666666668 0.07962962962962963
0 0.25 0.013425925925925926 0.017708333333333333 0.025
0 0.27239583333333334 0.06342592592592593 0.016666666666666666 0.07314814814814814
0 0.29583333333333334 0.0125 0.01875 0.023148148148148147
0 0.3203125 0.009259259259259259 0.017708333333333333 0.014814814814814815
0 0.34348958333333335 0.011111111111111112 0.019270833333333334 0.018518518518518517
0 0.3921875 0.010185185185185186 0.016666666666666666 0.018518518518518517
0 0.37083333333333335 0.008796296296296297 0.017708333333333333 0.013888888888888888
0 0.4166666666666667 0.006481481481481481 0.017708333333333333 0.009259259259259259
0 0.43776041666666665 0.008333333333333333 0.0171875 0.012962962962962963
0 0.296875 0.0699074074074074 0.017708333333333333 0.07685185185185185
0 0.3216145833333333 0.06851851851851852 0.0171875 0.07037037037037037
0 0.3458333333333333 0.06898148148148148 0.01875 0.06759259259259259
0 0.3697916666666667 0.06527777777777778 0.01875 0.08055555555555556
0 0.39348958333333334 0.06620370370370371 0.019270833333333334 0.075
0 0.4158854166666667 0.0587962962962963 0.019270833333333334 0.0824074074074074
0 0.43828125 0.06157407407407407 0.016145833333333335 0.0824074074074074
0 0.4640625 0.05925925925925926 0.019791666666666666 0.07777777777777778
0 0.4875 0.06157407407407407 0.017708333333333333 0.075
0 0.5125 0.053703703703703705 0.017708333333333333 0.06851851851851852
0 0.5083333333333333 0.006481481481481481 0.016666666666666666 0.009259259259259259
0 0.5546875 0.05694444444444444 0.017708333333333333 0.07314814814814814
0 0.5802083333333333 0.05416666666666667 0.01875 0.0824074074074074
0 0.6033854166666667 0.05324074074074074 0.019270833333333334 0.07685185185185185
0 0.6276041666666666 0.04722222222222222 0.017708333333333333 0.07962962962962963
0 0.5528645833333333 0.006481481481481481 0.016145833333333335 0.009259259259259259
0 0.5768229166666666 0.006481481481481481 0.016145833333333335 0.009259259259259259
0 0.6484375 0.006944444444444444 0.015625 0.010185185185185186
0 0.6510416666666666 0.05462962962962963 0.01875 0.07592592592592592
0 0.6723958333333333 0.05185185185185185 0.017708333333333333 0.07222222222222222
0 0.6682291666666667 0.005092592592592593 0.015625 0.006481481481481481
0 0.6934895833333333 0.06388888888888888 0.018229166666666668 0.07962962962962963
0 0.71796875 0.05416666666666667 0.018229166666666668 0.0824074074074074
0 0.7380208333333333 0.05648148148148148 0.019791666666666666 0.07962962962962963
0 0.7606770833333333 0.05787037037037037 0.021354166666666667 0.08055555555555556
0 0.2515625 0.24722222222222223 0.019791666666666666 0.07592592592592592
0 0.27447916666666666 0.24537037037037038 0.019791666666666666 0.07962962962962963
0 0.296875 0.2412037037037037 0.017708333333333333 0.0787037037037037
0 0.32057291666666665 0.2375 0.016145833333333335 0.06018518518518518
0 0.34296875 0.24212962962962964 0.016145833333333335 0.06388888888888888
0 0.37005208333333334 0.2337962962962963 0.0171875 0.0787037037037037
0 0.39453125 0.23935185185185184 0.019270833333333334 0.07685185185185185
0 0.4158854166666667 0.2388888888888889 0.016145833333333335 0.06666666666666667
0 0.25494791666666666 0.3425925925925926 0.016145833333333335 0.06851851851851852
0 0.29921875 0.3337962962962963 0.019270833333333334 0.07314814814814814
0 0.27734375 0.3337962962962963 0.019270833333333334 0.07685185185185185
0 0.3223958333333333 0.33101851851851855 0.017708333333333333 0.06574074074074074
0 0.34609375 0.32546296296296295 0.018229166666666668 0.07685185185185185
0 0.3697916666666667 0.324537037037037 0.016666666666666666 0.075
0 0.3919270833333333 0.3212962962962963 0.016145833333333335 0.07222222222222222
0 0.41692708333333334 0.32222222222222224 0.018229166666666668 0.07592592592592592
0 0.43828125 0.23703703703703705 0.016145833333333335 0.07777777777777778
0 0.4390625 0.3194444444444444 0.017708333333333333 0.07407407407407407
0 0.4622395833333333 0.2310185185185185 0.018229166666666668 0.07685185185185185
0 0.48489583333333336 0.23842592592592593 0.017708333333333333 0.0787037037037037
0 0.5109375 0.2324074074074074 0.016666666666666666 0.07592592592592592
0 0.46197916666666666 0.31666666666666665 0.016666666666666666 0.07037037037037037
0 0.48671875 0.31805555555555554 0.018229166666666668 0.0787037037037037
0 0.5109375 0.32083333333333336 0.015625 0.07685185185185185
0 0.55390625 0.23333333333333334 0.015104166666666667 0.05925925925925926
0 0.5567708333333333 0.31666666666666665 0.01875 0.07777777777777778
0 0.5809895833333333 0.31342592592592594 0.0171875 0.0712962962962963
0 0.5770833333333333 0.23425925925925925 0.016666666666666666 0.07777777777777778
0 0.6010416666666667 0.2337962962962963 0.017708333333333333 0.07685185185185185
0 0.60390625 0.3162037037037037 0.019270833333333334 0.07685185185185185
0 0.6252604166666667 0.31712962962962965 0.018229166666666668 0.0787037037037037
0 0.62265625 0.2273148148148148 0.018229166666666668 0.0787037037037037
0 0.6479166666666667 0.3106481481481482 0.01875 0.0712962962962963
0 0.6458333333333334 0.22962962962962963 0.01875 0.07592592592592592
0 0.6682291666666667 0.22870370370370371 0.01875 0.07407407407407407
0 0.66953125 0.3074074074074074 0.016145833333333335 0.07777777777777778
0 0.6911458333333333 0.22268518518518518 0.021875 0.06759259259259259
0 0.69375 0.3138888888888889 0.017708333333333333 0.07407407407407407
0 0.7135416666666666 0.22870370370370371 0.020833333333333332 0.07407407407407407
0 0.7369791666666666 0.21944444444444444 0.01875 0.07777777777777778
0 0.71484375 0.3106481481481482 0.0171875 0.07314814814814814
0 0.7385416666666667 0.3101851851851852 0.017708333333333333 0.07777777777777778
0 0.7583333333333333 0.3060185185185185 0.016666666666666666 0.075
0 0.75859375 0.2162037037037037 0.0203125 0.07685185185185185
0 0.8606770833333334 0.03194444444444444 0.0421875 0.03425925925925926
0 0.8640625 0.07361111111111111 0.036458333333333336 0.032407407407407406
0 0.8611979166666667 0.11851851851851852 0.04010416666666667 0.03148148148148148
0 0.8625 0.15462962962962962 0.042708333333333334 0.02962962962962963
0 0.8604166666666667 0.19675925925925927 0.042708333333333334 0.03425925925925926
0 0.8622395833333333 0.23287037037037037 0.04114583333333333 0.03611111111111111
0 0.8630208333333333 0.30833333333333335 0.040625 0.03148148148148148
0 0.865625 0.350462962962963 0.041666666666666664 0.030555555555555555
0 0.8658854166666666 0.3902777777777778 0.03697916666666667 0.032407407407407406
0 0.86328125 0.43333333333333335 0.0390625 0.03148148148148148
0 0.8658854166666666 0.4708333333333333 0.03697916666666667 0.026851851851851852
0 0.86484375 0.5101851851851852 0.04010416666666667 0.02962962962962963
0 0.8674479166666667 0.549074074074074 0.04114583333333333 0.03333333333333333
0 0.8690104166666667 0.5888888888888889 0.04010416666666667 0.025925925925925925
0 0.259375 0.5078703703703704 0.01875 0.07314814814814814
0 0.2838541666666667 0.5157407407407407 0.019791666666666666 0.07592592592592592
0 0.3098958333333333 0.5083333333333333 0.017708333333333333 0.06481481481481481
0 0.33203125 0.5078703703703704 0.018229166666666668 0.07314814814814814
0 0.35651041666666666 0.5120370370370371 0.015104166666666667 0.06481481481481481
0 0.37786458333333334 0.5078703703703704 0.0171875 0.06944444444444445
0 0.40182291666666664 0.5074074074074074 0.016145833333333335 0.06111111111111111
0 0.42526041666666664 0.5041666666666667 0.018229166666666668 0.0712962962962963
0 0.2630208333333333 0.5958333333333333 0.019791666666666666 0.0787037037037037
0 0.28567708333333336 0.5958333333333333 0.021354166666666667 0.0712962962962963
0 0.3098958333333333 0.600462962962963 0.017708333333333333 0.075
0 0.33046875 0.5916666666666667 0.018229166666666668 0.07592592592592592
0 0.35546875 0.5888888888888889 0.018229166666666668 0.07962962962962963
0 0.37994791666666666 0.5972222222222222 0.0171875 0.07962962962962963
0 0.40234375 0.5861111111111111 0.018229166666666668 0.07037037037037037
0 0.425 0.5842592592592593 0.017708333333333333 0.07222222222222222
0 0.44765625 0.49907407407407406 0.016145833333333335 0.06851851851851852
0 0.45 0.5851851851851851 0.017708333333333333 0.07962962962962963
0 0.47213541666666664 0.5018518518518519 0.018229166666666668 0.07407407407407407
0 0.4739583333333333 0.5824074074074074 0.016666666666666666 0.07592592592592592
0 0.49505208333333334 0.5805555555555556 0.018229166666666668 0.07592592592592592
0 0.521875 0.5768518518518518 0.016666666666666666 0.07592592592592592
0 0.5161458333333333 0.49583333333333335 0.01875 0.0712962962962963
0 0.49296875 0.49722222222222223 0.019270833333333334 0.07407407407407407
0 0.5580729166666667 0.4930555555555556 0.016145833333333335 0.06759259259259259
0 0.5661458333333333 0.5763888888888888 0.016666666666666666 0.06759259259259259
0 0.5854166666666667 0.48564814814814816 0.01875 0.0787037037037037
0 0.5895833333333333 0.5782407407407407 0.016666666666666666 0.07685185185185185
0 0.6059895833333333 0.48842592592592593 0.016145833333333335 0.06574074074074074
0 0.6140625 0.5717592592592593 0.017708333333333333 0.05648148148148148
0 0.6278645833333333 0.4773148148148148 0.018229166666666668 0.0787037037037037
0 0.6510416666666666 0.4777777777777778 0.019791666666666666 0.07407407407407407
0 0.675 0.48333333333333334 0.017708333333333333 0.06111111111111111
0 0.6955729166666667 0.48657407407407405 0.016145833333333335 0.0712962962962963
0 0.63515625 0.575925925925926 0.0171875 0.06481481481481481
0 0.65625 0.5671296296296297 0.01875 0.06944444444444445
0 0.6799479166666667 0.5685185185185185 0.018229166666666668 0.06296296296296296
0 0.71640625 0.4875 0.019270833333333334 0.07314814814814814
0 0.7377604166666667 0.4837962962962963 0.0171875 0.06944444444444445
0 0.7611979166666667 0.47824074074074074 0.019270833333333334 0.07314814814814814
0 0.70078125 0.5657407407407408 0.018229166666666668 0.07222222222222222
0 0.7213541666666666 0.5657407407407408 0.01875 0.07222222222222222
0 0.7434895833333334 0.5662037037037037 0.018229166666666668 0.06388888888888888
0 0.7653645833333333 0.5722222222222222 0.0171875 0.07407407407407407
0 0.26901041666666664 0.7759259259259259 0.0171875 0.07407407407407407
0 0.29010416666666666 0.7708333333333334 0.017708333333333333 0.0712962962962963
0 0.3138020833333333 0.7657407407407407 0.0171875 0.07407407407407407
0 0.33697916666666666 0.7643518518518518 0.017708333333333333 0.075
0 0.36015625 0.7652777777777777 0.018229166666666668 0.0712962962962963
0 0.38333333333333336 0.7574074074074074 0.016666666666666666 0.07222222222222222
0 0.40729166666666666 0.7606481481481482 0.01875 0.07314814814814814
0 0.4309895833333333 0.7560185185185185 0.019270833333333334 0.06759259259259259
0 0.45260416666666664 0.7625 0.01875 0.075
0 0.29739583333333336 0.8467592592592592 0.017708333333333333 0.0712962962962963
0 0.2716145833333333 0.8458333333333333 0.0171875 0.06388888888888888
0 0.3177083333333333 0.8486111111111111 0.019791666666666666 0.075
0 0.3411458333333333 0.8453703703703703 0.016666666666666666 0.06851851851851852
0 0.3645833333333333 0.8472222222222222 0.016666666666666666 0.06111111111111111
0 0.3859375 0.8472222222222222 0.01875 0.06851851851851852
0 0.4088541666666667 0.8435185185185186 0.016666666666666666 0.07592592592592592
0 0.4317708333333333 0.8379629629629629 0.017708333333333333 0.06296296296296296
0 0.45677083333333335 0.8361111111111111 0.016666666666666666 0.06296296296296296
0 0.47682291666666665 0.8333333333333334 0.016145833333333335 0.06296296296296296
0 0.49765625 0.7564814814814815 0.0171875 0.07592592592592592
0 0.475 0.7518518518518519 0.016666666666666666 0.06481481481481481
0 0.5208333333333334 0.7527777777777778 0.016666666666666666 0.06851851851851852
0 0.5 0.8393518518518519 0.016666666666666666 0.06018518518518518
0 0.521875 0.8356481481481481 0.016666666666666666 0.075
0 0.56953125 0.7555555555555555 0.016145833333333335 0.06296296296296296
0 0.5932291666666667 0.749537037037037 0.015625 0.06944444444444445
0 0.5682291666666667 0.8277777777777777 0.015625 0.06111111111111111
0 0.6145833333333334 0.7481481481481481 0.016666666666666666 0.06481481481481481
0 0.5932291666666667 0.825462962962963 0.015625 0.0712962962962963
0 0.6143229166666667 0.8240740740740741 0.0171875 0.06111111111111111
0 0.63671875 0.7481481481481481 0.016145833333333335 0.07037037037037037
0 0.6580729166666667 0.7425925925925926 0.0171875 0.06666666666666667
0 0.68046875 0.7416666666666667 0.016145833333333335 0.05740740740740741
0 0.7049479166666667 0.7314814814814815 0.0171875 0.07037037037037037
0 0.7252604166666666 0.737037037037037 0.018229166666666668 0.07222222222222222
0 0.7466145833333333 0.7356481481481482 0.0171875 0.0712962962962963
0 0.76796875 0.7282407407407407 0.018229166666666668 0.07314814814814814
0 0.63984375 0.8208333333333333 0.0171875 0.06944444444444445
0 0.6588541666666666 0.8189814814814815 0.014583333333333334 0.075
0 0.6791666666666667 0.8157407407407408 0.017708333333333333 0.07407407407407407
0 0.7015625 0.8175925925925925 0.016666666666666666 0.07222222222222222
0 0.7239583333333334 0.8199074074074074 0.016666666666666666 0.06944444444444445
0 0.7434895833333334 0.8115740740740741 0.0171875 0.06759259259259259
0 0.7653645833333333 0.8060185185185185 0.019270833333333334 0.07314814814814814
0 0.15338541666666666 0.6847222222222222 0.044270833333333336 0.030555555555555555
0 0.15546875 0.725462962962963 0.04114583333333333 0.032407407407407406
0 0.16692708333333334 0.9879629629629629 0.0359375 0.022222222222222223
0 0.278125 0.9898148148148148 0.016666666666666666 0.016666666666666666
0 0.2986979166666667 0.9921296296296296 0.016145833333333335 0.012037037037037037
0 0.32421875 0.986574074074074 0.0171875 0.025
0 0.34479166666666666 0.987037037037037 0.016666666666666666 0.022222222222222223
0 0.36796875 0.9912037037037037 0.015104166666666667 0.013888888888888888
0 0.3919270833333333 0.9875 0.016145833333333335 0.021296296296296296
0 0.41458333333333336 0.9898148148148148 0.015625 0.016666666666666666
0 0.43723958333333335 0.987037037037037 0.015104166666666667 0.022222222222222223
0 0.4591145833333333 0.9828703703703704 0.0171875 0.030555555555555555
0 0.4825520833333333 0.9828703703703704 0.0171875 0.030555555555555555
0 0.5052083333333334 0.9837962962962963 0.016666666666666666 0.028703703703703703
0 0.5291666666666667 0.9847222222222223 0.01875 0.026851851851851852
0 0.5723958333333333 0.9791666666666666 0.016666666666666666 0.03796296296296296
0 0.5921875 0.9787037037037037 0.016666666666666666 0.040740740740740744
0 0.6153645833333333 0.975925925925926 0.018229166666666668 0.044444444444444446
0 0.6369791666666667 0.9768518518518519 0.015625 0.04259259259259259
0 0.65859375 0.9722222222222222 0.019270833333333334 0.05185185185185185
0 0.6796875 0.9722222222222222 0.016666666666666666 0.05185185185185185
0 0.7 0.9685185185185186 0.017708333333333333 0.05925925925925926
0 0.7234375 0.9694444444444444 0.01875 0.05740740740740741
0 0.7427083333333333 0.9657407407407408 0.017708333333333333 0.06481481481481481
0 0.7653645833333333 0.9629629629629629 0.018229166666666668 0.07037037037037037
0 0.865625 0.6620370370370371 0.041666666666666664 0.03148148148148148
0 0.8640625 0.7013888888888888 0.034375 0.030555555555555555
0 0.8627604166666667 0.7375 0.03697916666666667 0.026851851851851852
0 0.86328125 0.7768518518518519 0.03177083333333333 0.02962962962962963
0 0.8635416666666667 0.8134259259259259 0.03333333333333333 0.028703703703703703
0 0.86328125 0.8467592592592592 0.0296875 0.026851851851851852
0 0.8643229166666667 0.8833333333333333 0.0359375 0.02962962962962963
0 0.8645833333333334 0.9254629629629629 0.03333333333333333 0.026851851851851852
0 0.8625 0.9634259259259259 0.040625 0.030555555555555555
0 0.8640625 0.9902777777777778 0.034375 0.01574074074074074
0 0.14401041666666667 0.008333333333333333 0.043229166666666666 0.012962962962962963
