0 0.009895833333333333 0.03194444444444444 0.016666666666666666 0.06018518518518518
0 0.109375 0.02962962962962963 0.028125 0.05925925925925926
0 0.10807291666666667 0.12083333333333333 0.028645833333333332 0.12129629629629629
0 0.1421875 0.12453703703703704 0.023958333333333335 0.09907407407407408
0 0.06015625 0.2865740740740741 0.0609375 0.05277777777777778
0 0.058333333333333334 0.4134259259259259 0.029166666666666667 0.11944444444444445
0 0.0203125 0.4166666666666667 0.035416666666666666 0.1037037037037037
0 0.09713541666666667 0.41759259259259257 0.030729166666666665 0.12222222222222222
0 0.13203125 0.4041666666666667 0.028645833333333332 0.11388888888888889
0 0.16901041666666666 0.41944444444444445 0.0328125 0.12962962962962962
0 0.20885416666666667 0.41203703703703703 0.03125 0.12407407407407407
0 0.28020833333333334 0.40694444444444444 0.03125 0.12685185185185185
0 0.30416666666666664 0.2800925925925926 0.065625 0.04722222222222222
0 0.21067708333333332 0.12037037037037036 0.025520833333333333 0.09444444444444444
0 0.24635416666666668 0.11342592592592593 0.028125 0.1175925925925926
0 0.17630208333333333 0.11064814814814815 0.028645833333333332 0.12129629629629629
0 0.1453125 0.027314814814814816 0.027083333333333334 0.05092592592592592
0 0.20989583333333334 0.02175925925925926 0.027083333333333334 0.03981481481481482
0 0.17942708333333332 0.023148148148148147 0.025520833333333333 0.03888888888888889
0 0.24895833333333334 0.025925925925925925 0.028125 0.044444444444444446
0 0.2825520833333333 0.018055555555555554 0.028645833333333332 0.030555555555555555
0 0.35104166666666664 0.01898148148148148 0.027083333333333334 0.03611111111111111
0 0.2825520833333333 0.11527777777777778 0.024479166666666666 0.09722222222222222
0 0.31979166666666664 0.11898148148148148 0.028125 0.1175925925925926
0 0.38776041666666666 0.11203703703703703 0.027604166666666666 0.12962962962962962
0 0.35208333333333336 0.1111111111111111 0.028125 0.10925925925925926
0 0.38958333333333334 0.01898148148148148 0.026041666666666668 0.03425925925925926
0 0.42161458333333335 0.02546296296296296 0.025520833333333333 0.04537037037037037
0 0.45598958333333334 0.020833333333333332 0.025520833333333333 0.03611111111111111
0 0.4942708333333333 0.016666666666666666 0.025 0.02962962962962963
0 0.4583333333333333 0.10462962962962963 0.026041666666666668 0.11851851851851852
0 0.42265625 0.10925925925925926 0.027604166666666666 0.11666666666666667
0 0.3546875 0.4125 0.025 0.10462962962962963
0 0.42473958333333334 0.4115740740740741 0.027604166666666666 0.11018518518518519
0 0.38697916666666665 0.4027777777777778 0.025 0.10185185185185185
0 0.31875 0.40324074074074073 0.029166666666666667 0.12314814814814815
0 0.20963541666666666 0.562037037037037 0.027604166666666666 0.12222222222222222
0 0.17161458333333332 0.562962962962963 0.0296875 0.11296296296296296
0 0.24791666666666667 0.5513888888888889 0.028125 0.11018518518518519
0 0.3609375 0.5587962962962963 0.027083333333333334 0.11574074074074074
0 0.32421875 0.5592592592592592 0.0296875 0.12962962962962962
0 0.28463541666666664 0.5643518518518519 0.028645833333333332 0.12314814814814815
0 0.3963541666666667 0.5564814814814815 0.027083333333333334 0.12222222222222222
0 0.5549479166666667 0.40925925925925927 0.025520833333333333 0.1111111111111111
0 0.5971354166666667 0.39537037037037037 0.0296875 0.12222222222222222
0 0.6583333333333333 0.4125 0.027083333333333334 0.10833333333333334
0 0.6908854166666667 0.40694444444444444 0.028645833333333332 0.1175925925925926
0 0.7208333333333333 0.4134259259259259 0.028125 0.11203703703703703
0 0.75625 0.39490740740740743 0.030208333333333334 0.12129629629629629
0 0.7872395833333333 0.40879629629629627 0.0296875 0.10833333333333334
0 0.8244791666666667 0.40925925925925927 0.029166666666666667 0.1
0 0.85703125 0.40370370370370373 0.028645833333333332 0.10555555555555556
0 0.88984375 0.39861111111111114 0.0265625 0.09537037037037037
0 0.92265625 0.3962962962962963 0.030729166666666665 0.10925925925925926
0 0.49270833333333336 0.5518518518518518 0.030208333333333334 0.12222222222222222
0 0.5291666666666667 0.5462962962962963 0.026041666666666668 0.11851851851851852
0 0.60625 0.5532407407407407 0.025 0.11388888888888889
0 0.565625 0.5513888888888889 0.028125 0.1287037037037037
0 0.6401041666666667 0.5509259259259259 0.025 0.1111111111111111
0 0.6752604166666667 0.5569444444444445 0.0296875 0.13055555555555556
0 0.7158854166666667 0.549537037037037 0.028645833333333332 0.12685185185185185
0 0.7549479166666667 0.549074074074074 0.0328125 0.12037037037037036
0 0.7895833333333333 0.5476851851851852 0.027083333333333334 0.10277777777777777
0 0.82421875 0.5462962962962963 0.028645833333333332 0.12222222222222222
0 0.8604166666666667 0.5356481481481481 0.025 0.09722222222222222
0 0.8989583333333333 0.5458333333333333 0.03229166666666667 0.12685185185185185
0 0.9328125 0.5467592592592593 0.030208333333333334 0.12129629629629629
0 0.9739583333333334 0.5810185185185185 0.03229166666666667 0.13055555555555556
0 0.8182291666666667 0.8481481481481481 0.040625 0.08333333333333333
0 0.7822916666666667 0.8277777777777777 0.051041666666666666 0.12037037037037036
0 0.6109375 0.8328703703703704 0.052083333333333336 0.12314814814814815
0 0.559375 0.836574074074074 0.04479166666666667 0.09907407407407408
0 0.11510416666666666 0.662962962962963 0.071875 0.05185185185185185
0 0.12005208333333334 0.7337962962962963 0.07552083333333333 0.05277777777777778
0 0.6510416666666666 0.10787037037037037 0.028125 0.12314814814814815
0 0.6815104166666667 0.10185185185185185 0.0265625 0.1111111111111111
0 0.7122395833333334 0.09583333333333334 0.027604166666666666 0.11574074074074074
0 0.7479166666666667 0.11157407407407408 0.026041666666666668 0.09907407407407408
0 0.6471354166666666 0.020370370370370372 0.025520833333333333 0.037037037037037035
0 0.68359375 0.017592592592592594 0.027604166666666666 0.03148148148148148
0 0.7169270833333333 0.018055555555555554 0.0265625 0.028703703703703703
0 0.74765625 0.024537037037037038 0.027604166666666666 0.04351851851851852
0 0.7791666666666667 0.01898148148148148 0.028125 0.03425925925925926
0 0.8140625 0.020833333333333332 0.028125 0.03796296296296296
0 0.846875 0.018055555555555554 0.029166666666666667 0.032407407407407406
0 0.8796875 0.01712962962962963 0.027083333333333334 0.028703703703703703
0 0.9458333333333333 0.014814814814814815 0.029166666666666667 0.025925925925925925
0 0.9776041666666667 0.018055555555555554 0.021875 0.030555555555555555
0 0.7817708333333333 0.10648148148148148 0.029166666666666667 0.11851851851851852
0 0.8177083333333334 0.11342592592592593 0.027083333333333334 0.09907407407407408
0 0.85 0.11666666666666667 0.029166666666666667 0.09814814814814815
0 0.88125 0.1125 0.029166666666666667 0.1175925925925926
0 0.9174479166666667 0.08611111111111111 0.030729166666666665 0.11481481481481481
0 0.9502604166666667 0.09351851851851851 0.0296875 0.09814814814814815
0 0.97734375 0.12037037037037036 0.019270833333333334 0.12222222222222222
