0 0.08567708333333333 0.2569444444444444 0.04114583333333333 0.18055555555555555
0 0.23802083333333332 0.28379629629629627 0.034375 0.15092592592592594
0 0.296875 0.28935185185185186 0.035416666666666666 0.16574074074074074
0 0.44114583333333335 0.2810185185185185 0.03333333333333333 0.16944444444444445
0 0.5830729166666667 0.2828703703703704 0.0328125 0.1398148148148148
0 0.86796875 0.2796296296296296 0.04010416666666667 0.16111111111111112
0 0.9932291666666667 0.2912037037037037 0.010416666666666666 0.1398148148148148
0 0.9658854166666667 0.47962962962962963 0.05677083333333333 0.19814814814814816
0 0.12786458333333334 0.8773148148148148 0.04739583333333333 0.19166666666666668
0 0.18333333333333332 0.85 0.04375 0.21851851851851853
0 0.0796875 0.9898148148148148 0.028125 0.018518518518518517
0 0.13020833333333334 0.9930555555555556 0.03333333333333333 0.012037037037037037
