0 0.1403601694915254 0.7297297297297297 0.07733050847457627 0.3891891891891892
0 0.2266949152542373 0.7121621621621622 0.059322033898305086 0.34864864864864864
0 0.3072033898305085 0.7337837837837838 0.06567796610169492 0.3972972972972973
0 0.3866525423728814 0.7297297297297297 0.057203389830508475 0.3837837837837838
0 0.4629237288135593 0.7121621621621622 0.05296610169491525 0.37027027027027026
0 0.5413135593220338 0.7121621621621622 0.05508474576271186 0.37567567567567567
0 0.6239406779661016 0.7094594594594594 0.05508474576271186 0.37027027027027026
0 0.6970338983050848 0.7162162162162162 0.0614406779661017 0.3945945945945946
0 0.7786016949152542 0.7256756756756757 0.06991525423728813 0.3972972972972973
0 0.8606991525423728 0.7189189189189189 0.07733050847457627 0.3675675675675676
