0 0.47734375 0.9166666666666666 0.0234375 0.016666666666666666
0 0.475390625 0.9493055555555555 0.02421875 0.020833333333333332
0 0.485546875 0.85 0.00703125 0.027777777777777776
0 0.459765625 0.8736111111111111 0.01640625 0.011111111111111112
0 0.534375 0.8694444444444445 0.01875 0.013888888888888888
0 0.5328125 0.8493055555555555 0.0203125 0.015277777777777777
0 0.537109375 0.8048611111111111 0.01953125 0.0125
0 0.46484375 0.8298611111111112 0.01875 0.015277777777777777
0 0.486328125 0.7701388888888889 0.00859375 0.03194444444444444
0 0.608203125 0.8222222222222222 0.01953125 0.013888888888888888
0 0.608203125 0.8041666666666667 0.01796875 0.013888888888888888
0 0.5859375 0.7409722222222223 0.01875 0.0125
0 0.441015625 0.8097222222222222 0.01953125 0.013888888888888888
0 0.44140625 0.7236111111111111 0.0203125 0.013888888888888888
0 0.53515625 0.7194444444444444 0.021875 0.013888888888888888
0 0.535546875 0.7618055555555555 0.01484375 0.009722222222222222
0 0.51484375 0.6944444444444444 0.0203125 0.016666666666666666
0 0.465625 0.7444444444444445 0.0171875 0.013888888888888888
0 0.441015625 0.7013888888888888 0.01953125 0.013888888888888888
0 0.465625 0.6777777777777778 0.0203125 0.013888888888888888
0 0.441796875 0.6784722222222223 0.01953125 0.0125
0 0.44296875 0.6548611111111111 0.01875 0.0125
0 0.53828125 0.6965277777777777 0.021875 0.015277777777777777
0 0.537109375 0.675 0.01796875 0.011111111111111112
0 0.46328125 0.6354166666666666 0.0203125 0.015277777777777777
0 0.440625 0.6347222222222222 0.0203125 0.013888888888888888
0 0.441015625 0.6125 0.01953125 0.013888888888888888
0 0.441015625 0.5923611111111111 0.02109375 0.0125
0 0.461328125 0.6145833333333334 0.01796875 0.0125
0 0.441015625 0.5715277777777777 0.01953125 0.015277777777777777
0 0.441796875 0.5479166666666667 0.01796875 0.0125
0 0.463671875 0.5493055555555556 0.01953125 0.015277777777777777
0 0.464453125 0.5270833333333333 0.01953125 0.015277777777777777
0 0.46328125 0.5715277777777777 0.021875 0.015277777777777777
0 0.465234375 0.5930555555555556 0.01953125 0.013888888888888888
0 0.44140625 0.5270833333333333 0.0203125 0.015277777777777777
0 0.4421875 0.5041666666666667 0.0203125 0.013888888888888888
0 0.4421875 0.4826388888888889 0.0203125 0.015277777777777777
0 0.462890625 0.4826388888888889 0.01796875 0.015277777777777777
0 0.464453125 0.5048611111111111 0.01796875 0.0125
0 0.4640625 0.46041666666666664 0.0203125 0.015277777777777777
0 0.46484375 0.44027777777777777 0.0203125 0.013888888888888888
0 0.4625 0.4173611111111111 0.01875 0.015277777777777777
0 0.440625 0.4173611111111111 0.0203125 0.015277777777777777
0 0.443359375 0.4375 0.01796875 0.011111111111111112
0 0.441015625 0.4583333333333333 0.01953125 0.011111111111111112
0 0.513671875 0.7173611111111111 0.01796875 0.0125
0 0.5171875 0.6729166666666667 0.01875 0.0125
0 0.51484375 0.6083333333333333 0.0171875 0.013888888888888888
0 0.516015625 0.5868055555555556 0.01796875 0.0125
0 0.5375 0.5895833333333333 0.01875 0.015277777777777777
0 0.5359375 0.6111111111111112 0.0171875 0.011111111111111112
0 0.5375 0.6520833333333333 0.0171875 0.0125
0 0.516015625 0.5631944444444444 0.01953125 0.015277777777777777
0 0.51640625 0.5222222222222223 0.0171875 0.011111111111111112
0 0.536328125 0.54375 0.01953125 0.0125
0 0.516015625 0.5006944444444444 0.01953125 0.0125
0 0.513671875 0.5423611111111111 0.01640625 0.0125
0 0.514453125 0.47847222222222224 0.01953125 0.018055555555555554
0 0.534765625 0.46041666666666664 0.01796875 0.015277777777777777
0 0.51640625 0.46111111111111114 0.015625 0.011111111111111112
0 0.513671875 0.43819444444444444 0.01796875 0.0125
0 0.5359375 0.48125 0.01875 0.0125
0 0.53828125 0.5006944444444444 0.01875 0.015277777777777777
0 0.537109375 0.5236111111111111 0.01640625 0.013888888888888888
0 0.5359375 0.4166666666666667 0.0171875 0.013888888888888888
0 0.541015625 0.3923611111111111 0.02109375 0.015277777777777777
0 0.518359375 0.39305555555555555 0.02109375 0.013888888888888888
0 0.51640625 0.3729166666666667 0.01875 0.015277777777777777
0 0.53671875 0.3715277777777778 0.01875 0.015277777777777777
0 0.5171875 0.4152777777777778 0.01875 0.013888888888888888
0 0.515625 0.35138888888888886 0.01875 0.013888888888888888
0 0.465625 0.34097222222222223 0.0203125 0.0125
0 0.46640625 0.37569444444444444 0.021875 0.015277777777777777
0 0.442578125 0.3972222222222222 0.01640625 0.011111111111111112
0 0.440625 0.37569444444444444 0.021875 0.018055555555555554
0 0.413671875 0.3215277777777778 0.01640625 0.029166666666666667
0 0.46015625 0.23472222222222222 0.015625 0.030555555555555555
0 0.361328125 0.40208333333333335 0.01796875 0.02361111111111111
0 0.3890625 0.46805555555555556 0.01875 0.016666666666666666
0 0.3921875 0.49583333333333335 0.01875 0.013888888888888888
0 0.390234375 0.5180555555555556 0.01640625 0.013888888888888888
0 0.368359375 0.49930555555555556 0.02109375 0.018055555555555554
0 0.36875 0.5180555555555556 0.0203125 0.013888888888888888
0 0.369921875 0.5402777777777777 0.01953125 0.013888888888888888
0 0.0140625 0.9881944444444445 0.015625 0.015277777777777777
0 0.06640625 0.9868055555555556 0.0203125 0.015277777777777777
0 0.09921875 0.9145833333333333 0.0171875 0.015277777777777777
0 0.089453125 0.9868055555555556 0.01953125 0.015277777777777777
0 0.0828125 0.8708333333333333 0.021875 0.016666666666666666
0 0.08125 0.8513888888888889 0.015625 0.013888888888888888
0 0.0875 0.8305555555555556 0.0203125 0.016666666666666666
0 0.08671875 0.8069444444444445 0.01875 0.013888888888888888
0 0.084765625 0.7861111111111111 0.01640625 0.013888888888888888
0 0.0859375 0.7638888888888888 0.0203125 0.013888888888888888
0 0.085546875 0.7416666666666667 0.01484375 0.011111111111111112
0 0.088671875 0.7194444444444444 0.01796875 0.016666666666666666
0 0.088671875 0.6888888888888889 0.01796875 0.013888888888888888
0 0.1640625 0.6409722222222223 0.0203125 0.0125
0 0.14140625 0.6673611111111111 0.0203125 0.015277777777777777
0 0.166015625 0.6652777777777777 0.01796875 0.013888888888888888
0 0.1453125 0.6861111111111111 0.01875 0.013888888888888888
0 0.167578125 0.6881944444444444 0.01953125 0.015277777777777777
0 0.1421875 0.7090277777777778 0.021875 0.015277777777777777
0 0.165625 0.7118055555555556 0.0203125 0.015277777777777777
0 0.144140625 0.7534722222222222 0.01953125 0.015277777777777777
0 0.141796875 0.7298611111111111 0.02109375 0.015277777777777777
0 0.162890625 0.7319444444444444 0.01640625 0.013888888888888888
0 0.166796875 0.75625 0.01953125 0.015277777777777777
0 0.190625 0.7416666666666667 0.0078125 0.03333333333333333
0 0.165234375 0.7763888888888889 0.01953125 0.013888888888888888
0 0.142578125 0.7777777777777778 0.01953125 0.013888888888888888
0 0.14453125 0.7951388888888888 0.0203125 0.015277777777777777
0 0.143359375 0.8180555555555555 0.01484375 0.011111111111111112
0 0.144140625 0.8388888888888889 0.02265625 0.013888888888888888
0 0.14140625 0.8638888888888889 0.021875 0.013888888888888888
0 0.1671875 0.7965277777777777 0.01875 0.0125
0 0.166015625 0.8208333333333333 0.01953125 0.013888888888888888
0 0.166015625 0.8430555555555556 0.01796875 0.016666666666666666
0 0.165234375 0.8631944444444445 0.01953125 0.0125
0 0.21640625 0.6472222222222223 0.0203125 0.011111111111111112
0 0.216015625 0.6680555555555555 0.01953125 0.013888888888888888
0 0.2140625 0.6888888888888889 0.0203125 0.016666666666666666
0 0.215234375 0.7131944444444445 0.02265625 0.015277777777777777
0 0.2390625 0.6701388888888888 0.01875 0.015277777777777777
0 0.237890625 0.6923611111111111 0.01953125 0.015277777777777777
0 0.23671875 0.7131944444444445 0.0171875 0.015277777777777777
0 0.237890625 0.7347222222222223 0.02109375 0.016666666666666666
0 0.215625 0.7333333333333333 0.0203125 0.013888888888888888
0 0.218359375 0.7548611111111111 0.02109375 0.015277777777777777
0 0.240234375 0.75625 0.01796875 0.015277777777777777
0 0.215234375 0.7777777777777778 0.01953125 0.011111111111111112
0 0.23984375 0.7777777777777778 0.0203125 0.016666666666666666
0 0.2171875 0.7979166666666667 0.01875 0.0125
0 0.216796875 0.8215277777777777 0.01953125 0.015277777777777777
0 0.23828125 0.8006944444444445 0.01875 0.018055555555555554
0 0.238671875 0.8201388888888889 0.02265625 0.015277777777777777
0 0.23984375 0.84375 0.0203125 0.015277777777777777
0 0.21796875 0.84375 0.01875 0.0125
0 0.216796875 0.8652777777777778 0.01796875 0.013888888888888888
0 0.239453125 0.8680555555555556 0.01796875 0.013888888888888888
0 0.216796875 0.9854166666666667 0.02109375 0.018055555555555554
0 0.235546875 0.9416666666666667 0.02109375 0.016666666666666666
0 0.240625 0.9868055555555556 0.01875 0.015277777777777777
0 0.26953125 0.9493055555555555 0.0203125 0.018055555555555554
0 0.165625 0.9861111111111112 0.01875 0.016666666666666666
0 0.13984375 0.9861111111111112 0.01875 0.013888888888888888
0 0.2609375 0.5631944444444444 0.0171875 0.018055555555555554
0 0.3109375 0.55625 0.01875 0.0125
0 0.288671875 0.575 0.01953125 0.013888888888888888
0 0.31015625 0.5923611111111111 0.015625 0.0125
0 0.33828125 0.6354166666666666 0.015625 0.02361111111111111
0 0.288671875 0.5909722222222222 0.02109375 0.0125
0 0.309375 0.5736111111111111 0.015625 0.013888888888888888
0 0.28984375 0.6090277777777777 0.021875 0.0125
0 0.291015625 0.6270833333333333 0.02109375 0.0125
0 0.3109375 0.6090277777777777 0.0171875 0.0125
0 0.28828125 0.6444444444444445 0.0203125 0.016666666666666666
0 0.310546875 0.6444444444444445 0.01796875 0.016666666666666666
0 0.2890625 0.6791666666666667 0.01875 0.013888888888888888
0 0.290234375 0.6618055555555555 0.01953125 0.0125
0 0.309765625 0.6618055555555555 0.01640625 0.0125
0 0.309375 0.6784722222222223 0.01875 0.0125
0 0.30859375 0.6972222222222222 0.01875 0.011111111111111112
0 0.332421875 0.7006944444444444 0.00703125 0.03194444444444444
0 0.28828125 0.6958333333333333 0.01875 0.013888888888888888
0 0.28828125 0.7305555555555555 0.01875 0.013888888888888888
0 0.29140625 0.7479166666666667 0.0171875 0.015277777777777777
0 0.312109375 0.7305555555555555 0.01796875 0.013888888888888888
0 0.309765625 0.7152777777777778 0.01796875 0.013888888888888888
0 0.31171875 0.7493055555555556 0.01875 0.015277777777777777
0 0.3109375 0.7840277777777778 0.01875 0.015277777777777777
0 0.31171875 0.7673611111111112 0.0203125 0.015277777777777777
0 0.28984375 0.7652777777777777 0.0203125 0.013888888888888888
0 0.331640625 0.7513888888888889 0.00703125 0.030555555555555555
0 0.283984375 0.8 0.02421875 0.016666666666666666
0 0.2890625 0.8201388888888889 0.015625 0.0125
0 0.31015625 0.8173611111111111 0.01875 0.018055555555555554
0 0.2875 0.8534722222222222 0.01875 0.015277777777777777
0 0.309375 0.8513888888888889 0.0203125 0.013888888888888888
0 0.28671875 0.8701388888888889 0.015625 0.0125
0 0.33046875 0.8763888888888889 0.0078125 0.030555555555555555
0 0.333203125 0.8291666666666667 0.00859375 0.03611111111111111
0 0.3671875 0.8236111111111111 0.0171875 0.011111111111111112
0 0.30703125 0.9493055555555555 0.0171875 0.015277777777777777
0 0.29375 0.9881944444444445 0.0203125 0.018055555555555554
0 0.33515625 0.9833333333333333 0.0078125 0.03333333333333333
0 0.347265625 0.9951388888888889 0.00703125 0.009722222222222222
0 0.3671875 0.9506944444444444 0.0203125 0.029166666666666667
0 0.377734375 0.9194444444444444 0.01796875 0.016666666666666666
0 0.388671875 0.8652777777777778 0.01796875 0.013888888888888888
0 0.3921875 0.5402777777777777 0.0171875 0.011111111111111112
0 0.370703125 0.5625 0.01953125 0.013888888888888888
0 0.367578125 0.5833333333333334 0.01953125 0.013888888888888888
0 0.390234375 0.5833333333333334 0.01796875 0.016666666666666666
0 0.390625 0.6055555555555555 0.0171875 0.013888888888888888
0 0.587890625 0.18055555555555555 0.01796875 0.011111111111111112
0 0.58828125 0.20277777777777778 0.0171875 0.013888888888888888
0 0.586328125 0.22361111111111112 0.01640625 0.013888888888888888
0 0.587109375 0.2423611111111111 0.01796875 0.0125
0 0.588671875 0.2652777777777778 0.01953125 0.016666666666666666
0 0.589453125 0.28888888888888886 0.01640625 0.013888888888888888
0 0.6078125 0.18055555555555555 0.015625 0.013888888888888888
0 0.58828125 0.15902777777777777 0.0171875 0.0125
0 0.607421875 0.20208333333333334 0.01640625 0.0125
0 0.6078125 0.22430555555555556 0.01875 0.0125
0 0.60859375 0.24583333333333332 0.01875 0.013888888888888888
0 0.609765625 0.2673611111111111 0.01953125 0.015277777777777777
0 0.61015625 0.28888888888888886 0.0203125 0.013888888888888888
0 0.606640625 0.30972222222222223 0.01640625 0.013888888888888888
0 0.584765625 0.3076388888888889 0.02109375 0.018055555555555554
0 0.58828125 0.33194444444444443 0.0203125 0.013888888888888888
0 0.609375 0.33194444444444443 0.0171875 0.013888888888888888
0 0.586328125 0.3506944444444444 0.01640625 0.0125
0 0.6078125 0.3527777777777778 0.015625 0.013888888888888888
0 0.587890625 0.3736111111111111 0.01640625 0.013888888888888888
0 0.60859375 0.37569444444444444 0.01875 0.015277777777777777
0 0.58828125 0.39861111111111114 0.0171875 0.013888888888888888
0 0.6078125 0.3972222222222222 0.0171875 0.013888888888888888
0 0.6078125 0.41805555555555557 0.01875 0.013888888888888888
0 0.585546875 0.41805555555555557 0.01953125 0.013888888888888888
0 0.5875 0.4388888888888889 0.0171875 0.013888888888888888
0 0.587109375 0.4576388888888889 0.01796875 0.0125
0 0.6078125 0.45902777777777776 0.01875 0.015277777777777777
0 0.608203125 0.4798611111111111 0.01640625 0.0125
0 0.586328125 0.4791666666666667 0.01953125 0.013888888888888888
0 0.609765625 0.5055555555555555 0.01953125 0.013888888888888888
0 0.587890625 0.5229166666666667 0.01640625 0.0125
0 0.58828125 0.5444444444444444 0.01875 0.013888888888888888
0 0.6078125 0.525 0.01875 0.013888888888888888
0 0.611328125 0.5458333333333333 0.02109375 0.013888888888888888
0 0.588671875 0.5666666666666667 0.01796875 0.013888888888888888
0 0.609375 0.5659722222222222 0.0203125 0.0125
0 0.5890625 0.5916666666666667 0.01875 0.013888888888888888
0 0.608984375 0.5902777777777778 0.01953125 0.013888888888888888
0 0.5890625 0.6111111111111112 0.01875 0.013888888888888888
0 0.610546875 0.6090277777777777 0.01953125 0.015277777777777777
0 0.58828125 0.6319444444444444 0.01875 0.011111111111111112
0 0.607421875 0.6326388888888889 0.01796875 0.015277777777777777
0 0.608203125 0.6527777777777778 0.01953125 0.016666666666666666
0 0.586328125 0.6541666666666667 0.01796875 0.013888888888888888
0 0.58515625 0.6729166666666667 0.0171875 0.0125
0 0.60625 0.675 0.01875 0.011111111111111112
0 0.60859375 0.6965277777777777 0.0203125 0.0125
0 0.607421875 0.7180555555555556 0.01953125 0.016666666666666666
0 0.586328125 0.71875 0.01953125 0.015277777777777777
0 0.60859375 0.7618055555555555 0.01875 0.0125
0 0.534765625 0.7409722222222223 0.01796875 0.0125
0 0.6296875 0.4756944444444444 0.009375 0.03194444444444444
0 0.63984375 0.5076388888888889 0.0078125 0.02638888888888889
0 0.58671875 0.12291666666666666 0.01875 0.0125
0 0.609375 0.12569444444444444 0.015625 0.0125
0 0.61171875 0.07152777777777777 0.0203125 0.015277777777777777
0 0.6046875 0.018055555555555554 0.0171875 0.011111111111111112
0 0.66015625 0.12569444444444444 0.0203125 0.015277777777777777
0 0.68515625 0.12569444444444444 0.0203125 0.0125
0 0.658984375 0.1597222222222222 0.01640625 0.013888888888888888
0 0.660546875 0.18472222222222223 0.01640625 0.013888888888888888
0 0.684765625 0.16041666666666668 0.02578125 0.015277777777777777
0 0.6609375 0.20416666666666666 0.01875 0.013888888888888888
0 0.659765625 0.22361111111111112 0.01796875 0.013888888888888888
0 0.659375 0.24444444444444444 0.01875 0.013888888888888888
0 0.661328125 0.2673611111111111 0.01484375 0.0125
0 0.659765625 0.30972222222222223 0.01953125 0.013888888888888888
0 0.66015625 0.3347222222222222 0.0171875 0.013888888888888888
0 0.659765625 0.3763888888888889 0.01640625 0.013888888888888888
0 0.660546875 0.39861111111111114 0.01953125 0.013888888888888888
0 0.514453125 0.3284722222222222 0.01953125 0.015277777777777777
0 0.539453125 0.32916666666666666 0.02109375 0.016666666666666666
0 0.537109375 0.35208333333333336 0.02109375 0.0125
0 0.5375 0.3076388888888889 0.0203125 0.0125
0 0.515625 0.3076388888888889 0.0171875 0.0125
0 0.51484375 0.2875 0.01875 0.013888888888888888
0 0.51640625 0.2652777777777778 0.0171875 0.013888888888888888
0 0.5375 0.2465277777777778 0.01875 0.015277777777777777
0 0.513671875 0.24513888888888888 0.01953125 0.015277777777777777
0 0.535546875 0.2125 0.01796875 0.013888888888888888
0 0.5359375 0.2673611111111111 0.01875 0.015277777777777777
0 0.5375 0.2875 0.01875 0.013888888888888888
0 0.495703125 0.17916666666666667 0.01640625 0.025
0 0.51328125 0.18333333333333332 0.015625 0.027777777777777776
0 0.5359375 0.5659722222222222 0.0171875 0.015277777777777777
0 0.529296875 0.6340277777777777 0.01796875 0.015277777777777777
0 0.608203125 0.4395833333333333 0.01796875 0.0125
0 0.681640625 0.20416666666666666 0.01796875 0.013888888888888888
0 0.70625 0.17291666666666666 0.0140625 0.03194444444444444
0 0.68046875 0.225 0.01875 0.013888888888888888
0 0.680859375 0.2465277777777778 0.01796875 0.015277777777777777
0 0.6828125 0.26875 0.0203125 0.0125
0 0.662890625 0.28680555555555554 0.01640625 0.0125
0 0.68359375 0.3770833333333333 0.0203125 0.015277777777777777
0 0.68046875 0.3326388888888889 0.0171875 0.0125
0 0.68046875 0.3104166666666667 0.0171875 0.0125
0 0.6625 0.41875 0.0203125 0.015277777777777777
0 0.683203125 0.41805555555555557 0.01640625 0.013888888888888888
0 0.6609375 0.4409722222222222 0.0203125 0.015277777777777777
0 0.68046875 0.4395833333333333 0.0171875 0.0125
0 0.66328125 0.4597222222222222 0.0171875 0.013888888888888888
0 0.681640625 0.46041666666666664 0.01640625 0.015277777777777777
0 0.66171875 0.4791666666666667 0.01875 0.013888888888888888
0 0.660546875 0.5020833333333333 0.01953125 0.015277777777777777
0 0.658984375 0.5243055555555556 0.01953125 0.0125
0 0.680859375 0.525 0.01953125 0.013888888888888888
0 0.6828125 0.5041666666666667 0.01875 0.013888888888888888
0 0.68203125 0.48194444444444445 0.0203125 0.013888888888888888
0 0.659765625 0.5444444444444444 0.01796875 0.013888888888888888
0 0.659765625 0.5659722222222222 0.01796875 0.015277777777777777
0 0.68203125 0.5673611111111111 0.0171875 0.0125
0 0.680859375 0.5881944444444445 0.01640625 0.015277777777777777
0 0.6609375 0.6118055555555556 0.0171875 0.0125
0 0.681640625 0.6097222222222223 0.01953125 0.013888888888888888
0 0.6828125 0.6319444444444444 0.01875 0.016666666666666666
0 0.6625 0.6305555555555555 0.01875 0.013888888888888888
0 0.659375 0.6541666666666667 0.0203125 0.013888888888888888
0 0.680859375 0.6548611111111111 0.01796875 0.015277777777777777
0 0.659765625 0.675 0.01640625 0.013888888888888888
0 0.68203125 0.6770833333333334 0.0203125 0.015277777777777777
0 0.6609375 0.6972222222222222 0.0171875 0.013888888888888888
0 0.659375 0.7166666666666667 0.01875 0.013888888888888888
0 0.68203125 0.7173611111111111 0.0203125 0.015277777777777777
0 0.7125 0.7 0.021875 0.019444444444444445
0 0.6578125 0.7375 0.0171875 0.013888888888888888
0 0.6796875 0.7625 0.0203125 0.013888888888888888
0 0.633984375 0.7611111111111111 0.01171875 0.030555555555555555
0 0.65703125 0.8041666666666667 0.01875 0.013888888888888888
0 0.658984375 0.8722222222222222 0.02109375 0.016666666666666666
0 0.683203125 0.7833333333333333 0.01953125 0.013888888888888888
0 0.644140625 0.9930555555555556 0.01953125 0.013888888888888888
0 0.62109375 0.9909722222222223 0.0171875 0.015277777777777777
0 0.71953125 0.9923611111111111 0.0203125 0.0125
0 0.74375 0.9756944444444444 0.0109375 0.034722222222222224
0 0.76796875 0.9847222222222223 0.01875 0.013888888888888888
0 0.733203125 0.1375 0.01953125 0.013888888888888888
0 0.7328125 0.15763888888888888 0.015625 0.0125
0 0.729296875 0.17847222222222223 0.01484375 0.0125
0 0.754296875 0.15902777777777777 0.02265625 0.015277777777777777
0 0.77265625 0.17222222222222222 0.0171875 0.030555555555555555
0 0.36875 0.6284722222222222 0.01875 0.0125
0 0.38984375 0.6277777777777778 0.0203125 0.013888888888888888
0 0.38984375 0.6486111111111111 0.01875 0.013888888888888888
0 0.368359375 0.6479166666666667 0.01796875 0.015277777777777777
0 0.365625 0.66875 0.01875 0.0125
0 0.390234375 0.6708333333333333 0.01953125 0.013888888888888888
0 0.368359375 0.6916666666666667 0.01953125 0.016666666666666666
0 0.388671875 0.6902777777777778 0.01796875 0.013888888888888888
0 0.36875 0.7131944444444445 0.0203125 0.0125
0 0.389453125 0.7138888888888889 0.01796875 0.013888888888888888
0 0.368359375 0.7354166666666667 0.01796875 0.0125
0 0.390625 0.7326388888888888 0.015625 0.0125
0 0.391796875 0.75625 0.01796875 0.015277777777777777
0 0.369921875 0.7555555555555555 0.01953125 0.011111111111111112
0 0.371875 0.7784722222222222 0.01875 0.0125
0 0.36640625 0.7986111111111112 0.0203125 0.013888888888888888
0 0.39296875 0.7798611111111111 0.01875 0.015277777777777777
0 0.390625 0.7986111111111112 0.01875 0.013888888888888888
0 0.38984375 0.8229166666666666 0.0203125 0.015277777777777777
0 0.3875 0.8423611111111111 0.021875 0.018055555555555554
0 0.732421875 0.20069444444444445 0.01796875 0.015277777777777777
0 0.732421875 0.22083333333333333 0.01796875 0.011111111111111112
0 0.733203125 0.24097222222222223 0.01640625 0.0125
0 0.7546875 0.24027777777777778 0.0171875 0.013888888888888888
0 0.754296875 0.20208333333333334 0.01953125 0.018055555555555554
0 0.732421875 0.26319444444444445 0.01796875 0.0125
0 0.731640625 0.32708333333333334 0.01953125 0.0125
0 0.7296875 0.3486111111111111 0.0203125 0.013888888888888888
0 0.730859375 0.36944444444444446 0.01484375 0.011111111111111112
0 0.755078125 0.2638888888888889 0.02109375 0.013888888888888888
0 0.75390625 0.28402777777777777 0.01875 0.0125
0 0.753515625 0.3076388888888889 0.02109375 0.0125
0 0.751171875 0.22083333333333333 0.01796875 0.013888888888888888
0 0.75234375 0.3486111111111111 0.021875 0.013888888888888888
0 0.7296875 0.3888888888888889 0.021875 0.013888888888888888
0 0.753125 0.39305555555555555 0.021875 0.013888888888888888
0 0.733203125 0.41180555555555554 0.01640625 0.0125
0 0.75703125 0.41388888888888886 0.015625 0.011111111111111112
0 0.734375 0.4354166666666667 0.01875 0.0125
0 0.755078125 0.4361111111111111 0.01953125 0.013888888888888888
0 0.73359375 0.45625 0.01875 0.0125
0 0.75390625 0.45694444444444443 0.0203125 0.013888888888888888
0 0.7296875 0.4777777777777778 0.0203125 0.013888888888888888
0 0.73203125 0.5 0.01875 0.013888888888888888
0 0.733984375 0.54375 0.01796875 0.0125
0 0.753125 0.54375 0.0171875 0.0125
0 0.732421875 0.5847222222222223 0.01796875 0.013888888888888888
0 0.75390625 0.5645833333333333 0.0203125 0.0125
0 0.754296875 0.5868055555555556 0.01953125 0.015277777777777777
0 0.752734375 0.6090277777777777 0.01953125 0.0125
0 0.72578125 0.625 0.01875 0.013888888888888888
0 0.73046875 0.6486111111111111 0.0171875 0.013888888888888888
0 0.73125 0.6708333333333333 0.0203125 0.013888888888888888
0 0.75390625 0.6736111111111112 0.0203125 0.013888888888888888
0 0.751953125 0.63125 0.01953125 0.0125
0 0.734765625 0.6930555555555555 0.01953125 0.013888888888888888
0 0.73359375 0.7131944444444445 0.01875 0.015277777777777777
0 0.73515625 0.7597222222222222 0.0171875 0.013888888888888888
0 0.73203125 0.7791666666666667 0.01875 0.013888888888888888
0 0.755859375 0.7583333333333333 0.01796875 0.013888888888888888
0 0.75703125 0.7798611111111111 0.0203125 0.015277777777777777
0 0.7578125 0.8020833333333334 0.01875 0.0125
0 0.75703125 0.8243055555555555 0.0171875 0.015277777777777777
0 0.7515625 0.8465277777777778 0.01875 0.015277777777777777
0 0.754296875 0.8680555555555556 0.01796875 0.013888888888888888
0 0.750390625 0.6520833333333333 0.01796875 0.0125
0 0.80234375 0.23541666666666666 0.0203125 0.015277777777777777
0 0.802734375 0.25625 0.01796875 0.0125
0 0.8015625 0.27569444444444446 0.0203125 0.015277777777777777
0 0.803515625 0.32222222222222224 0.01796875 0.011111111111111112
0 0.802734375 0.3402777777777778 0.01796875 0.011111111111111112
0 0.803125 0.4041666666666667 0.01875 0.011111111111111112
0 0.801953125 0.4263888888888889 0.01953125 0.013888888888888888
0 0.804296875 0.46875 0.01953125 0.0125
0 0.823828125 0.23819444444444443 0.01953125 0.015277777777777777
0 0.83671875 0.1875 0.01875 0.027777777777777776
0 0.82578125 0.25972222222222224 0.0203125 0.013888888888888888
0 0.823046875 0.2791666666666667 0.01953125 0.011111111111111112
0 0.825 0.29930555555555555 0.01875 0.0125
0 0.825390625 0.3423611111111111 0.01953125 0.0125
0 0.8265625 0.3854166666666667 0.01875 0.0125
0 0.824609375 0.40625 0.01953125 0.0125
0 0.82578125 0.4263888888888889 0.01875 0.016666666666666666
0 0.82578125 0.45 0.0203125 0.011111111111111112
0 0.8265625 0.4708333333333333 0.01875 0.013888888888888888
0 0.82734375 0.4895833333333333 0.021875 0.020833333333333332
0 0.8046875 0.4888888888888889 0.0171875 0.013888888888888888
0 0.80390625 0.5090277777777777 0.0171875 0.0125
0 0.80390625 0.5340277777777778 0.0203125 0.015277777777777777
0 0.824609375 0.5326388888888889 0.01796875 0.0125
0 0.825 0.5138888888888888 0.01875 0.013888888888888888
0 0.805078125 0.5541666666666667 0.01953125 0.013888888888888888
0 0.8046875 0.5763888888888888 0.0171875 0.013888888888888888
0 0.827734375 0.5777777777777777 0.01796875 0.013888888888888888
0 0.8296875 0.6 0.021875 0.016666666666666666
0 0.8046875 0.6180555555555556 0.0171875 0.013888888888888888
0 0.80390625 0.6368055555555555 0.0171875 0.0125
0 0.828515625 0.6201388888888889 0.02109375 0.015277777777777777
0 0.804296875 0.6625 0.01796875 0.013888888888888888
0 0.80390625 0.6826388888888889 0.01875 0.0125
0 0.8046875 0.7263888888888889 0.0203125 0.013888888888888888
0 0.8265625 0.7277777777777777 0.021875 0.013888888888888888
0 0.8265625 0.7472222222222222 0.01875 0.016666666666666666
0 0.80390625 0.7708333333333334 0.0203125 0.013888888888888888
0 0.826953125 0.76875 0.01953125 0.015277777777777777
0 0.82890625 0.79375 0.0203125 0.015277777777777777
0 0.828125 0.8347222222222223 0.01875 0.013888888888888888
0 0.809765625 0.8097222222222222 0.01484375 0.013888888888888888
0 0.8078125 0.8569444444444444 0.0203125 0.013888888888888888
0 0.82578125 0.8770833333333333 0.015625 0.0125
0 0.87265625 0.9888888888888889 0.0203125 0.016666666666666666
0 0.88203125 0.8131944444444444 0.01875 0.015277777777777777
0 0.88203125 0.76875 0.0171875 0.015277777777777777
0 0.883203125 0.725 0.01953125 0.013888888888888888
0 0.882421875 0.7034722222222223 0.01953125 0.0125
0 0.883203125 0.6625 0.01953125 0.013888888888888888
0 0.8828125 0.6826388888888889 0.0171875 0.0125
0 0.880859375 0.6402777777777777 0.01953125 0.013888888888888888
0 0.883984375 0.6208333333333333 0.02265625 0.013888888888888888
0 0.879296875 0.5756944444444444 0.01953125 0.015277777777777777
0 0.8796875 0.5340277777777778 0.0203125 0.0125
0 0.87890625 0.49166666666666664 0.0203125 0.016666666666666666
0 0.88125 0.5131944444444444 0.021875 0.015277777777777777
0 0.881640625 0.44583333333333336 0.01796875 0.011111111111111112
0 0.880078125 0.42430555555555555 0.01796875 0.0125
0 0.88046875 0.3840277777777778 0.0203125 0.0125
0 0.881640625 0.36180555555555555 0.01640625 0.0125
0 0.88046875 0.4041666666666667 0.01875 0.013888888888888888
0 0.85703125 0.3236111111111111 0.01875 0.027777777777777776
0 0.880078125 0.3423611111111111 0.01484375 0.0125
0 0.88203125 0.3194444444444444 0.0203125 0.013888888888888888
0 0.88046875 0.2986111111111111 0.0203125 0.013888888888888888
0 0.8796875 0.27847222222222223 0.01875 0.0125
0 0.881640625 0.25763888888888886 0.01953125 0.015277777777777777
0 0.88046875 0.19305555555555556 0.01875 0.011111111111111112
0 0.881640625 0.23541666666666666 0.01484375 0.0125
0 0.87734375 0.17152777777777778 0.0203125 0.015277777777777777
0 0.753515625 0.13958333333333334 0.01640625 0.0125
0 0.83203125 0.034722222222222224 0.0203125 0.013888888888888888
0 0.85703125 0.0375 0.021875 0.013888888888888888
0 0.883203125 0.04375 0.01953125 0.015277777777777777
0 0.874609375 0.08819444444444445 0.01796875 0.018055555555555554
0 0.905859375 0.10972222222222222 0.01796875 0.025
0 0.90625 0.03958333333333333 0.0203125 0.02361111111111111
0 0.925 0.011111111111111112 0.0140625 0.022222222222222223
0 0.937890625 0.31527777777777777 0.01171875 0.03611111111111111
0 0.974609375 0.17847222222222223 0.01015625 0.034722222222222224
0 0.975 0.22013888888888888 0.009375 0.034722222222222224
0 0.973046875 0.2743055555555556 0.00859375 0.03194444444444444
0 0.9734375 0.3215277777777778 0.009375 0.03194444444444444
0 0.998828125 0.34652777777777777 0.00234375 0.03194444444444444
0 0.97265625 0.37430555555555556 0.0078125 0.034722222222222224
0 0.93828125 0.4576388888888889 0.009375 0.034722222222222224
0 0.971484375 0.4409722222222222 0.00859375 0.03194444444444444
0 0.941015625 0.53125 0.01015625 0.0375
0 0.981640625 0.6986111111111111 0.01171875 0.03333333333333333
0 0.995703125 0.8145833333333333 0.00703125 0.04583333333333333
0 0.94609375 0.8548611111111111 0.009375 0.034722222222222224
0 0.946484375 0.89375 0.01015625 0.03194444444444444
0 0.946875 0.9506944444444444 0.0109375 0.034722222222222224
0 0.946484375 0.9909722222222223 0.01015625 0.015277777777777777
0 0.3109375 0.46111111111111114 0.015625 0.019444444444444445
