0 0.2925857843137255 0.1548202614379085 0.04105392156862745 0.08006535947712418
0 0.33792892156862747 0.15849673202614378 0.03553921568627451 0.0784313725490196
0 0.3792892156862745 0.16237745098039216 0.03431372549019608 0.08782679738562091
0 0.4255514705882353 0.16237745098039216 0.03125 0.08782679738562091
0 0.46798406862745096 0.16584967320261437 0.03216911764705882 0.07761437908496732
0 0.28201593137254904 0.24080882352941177 0.030943627450980393 0.07148692810457516
0 0.32996323529411764 0.24366830065359477 0.032475490196078434 0.07965686274509803
0 0.3786764705882353 0.24468954248366012 0.029411764705882353 0.07434640522875817
0 0.4227941176470588 0.24897875816993464 0.03431372549019608 0.08047385620915033
0 0.46292892156862747 0.24448529411764705 0.042279411764705885 0.07393790849673203
0 0.5113357843137255 0.17136437908496732 0.03553921568627451 0.08537581699346405
0 0.5128676470588235 0.25735294117647056 0.03431372549019608 0.08088235294117647
0 0.5511642156862745 0.16666666666666666 0.032475490196078434 0.08496732026143791
0 0.5963541666666666 0.17463235294117646 0.04013480392156863 0.08455882352941177
0 0.6000306372549019 0.26266339869281047 0.035845588235294115 0.07924836601307189
0 0.5559129901960784 0.2508169934640523 0.03155637254901961 0.07679738562091504
0 0.6868872549019608 0.26266339869281047 0.03799019607843137 0.08415032679738563
0 0.6412377450980392 0.2589869281045752 0.03370098039215686 0.08006535947712418
0 0.6772365196078431 0.17238562091503268 0.033394607843137254 0.0727124183006536
0 0.7328431372549019 0.2661356209150327 0.03799019607843137 0.0821078431372549
0 0.7607230392156863 0.18484477124183007 0.0392156862745098 0.07066993464052287
0 0.7735906862745098 0.26633986928104575 0.03799019607843137 0.06454248366013073
0 0.7958026960784313 0.1840277777777778 0.03707107843137255 0.06413398692810457
0 0.8140318627450981 0.2675653594771242 0.044730392156862746 0.08496732026143791
0 0.8561580882352942 0.25980392156862747 0.04136029411764706 0.08415032679738563
0 0.9002757352941176 0.2734885620915033 0.04932598039215686 0.09354575163398693
0 0.9407169117647058 0.28165849673202614 0.047487745098039214 0.07475490196078431
0 0.26761642156862747 0.4709967320261438 0.03707107843137255 0.10375816993464053
0 0.3255208333333333 0.4599673202614379 0.03278186274509804 0.08905228758169935
0 0.3779105392156863 0.45608660130718953 0.04013480392156863 0.1156045751633987
0 0.2659313725490196 0.5735294117647058 0.03676470588235294 0.09722222222222222
0 0.3180147058823529 0.5737336601307189 0.042279411764705885 0.11397058823529412
0 0.3723958333333333 0.5749591503267973 0.0389093137254902 0.10825163398692811
0 0.42815563725490197 0.5819035947712419 0.036458333333333336 0.10580065359477124
0 0.42784926470588236 0.460375816993464 0.035845588235294115 0.1053921568627451
0 0.47610294117647056 0.46078431372549017 0.03615196078431373 0.09477124183006536
0 0.5248161764705882 0.4681372549019608 0.04595588235294118 0.10702614379084967
0 0.5726102941176471 0.4660947712418301 0.03676470588235294 0.08741830065359477
0 0.48544730392156865 0.5839460784313726 0.045649509803921566 0.10661764705882353
0 0.5393688725490197 0.5798611111111112 0.043198529411764705 0.0959967320261438
0 0.5877757352941176 0.5761846405228758 0.04381127450980392 0.11315359477124183
0 0.6358762254901961 0.5718954248366013 0.047487745098039214 0.11683006535947713
0 0.6859681372549019 0.5853758169934641 0.04534313725490196 0.10294117647058823
0 0.6219362745098039 0.46568627450980393 0.041666666666666664 0.09640522875816994
0 0.6692708333333334 0.47406045751633985 0.04932598039215686 0.11151960784313726
0 0.7359068627450981 0.5866013071895425 0.04595588235294118 0.10620915032679738
0 0.7856924019607843 0.5778186274509803 0.04871323529411765 0.10008169934640523
0 0.7199754901960784 0.4675245098039216 0.04595588235294118 0.10580065359477124
0 0.7719056372549019 0.4695669934640523 0.04503676470588235 0.09436274509803921
0 0.8152573529411765 0.47038398692810457 0.04779411764705882 0.09681372549019608
0 0.8302696078431373 0.577001633986928 0.044730392156862746 0.1090686274509804
0 0.8777573529411765 0.5861928104575164 0.051470588235294115 0.11274509803921569
0 0.9237132352941176 0.5857843137254902 0.05392156862745098 0.11519607843137254
0 0.8550857843137255 0.4673202614379085 0.04595588235294118 0.09395424836601307
0 0.8978247549019608 0.4665032679738562 0.05116421568627451 0.09803921568627451
0 0.11397058823529412 0.8680555555555556 0.05759803921568627 0.14133986928104575
0 0.17677696078431374 0.8703022875816994 0.05821078431372549 0.13848039215686275
0 0.24693627450980393 0.8764297385620915 0.04718137254901961 0.1417483660130719
0 0.31081495098039214 0.8805147058823529 0.04932598039215686 0.1352124183006536
0 0.36994485294117646 0.8754084967320261 0.04503676470588235 0.13725490196078433
0 0.43137254901960786 0.8794934640522876 0.0428921568627451 0.14052287581699346
0 0.49203431372549017 0.8801062091503268 0.04350490196078431 0.13112745098039216
0 0.5519301470588235 0.8733660130718954 0.04503676470588235 0.1315359477124183
0 0.6084558823529411 0.8533496732026143 0.044730392156862746 0.12908496732026145
0 0.6620710784313726 0.866421568627451 0.052083333333333336 0.1454248366013072
0 0.7253370098039216 0.8717320261437909 0.050551470588235295 0.1437908496732026
0 0.7789522058823529 0.8670343137254902 0.053002450980392156 0.1343954248366013
0 0.8307291666666666 0.866421568627451 0.05116421568627451 0.1184640522875817
0 0.8815870098039216 0.8639705882352942 0.05238970588235294 0.1119281045751634
0 0.9375 0.8700980392156863 0.05698529411764706 0.12990196078431374
0 0.9811580882352942 0.8639705882352942 0.036458333333333336 0.125
0 0.9307598039215687 0.7022058823529411 0.08455882352941177 0.05228758169934641
