0 0.04945054945054945 0.134375 0.03076923076923077 0.11458333333333333
0 0.07967032967032966 0.25833333333333336 0.031868131868131866 0.08333333333333333
0 0.046703296703296704 0.26145833333333335 0.031868131868131866 0.11041666666666666
0 0.07967032967032966 0.13854166666666667 0.03406593406593406 0.10625
0 0.15219780219780218 0.12291666666666666 0.02967032967032967 0.12083333333333333
0 0.15384615384615385 0.2520833333333333 0.024175824175824177 0.10833333333333334
0 0.19285714285714287 0.146875 0.025274725274725275 0.09791666666666667
0 0.18736263736263736 0.2677083333333333 0.023076923076923078 0.10625
0 0.22087912087912087 0.265625 0.024175824175824177 0.09791666666666667
0 0.22692307692307692 0.15104166666666666 0.023076923076923078 0.10625
0 0.25934065934065936 0.14270833333333333 0.024175824175824177 0.10208333333333333
0 0.25934065934065936 0.259375 0.03076923076923077 0.10208333333333333
0 0.2945054945054945 0.12604166666666666 0.02197802197802198 0.10208333333333333
0 0.29010989010989013 0.24270833333333333 0.024175824175824177 0.09791666666666667
0 0.3554945054945055 0.128125 0.027472527472527472 0.11875
0 0.36043956043956044 0.2552083333333333 0.024175824175824177 0.10625
0 0.3269230769230769 0.24791666666666667 0.023076923076923078 0.1125
0 0.3945054945054945 0.13125 0.02197802197802198 0.10833333333333334
0 0.3994505494505495 0.25729166666666664 0.025274725274725275 0.09791666666666667
0 0.4368131868131868 0.26145833333333335 0.023076923076923078 0.11458333333333333
0 0.4725274725274725 0.253125 0.024175824175824177 0.11458333333333333
0 0.5054945054945055 0.259375 0.024175824175824177 0.10625
0 0.5016483516483516 0.12708333333333333 0.023076923076923078 0.0875
0 0.5434065934065934 0.12708333333333333 0.025274725274725275 0.1
0 0.6120879120879121 0.13020833333333334 0.02857142857142857 0.10625
0 0.6186813186813187 0.25104166666666666 0.02197802197802198 0.11875
0 0.6818681318681319 0.13229166666666667 0.031868131868131866 0.11458333333333333
0 0.7587912087912088 0.246875 0.031868131868131866 0.13541666666666666
0 0.7972527472527473 0.24791666666666667 0.027472527472527472 0.12916666666666668
0 0.8675824175824176 0.178125 0.04285714285714286 0.16875
0 0.932967032967033 0.234375 0.03296703296703297 0.13125
0 0.008791208791208791 0.39375 0.017582417582417582 0.041666666666666664
0 0.08461538461538462 0.46041666666666664 0.06373626373626373 0.05
0 0.1912087912087912 0.45729166666666665 0.05934065934065934 0.04791666666666667
0 0.28406593406593406 0.44895833333333335 0.038461538461538464 0.10208333333333333
0 0.32252747252747255 0.509375 0.025274725274725275 0.11041666666666666
0 0.2813186813186813 0.6604166666666667 0.026373626373626374 0.10416666666666667
0 0.1912087912087912 0.7291666666666666 0.05714285714285714 0.041666666666666664
0 0.32472527472527474 0.6479166666666667 0.023076923076923078 0.1125
0 0.3626373626373626 0.528125 0.02197802197802198 0.09791666666666667
0 0.39725274725274723 0.5447916666666667 0.023076923076923078 0.10208333333333333
0 0.3983516483516483 0.6614583333333334 0.023076923076923078 0.10208333333333333
0 0.4346153846153846 0.5260416666666666 0.025274725274725275 0.11041666666666666
0 0.43241758241758244 0.6510416666666666 0.025274725274725275 0.11875
0 0.46813186813186813 0.5177083333333333 0.024175824175824177 0.10625
0 0.5082417582417582 0.5197916666666667 0.023076923076923078 0.10208333333333333
0 0.5439560439560439 0.5270833333333333 0.02197802197802198 0.10833333333333334
0 0.5774725274725274 0.515625 0.023076923076923078 0.11041666666666666
0 0.6269230769230769 0.5208333333333334 0.023076923076923078 0.10833333333333334
0 0.47802197802197804 0.65 0.02857142857142857 0.13333333333333333
0 0.5131868131868131 0.6666666666666666 0.024175824175824177 0.1
0 0.5467032967032966 0.65625 0.023076923076923078 0.1125
0 0.5824175824175825 0.6666666666666666 0.024175824175824177 0.10833333333333334
0 0.6153846153846154 0.6708333333333333 0.024175824175824177 0.12083333333333333
0 0.6593406593406593 0.646875 0.024175824175824177 0.11875
0 0.6917582417582417 0.653125 0.023076923076923078 0.11041666666666666
0 0.7263736263736263 0.6614583333333334 0.024175824175824177 0.10625
0 0.7637362637362637 0.6479166666666667 0.026373626373626374 0.10833333333333334
0 0.7967032967032966 0.6520833333333333 0.024175824175824177 0.10416666666666667
0 0.9021978021978022 0.6385416666666667 0.035164835164835165 0.10625
0 0.8373626373626374 0.6427083333333333 0.026373626373626374 0.11875
0 0.04065934065934066 0.9041666666666667 0.03296703296703297 0.10416666666666667
0 0.07802197802197802 0.9145833333333333 0.03296703296703297 0.10833333333333334
0 0.15384615384615385 0.909375 0.02857142857142857 0.10625
0 0.18956043956043955 0.9166666666666666 0.025274725274725275 0.09583333333333334
0 0.22032967032967032 0.9229166666666667 0.02967032967032967 0.10416666666666667
0 0.2543956043956044 0.91875 0.031868131868131866 0.1125
0 0.29120879120879123 0.9197916666666667 0.02197802197802198 0.10208333333333333
0 0.32472527472527474 0.925 0.023076923076923078 0.1125
0 0.3648351648351648 0.915625 0.026373626373626374 0.11041666666666666
0 0.3967032967032967 0.9177083333333333 0.02197802197802198 0.08541666666666667
0 0.4340659340659341 0.9322916666666666 0.024175824175824177 0.11458333333333333
0 0.5082417582417582 0.9260416666666667 0.01868131868131868 0.08541666666666667
0 0.5412087912087912 0.903125 0.023076923076923078 0.10625
0 0.589010989010989 0.9072916666666667 0.024175824175824177 0.11041666666666666
0 0.6516483516483517 0.91875 0.024175824175824177 0.10416666666666667
0 0.9785714285714285 0.9791666666666666 0.031868131868131866 0.0375
0 0.9357142857142857 0.9833333333333333 0.03406593406593406 0.03333333333333333
0 0.7252747252747253 0.9875 0.024175824175824177 0.025
0 0.7587912087912088 0.9864583333333333 0.027472527472527472 0.027083333333333334
0 0.7978021978021979 0.9927083333333333 0.02197802197802198 0.014583333333333334
0 0.689010989010989 0.990625 0.02197802197802198 0.01875
0 0.6538461538461539 0.99375 0.01978021978021978 0.0125
0 0.6208791208791209 0.9947916666666666 0.02197802197802198 0.010416666666666666
0 0.582967032967033 0.9864583333333333 0.025274725274725275 0.027083333333333334
0 0.5417582417582417 0.984375 0.024175824175824177 0.027083333333333334
0 0.4703296703296703 0.99375 0.02197802197802198 0.008333333333333333
0 0.07857142857142857 0.9895833333333334 0.02967032967032967 0.016666666666666666
0 0.11593406593406594 0.9916666666666667 0.023076923076923078 0.0125
0 0.14725274725274726 0.9916666666666667 0.026373626373626374 0.0125
0 0.18186813186813186 0.9947916666666666 0.023076923076923078 0.010416666666666666
0 0.22417582417582418 0.9947916666666666 0.024175824175824177 0.010416666666666666
0 0.25824175824175827 0.9916666666666667 0.02197802197802198 0.016666666666666666
0 0.3659340659340659 0.990625 0.02857142857142857 0.01875
0 0.06318681318681318 0.009375 0.027472527472527472 0.01875
