0 0.0744357638888889 0.1545138888888889 0.038628472222222224 0.09259259259259259
0 0.1115451388888889 0.15538194444444445 0.036458333333333336 0.08275462962962964
0 0.1469184027777778 0.1545138888888889 0.032552083333333336 0.08217592592592593
0 0.18272569444444445 0.15162037037037038 0.03125 0.06828703703703703
0 0.036675347222222224 0.16261574074074073 0.037760416666666664 0.08333333333333333
0 0.011935763888888888 0.16319444444444445 0.023003472222222224 0.08217592592592593
0 0.07855902777777778 0.25202546296296297 0.07899305555555555 0.04456018518518518
0 0.020616319444444444 0.3382523148148148 0.04123263888888889 0.0954861111111111
0 0.057291666666666664 0.34519675925925924 0.044270833333333336 0.08622685185185185
0 0.09874131944444445 0.3428819444444444 0.04383680555555555 0.08391203703703703
0 0.13585069444444445 0.3449074074074074 0.043402777777777776 0.08796296296296297
0 0.1794704861111111 0.2482638888888889 0.07074652777777778 0.04050925925925926
0 0.17838541666666666 0.3359375 0.03732638888888889 0.08622685185185185
0 0.21940104166666666 0.33304398148148145 0.03689236111111111 0.08275462962962964
0 0.2612847222222222 0.3333333333333333 0.03211805555555555 0.08333333333333333
0 0.298828125 0.3333333333333333 0.03428819444444445 0.08449074074074074
0 0.3355034722222222 0.34346064814814814 0.036458333333333336 0.08854166666666667
0 0.3313802083333333 0.2416087962962963 0.07161458333333333 0.041087962962962965
0 0.4544270833333333 0.23697916666666666 0.07725694444444445 0.04224537037037037
0 0.3758680555555556 0.3385416666666667 0.036458333333333336 0.10069444444444445
0 0.4188368055555556 0.3463541666666667 0.03298611111111111 0.08391203703703703
0 0.4576822916666667 0.3472222222222222 0.032552083333333336 0.08333333333333333
0 0.4989149305555556 0.33998842592592593 0.029947916666666668 0.0943287037037037
0 0.5401475694444444 0.34519675925925924 0.029079861111111112 0.08969907407407407
0 0.5870225694444444 0.3871527777777778 0.029947916666666668 0.09722222222222222
0 0.6382378472222222 0.4713541666666667 0.08637152777777778 0.046875
0 0.6705729166666666 0.5633680555555556 0.033854166666666664 0.10011574074074074
0 0.6252170138888888 0.5558449074074074 0.029947916666666668 0.0931712962962963
0 0.5826822916666666 0.5584490740740741 0.03428819444444445 0.11342592592592593
0 0.5392795138888888 0.5659722222222222 0.03342013888888889 0.11226851851851852
0 0.4965277777777778 0.5567129629629629 0.035590277777777776 0.1087962962962963
0 0.4544270833333333 0.5517939814814815 0.03732638888888889 0.11053240740740741
0 0.4112413194444444 0.5671296296296297 0.03602430555555555 0.10416666666666667
0 0.3634982638888889 0.5616319444444444 0.03602430555555555 0.10011574074074074
0 0.3200954861111111 0.5512152777777778 0.029947916666666668 0.08969907407407407
0 0.2747395833333333 0.6032986111111112 0.03732638888888889 0.10590277777777778
0 0.2339409722222222 0.5549768518518519 0.035590277777777776 0.10416666666666667
0 0.19227430555555555 0.5543981481481481 0.043402777777777776 0.10532407407407407
0 0.150390625 0.5555555555555556 0.03689236111111111 0.10185185185185185
0 0.10633680555555555 0.5630787037037037 0.03993055555555555 0.09722222222222222
0 0.061848958333333336 0.5639467592592593 0.039496527777777776 0.10358796296296297
0 0.024522569444444444 0.5517939814814815 0.037760416666666664 0.08738425925925926
0 0.03146701388888889 0.41087962962962965 0.06293402777777778 0.04050925925925926
0 0.027777777777777776 0.46875 0.05555555555555555 0.04976851851851852
0 0.0032552083333333335 0.5326967592592593 0.006510416666666667 0.03993055555555555
0 0.06532118055555555 0.6817129629629629 0.0802951388888889 0.052083333333333336
0 0.18055555555555555 0.44386574074074076 0.07465277777777778 0.03587962962962963
0 0.24088541666666666 0.4652777777777778 0.029513888888888888 0.041666666666666664
0 0.3695746527777778 0.43373842592592593 0.07508680555555555 0.036458333333333336
0 0.3680555555555556 0.47453703703703703 0.0720486111111111 0.02546296296296296
0 0.17057291666666666 0.4820601851851852 0.0685763888888889 0.008101851851851851
0 0.09461805555555555 0.013599537037037037 0.029513888888888888 0.027199074074074073
0 0.22200520833333334 0.08304398148148148 0.06901041666666667 0.027199074074074073
0 0.2280815972222222 0.0546875 0.05946180555555555 0.031828703703703706
0 0.23350694444444445 0.0234375 0.059895833333333336 0.031828703703703706
0 0.23741319444444445 0.004629629629629629 0.050347222222222224 0.008101851851851851
0 0.2172309027777778 0.15306712962962962 0.030815972222222224 0.08275462962962964
0 0.2580295138888889 0.1574074074074074 0.04210069444444445 0.08217592592592593
0 0.2957899305555556 0.15248842592592593 0.031684027777777776 0.08391203703703703
0 0.330078125 0.16001157407407407 0.028211805555555556 0.08159722222222222
0 0.369140625 0.1519097222222222 0.028211805555555556 0.08159722222222222
0 0.4088541666666667 0.1519097222222222 0.030381944444444444 0.08506944444444445
0 0.4459635416666667 0.1495949074074074 0.029079861111111112 0.08391203703703703
0 0.482421875 0.15248842592592593 0.029079861111111112 0.08969907407407407
0 0.5203993055555556 0.14988425925925927 0.028645833333333332 0.09490740740740741
0 0.6024305555555556 0.15306712962962962 0.030381944444444444 0.08622685185185185
0 0.5616319444444444 0.1478587962962963 0.026909722222222224 0.08969907407407407
0 0.7124565972222222 0.1484375 0.05946180555555555 0.07002314814814815
0 0.7797309027777778 0.32407407407407407 0.07161458333333333 0.09259259259259259
0 0.8185763888888888 0.3582175925925926 0.06510416666666667 0.0787037037037037
0 0.8459201388888888 0.45167824074074076 0.078125 0.04224537037037037
0 0.8539496527777778 0.5052083333333334 0.0837673611111111 0.041666666666666664
0 0.8485243055555556 0.5622106481481481 0.07465277777777778 0.04224537037037037
0 0.8582899305555556 0.6195023148148148 0.07855902777777778 0.04224537037037037
0 0.8645833333333334 0.6710069444444444 0.09288194444444445 0.05150462962962963
0 0.9513888888888888 0.6316550925925926 0.043402777777777776 0.10127314814814815
0 0.6833767361111112 0.7060185185185185 0.0802951388888889 0.09953703703703703
0 0.7706163194444444 0.8179976851851852 0.04210069444444445 0.11400462962962964
0 0.4700520833333333 0.4369212962962963 0.0642361111111111 0.037037037037037035
0 0.4680989583333333 0.4756944444444444 0.07769097222222222 0.024305555555555556
0 0.9322916666666666 0.10532407407407407 0.07552083333333333 0.09375
0 0.5325520833333334 0.005787037037037037 0.029513888888888888 0.011574074074074073
