728 130 764 212 1
726 224 761 307 1
716 361 756 436 1
712 463 746 530 1
716 535 751 613 1
500 385 578 420 1
515 429 588 467 1
514 471 591 505 1
504 510 579 547 1
501 549 570 586 1
489 588 568 627 1
503 629 569 665 1
516 671 577 704 1
418 328 493 367 1
345 415 423 465 1
345 467 417 505 1
294 513 377 551 1
331 548 408 595 1
329 662 401 712 1
174 620 255 673 1
175 666 249 717 1
169 570 250 626 1
174 525 255 581 1
180 482 253 532 1
169 437 254 486 1
180 389 255 446 1
175 340 257 397 1
191 300 265 354 1
192 252 274 305 1
191 212 267 262 1
297 181 379 223 1
