804 430 840 508 1
807 348 844 427 1
888 339 926 424 1
850 429 884 508 1
885 426 923 510 1
926 437 962 518 1
699 155 731 235 1
609 154 663 233 1
757 152 792 237 1
818 149 851 226 1
602 297 683 334 1
595 358 673 395 1
598 474 677 510 1
592 590 679 626 1
591 645 681 682 1
588 703 669 719 1
796 610 832 687 1
838 612 874 677 1
881 613 914 689 1
918 616 949 679 1
847 340 884 420 1
969 340 1001 420 1
926 348 964 426 1
963 430 1002 512 1
870 158 911 242 1
934 165 973 241 1
1098 178 1134 252 1
989 165 1023 235 1
1152 175 1196 252 1
1200 177 1248 255 1
1245 170 1279 247 1
880 694 915 719 1
917 694 953 719 1
956 698 991 719 1
995 701 1030 719 1
1030 697 1069 719 1
1073 692 1111 719 1
1110 697 1145 719 1
1145 695 1184 719 1
1189 702 1228 719 1
1229 702 1263 719 1
1265 697 1279 719 1
1263 611 1279 683 1
1221 611 1269 692 1
1184 617 1226 689 1
1147 614 1184 689 1
1110 609 1147 688 1
1071 611 1108 688 1
1034 616 1069 689 1
994 604 1034 688 1
953 607 992 683 1
1193 523 1272 558 1
1003 437 1039 512 1
1004 342 1041 415 1
1042 346 1077 419 1
1077 350 1115 423 1
1040 432 1078 512 1
1077 437 1117 506 1
1118 432 1154 510 1
1155 441 1189 507 1
1191 434 1229 509 1
1229 433 1267 507 1
1268 445 1279 516 1
1263 355 1279 429 1
1227 354 1267 421 1
1191 349 1228 421 1
1153 347 1193 423 1
