858 448 894 526 1
861 366 898 445 1
942 357 980 442 1
904 447 938 526 1
753 173 785 253 1
811 170 846 255 1
850 628 886 705 1
892 630 928 695 1
935 631 968 707 1
972 634 1003 697 1
901 358 938 438 1
1023 358 1055 438 1
980 366 1018 444 1
1048 622 1088 706 1
1007 625 1046 701 1
1057 455 1093 530 1
1058 360 1095 433 1
1096 364 1131 437 1
1131 368 1169 441 1
1094 450 1132 530 1
1131 455 1171 524 1
1245 452 1278 527 1
663 174 719 253 1
648 665 737 703 1
651 608 738 648 1
657 494 734 529 1
649 380 728 415 1
657 318 736 354 1
867 168 904 248 1
924 179 962 260 1
986 184 1024 257 1
1042 183 1074 252 1
1148 194 1184 267 1
1204 191 1246 269 1
1248 194 1279 271 1
1203 363 1246 439 1
1246 364 1279 438 1
1248 538 1279 571 1
1088 631 1123 706 1
1124 626 1162 706 1
1164 624 1204 706 1
1201 628 1240 708 1
1241 634 1279 705 1
1203 709 1236 719 1
1168 711 1199 719 1
1130 707 1163 719 1
1086 710 1119 719 1
974 707 1008 719 1
934 709 970 719 1
1167 449 1208 526 1
1207 454 1244 523 1
978 453 1015 531 1
940 444 977 525 1
1015 447 1053 527 1
